label,weight,R_ue,R_mean,Eage,recE,rec_x,rec_y,rec_theta,rec_phi,trueE,NuW2,NpE3,NuM1,core_x,core_y,theta,model_score
14,1,-1.9188640925258476,47.69732791157137,1.1732823848724365,1.9960576295852661,-354.4422607421875,23.203514099121094,0.38566941022872925,1.1458951234817505,134218.890625,2.0876247882843018,572.6033935546875,6.902136325836182,22.080126743168954,351.7632409590972,0.38416704535484314,0.012337797
14,1,-1.5050524453383183,36.61940055528652,1.1952555179595947,1.996950626373291,-336.5210266113281,175.7095184326172,0.3835670053958893,1.1349281072616577,134218.890625,2.066530227661133,692.798583984375,21.65471839904785,174.89594718767438,333.10421804863904,0.38416704535484314,0.5544486
14,1,-1.0105468346627737,49.65141418390235,1.1948679685592651,1.9090220928192139,238.6553192138672,216.32373046875,0.42638397216796875,2.423612117767334,135206.96875,2.0178191661834717,481.18572998046875,46.9639892578125,219.27697885727446,-238.32841069756049,0.4259500503540039,0.0018344049
14,1,-0.8491879995184008,33.97657215697226,1.1962711811065674,1.9263972043991089,-50.56340408325195,-316.3744812011719,0.3479888439178467,4.574997901916504,116072.4453125,1.950614094734192,567.6307373046875,80.32992553710938,-316.72798444931396,52.40963489774643,0.35400742292404175,0.5363372
14,1,-1.1976102140866596,30.922898998214674,1.127751111984253,2.0084493160247803,-179.5840606689453,353.28619384765625,0.21577920019626617,0.11092225462198257,116367.515625,2.0237643718719482,699.4265747070312,44.37424087524414,351.93795408869016,176.11396543852922,0.21356292068958282,0.8659804
14,1,-1.0801626830536517,44.06996745989888,1.173305869102478,2.0745975971221924,-340.68756103515625,103.0497817993164,0.28945112228393555,3.3338623046875,139504.046875,2.1143925189971924,677.602783203125,56.33933639526367,106.37764807199629,340.7173322280056,0.28950077295303345,0.059707537
14,1,-1.068082768166695,47.102706092445736,1.188364863395691,1.8082455396652222,-81.32952117919922,359.7738342285156,0.4464472234249115,4.052950382232666,124621.8359375,1.9349207878112793,395.09564208984375,33.77677536010742,361.3756669355538,84.67671823532643,0.4481159448623657,0.0013608943
14,1,-0.7587418749325049,45.646756125165965,1.1056456565856934,1.8082455396652222,-263.1391296386719,-244.24546813964844,0.4461181163787842,4.585043430328369,111019.7421875,1.9370296001434326,387.2422790527344,67.49012756347656,-243.56333589213406,267.3135809707168,0.44754916429519653,0.0055263923
14,1,-1.1824388929759484,36.916746879682464,1.046278953552246,1.9469465017318726,162.49818420410156,385.9236755371094,0.3555225431919098,2.1462900638580322,127557.2734375,2.0243380069732666,579.5302124023438,38.07466125488281,385.654853555672,-166.0296899771741,0.35382747650146484,0.6433622
14,1,-1.0086963632514554,35.06591657484472,1.089501976966858,1.8251547813415527,-169.7384033203125,376.6705322265625,0.458892285823822,3.8834431171417236,119734.96875,1.9555808305740356,497.17529296875,48.731781005859375,377.9248000587502,171.04765568059918,0.4572972357273102,0.5564167
14,1,-1.2681203151898086,26.362208138490896,1.02298903465271,1.9469465017318726,268.4127502441406,-231.867431640625,0.3554794490337372,2.1725234985351562,127557.2734375,2.0224597454071045,869.0341186523438,46.87222671508789,-230.6972842037714,-270.49472793027485,0.35382747650146484,0.9257982
14,1,-1.0897609449670183,40.91433359984393,0.9945912957191467,1.8087443113327026,-215.89300537109375,264.7738037109375,0.45802658796310425,3.874539375305176,119734.96875,1.9393351078033447,442.63470458984375,35.998409271240234,268.14804000880775,219.07783590060387,0.4572972357273102,0.15576753
14,1,-1.0954514742632986,25.9887521705559,1.1588140726089478,1.8962382078170776,-324.80621337890625,171.51483154296875,0.3502410352230072,2.153326988220215,127557.2734375,2.002643585205078,856.3533325195312,68.73863220214844,173.36541702947744,321.41993309004187,0.35382747650146484,0.90028894
14,1,-1.0022740632409914,32.92105353720725,1.0746808052062988,2.0324790477752686,152.20765686035156,-377.6136169433594,0.3483535647392273,2.150571823120117,127557.2734375,2.0182993412017822,658.3609619140625,65.4921646118164,-375.73895313952534,-153.42553467822884,0.35382747650146484,0.8762792
14,1,-1.0404823098228055,47.46521739539047,1.117848515510559,1.8957582712173462,-367.026611328125,137.3541717529297,0.3201271593570709,1.7628003358840942,102648.46875,1.9608798027038574,395.9325866699219,36.06930160522461,138.3005975823908,365.85476816631046,0.3188246488571167,0.0043299845
14,1,-1.1090827085381392,41.438538827117455,1.0445209741592407,1.8555494546890259,-249.93605041503906,304.61944580078125,0.4879437983036041,1.307066798210144,140974.984375,2.018425703048706,527.864990234375,41.06190490722656,301.95367790236634,246.94012341429809,0.4856550097465515,0.1937103
14,1,-0.9874065554910937,27.741240227728433,1.136869192123413,1.8555494546890259,-284.3050842285156,-258.9909362792969,0.48913389444351196,1.2996288537979126,140974.984375,2.01890230178833,848.5413818359375,87.35061645507812,-260.6480675820922,278.1070715248268,0.4856550097465515,0.89445037
14,1,-1.0430566101731527,43.71521670807567,1.1713002920150757,1.879638671875,-44.50990295410156,355.6676025390625,0.31512293219566345,1.0659103393554688,119080.6640625,1.9602218866348267,456.787841796875,41.367271423339844,354.85468643541884,40.971589814840506,0.31673216819763184,0.010107991
14,1,-0.8843073034480711,46.4946597151706,1.1587793827056885,1.9124529361724854,49.31243896484375,378.0799560546875,0.3848523497581482,1.2135838270187378,120673.203125,1.998873233795166,472.3559265136719,61.654014587402344,377.219558757739,-55.51033304570627,0.38495469093322754,0.008422602
14,1,-0.8336522062217744,45.052119024530036,1.099973201751709,1.8902612924575806,309.0318603515625,-211.1754608154297,0.28508391976356506,3.894312620162964,114595.3046875,1.9554972648620605,461.79144287109375,67.73186492919922,-210.46549748065394,-306.0245188352373,0.28785744309425354,0.00784398
14,1,-1.3692202668003521,38.33540050711737,1.1901600360870361,2.010237216949463,-140.66233825683594,321.15972900390625,0.27239421010017395,3.489795207977295,157730.375,2.13275408744812,748.8851928710938,32.00321578979492,323.1923441403055,142.09056294912946,0.2702109217643738,0.23901495
14,1,-1.0803604990698963,38.9877305782432,1.146169662475586,1.9289675951004028,-299.6813049316406,-263.3987121582031,0.4910504221916199,1.2998708486557007,140974.984375,2.076993227005005,670.4125366210938,55.71611785888672,-264.6668679740884,295.53590909301835,0.4856550097465515,0.3838185
14,1,-1.3210157913810912,45.703414411772194,1.1393991708755493,2.035081624984741,-321.2221984863281,74.14187622070312,0.31448718905448914,1.069387674331665,119080.6640625,2.0578460693359375,516.041748046875,24.641508102416992,72.25506390286276,318.515069048793,0.31673216819763184,0.03967978
14,1,-1.2716272784252947,47.87246903660751,1.1220557689666748,2.0924153327941895,-281.347412109375,-219.76681518554688,0.5035080313682556,4.244663238525391,149204.453125,2.227104663848877,784.2103881835938,41.95698547363281,-218.7249713422925,286.63625617022916,0.5040147304534912,0.07650718
14,1,-0.9646729871701792,42.10831534013717,1.1775405406951904,1.8039511442184448,82.55024719238281,382.5738525390625,0.30167776346206665,3.116816759109497,102001.296875,1.83774733543396,344.20184326171875,37.33696746826172,383.4593332625942,-80.39590499230528,0.29973477125167847,0.0047079907
14,1,-0.8452225121816479,47.52234248205962,1.1101161241531372,1.8530467748641968,-344.3792724609375,-117.60465240478516,0.3423759341239929,0.6088878512382507,109758.1171875,1.9690723419189453,396.8824462890625,56.68114471435547,-119.8886837258258,341.9058549258727,0.3441835939884186,0.0037437503
14,1,-1.4533858750814612,27.12237161381741,1.16359543800354,1.8993401527404785,89.28541564941406,-325.4714050292969,0.3441387116909027,0.594923198223114,109758.1171875,1.9943921566009521,807.30712890625,28.42178726196289,-327.78039210623274,-89.31855035606124,0.3441835939884186,0.89347863
14,1,-1.046665399094317,48.77933657487992,1.1642528772354126,1.8447918891906738,364.10443115234375,-191.23165893554688,0.4081079959869385,4.254251480102539,105117.0703125,1.9644379615783691,414.43084716796875,37.22078323364258,-192.8338560780145,-358.86946777677343,0.40717312693595886,0.001118248
14,1,-1.3082647901873867,42.664015104842335,1.1904754638671875,1.9326080083847046,-323.0834655761719,183.71412658691406,0.3439997136592865,0.6011999845504761,109758.1171875,2.0062263011932373,528.0411987304688,25.965778350830078,180.90567662825268,321.19402435018554,0.3441835939884186,0.03308192
14,1,-1.267412354919598,47.961676076400316,1.1266452074050903,1.864137887954712,-340.0873107910156,61.2354621887207,0.3451867699623108,0.5860499739646912,109758.1171875,1.9645094871520996,425.9404296875,23.010953903198242,58.31925107341852,339.9288493183373,0.3441835939884186,0.0031260417
14,1,-1.1946640994631392,41.61675231749587,1.055879831314087,1.9249367713928223,-157.4945068359375,348.90716552734375,0.4140995442867279,4.7591872215271,126417.203125,2.050360918045044,570.2890625,36.42753219604492,348.48708546230046,158.76494905113904,0.4146212637424469,0.16498782
14,1,-1.0605761097505655,42.82773072370004,1.167033314704895,1.8930643796920776,-99.27435302734375,385.5617980957031,0.3132254183292389,5.124298095703125,132779.6875,1.9781283140182495,481.9695739746094,41.92204666137695,384.6997992411171,101.59583498929405,0.31161314249038696,0.010892979
14,1,-1.2187801635899485,46.52167267908926,1.063153862953186,1.9114750623703003,-215.76377868652344,249.4381103515625,0.3094141185283661,5.130830764770508,132779.6875,1.9821091890335083,431.31866455078125,26.06252098083496,248.658882928809,217.45056845412677,0.31161314249038696,0.0082461145
14,1,-1.2518809110411908,35.400130165313804,0.9184162616729736,1.9497032165527344,-175.13214111328125,-311.31646728515625,0.28821709752082825,1.780252456665039,105528.4453125,1.9787250757217407,529.0639038085938,29.62277603149414,-309.91489180627775,174.01595556211024,0.2931593060493469,0.8325507
14,1,-1.196666901619982,47.14686171061546,1.1240720748901367,1.96408212184906,-18.01801872253418,375.36163330078125,0.4142935574054718,4.7577128410339355,126417.203125,2.072087526321411,552.6207885742188,35.13654708862305,374.22013608824165,22.925024746937478,0.4146212637424469,0.013348765
14,1,-1.271855115105244,46.25252377943117,1.1503496170043945,1.9665193557739258,-11.646495819091797,-405.68798828125,0.3126988708972931,5.116576194763184,132779.6875,2.0082712173461914,462.89544677734375,24.752897262573242,-408.32055626722814,14.481524953297455,0.31161314249038696,0.0075456626
14,1,-1.0599903272222457,47.94415303502497,1.1436545848846436,2.060241222381592,-326.70025634765625,-226.15733337402344,0.41142401099205017,4.760904788970947,126417.203125,2.0695419311523438,507.7615051269531,44.22506332397461,-226.16696538565049,329.22565438451153,0.4146212637424469,0.02411008
14,1,-1.223447636598851,42.555540413514976,1.1120823621749878,1.9714796543121338,325.9000549316406,-260.1271667480469,0.2911107540130615,1.8067256212234497,105528.4453125,1.9912221431732178,477.14599609375,28.523454666137695,-260.5726912342663,-327.886630780251,0.2931593060493469,0.07511509
14,1,-1.4463425477717162,47.93737511756724,1.1708643436431885,1.9292449951171875,-269.03338623046875,-200.74246215820312,0.4147816002368927,4.75369119644165,126417.203125,2.0209107398986816,459.8377380371094,16.453542709350586,-202.95963246936876,271.40032693792716,0.4146212637424469,0.003946462
14,1,-1.3001088397189888,41.2160873024877,1.0426955223083496,1.9598053693771362,-350.65087890625,210.17062377929688,0.41153281927108765,4.7624711990356445,126417.203125,1.9992825984954834,503.7087097167969,25.238811492919922,208.81661703228474,356.1966724439376,0.4146212637424469,0.27909106
14,1,-0.9120220848205091,30.465009254579293,1.0783644914627075,1.9762541055679321,-355.2693176269531,129.1800537109375,0.292362242937088,1.7820544242858887,105528.4453125,2.018392562866211,689.3086547851562,84.40946197509766,129.27224647020822,353.31898169206505,0.2931593060493469,0.8871192
14,1,-0.963294506276415,42.597152950738014,1.1812585592269897,1.9332515001296997,63.159549713134766,-398.0897216796875,0.30944570899009705,5.116724967956543,132779.6875,1.9882543087005615,496.6828918457031,54.04853057861328,-401.20900487073465,-60.42957395924075,0.31161314249038696,0.0172169
14,1,-1.0743815258873903,36.824873241822175,1.1856887340545654,1.8837049007415771,-12.628633499145508,-416.2030944824219,0.30674999952316284,5.134608745574951,132779.6875,1.9377492666244507,447.0399169921875,37.6672248840332,-418.146880754005,14.678406337666058,0.31161314249038696,0.12780085
14,1,-1.3800526497845758,43.47353426615947,1.1213417053222656,1.983239769935608,-151.9575653076172,-335.02813720703125,0.29265573620796204,1.7705142498016357,105528.4453125,2.0215823650360107,535.434326171875,22.317811965942383,-334.6898247039858,149.64293804231494,0.2931593060493469,0.053810228
14,1,-1.0119370309848499,35.205120681068195,1.1552815437316895,1.9632072448730469,364.6295471191406,98.39434814453125,0.4156574606895447,4.6785502433776855,155609.84375,2.1154582500457764,810.2382202148438,78.8270263671875,99.1295150429758,-359.7269458165148,0.42053475975990295,0.6501084
14,1,-1.314701707351773,33.44777730545677,0.9459190368652344,1.8794528245925903,-316.6385803222656,203.23497009277344,0.47155579924583435,4.914555549621582,128631.125,2.010892629623413,670.92822265625,32.506710052490234,199.9505165187019,322.9864603529305,0.47229719161987305,0.8616657
14,1,-1.0273219124480912,39.271890948059614,1.0418299436569214,1.860205888748169,-77.35736846923828,-386.0087890625,0.22992411255836487,5.033924579620361,123083.71875,1.8664354085922241,386.67950439453125,36.310150146484375,-388.89427792667374,81.77063627875683,0.2262645810842514,0.08352815
14,1,-1.3021208487217928,40.81191389261253,1.09562087059021,1.973875880241394,32.61676025390625,369.8546142578125,0.5075384378433228,5.6421356201171875,130368.2578125,2.1270644664764404,696.782470703125,34.751625061035156,363.7778755746089,-29.09726938224568,0.5084166526794434,0.3407709
14,1,-0.9020682539904139,47.297234749892304,1.1956119537353516,1.9173457622528076,260.7998046875,305.5390930175781,0.335623562335968,1.8361949920654297,143802.359375,1.9909642934799194,451.49615478515625,56.56985092163086,308.0006323831698,-260.5962838375324,0.33633917570114136,0.0029511813
14,1,-1.099256982968698,42.49743699581443,1.187538504600525,1.889822244644165,303.4991760253906,109.52705383300781,0.4926212430000305,1.3901187181472778,145282.28125,2.0511608123779297,586.6981811523438,46.68279266357422,105.7909713820062,-304.4439152644745,0.49490776658058167,0.051360864
14,1,-0.881262890496369,25.952280491465135,1.190722107887268,1.9174531698226929,-307.0914306640625,-257.00286865234375,0.5212365984916687,4.415170192718506,153093.90625,2.120183229446411,1049.694580078125,137.97479248046875,-256.9508402868893,312.50080315651826,0.5274756550788879,0.901587
14,1,-1.04245547498763,47.88804358825774,1.1731568574905396,1.868228793144226,-107.02281188964844,-370.92633056640625,0.43494275212287903,5.801371097564697,114092.03125,1.9909236431121826,429.4941101074219,38.94938659667969,-374.5978574514382,110.20648776892635,0.440468966960907,0.0018872162
14,1,-1.0114127640364028,43.45387434858202,1.1587629318237305,1.8441416025161743,257.5191345214844,306.36553955078125,0.23378829658031464,4.1824541091918945,150739.75,1.8767060041427612,342.4447021484375,33.35618591308594,306.45433081003824,-254.4907441731556,0.23430879414081573,0.0029589662
14,1,-1.3249153182804183,39.436488808317385,1.1657203435897827,1.8464523553848267,-10.065034866333008,412.1523742675781,0.4349517822265625,2.8261284828186035,123365.421875,1.9800832271575928,494.7762451171875,23.414865493774414,417.12605275411033,11.764043343828773,0.4298683702945709,0.08825913
14,1,-1.1030354536905338,37.57107190574563,1.1253219842910767,1.8441416025161743,-144.09951782226562,-308.29669189453125,0.23726850748062134,4.1910080909729,150739.75,1.8757307529449463,431.49713134765625,34.03620910644531,-307.11489580238543,148.89217463874462,0.23430879414081573,0.07326862
14,1,-1.096533767149271,44.455457423876595,1.172033429145813,1.8410543203353882,-362.653076171875,188.7616424560547,0.4247561991214752,1.963493824005127,107980.421875,1.9378678798675537,425.2754821777344,34.05142593383789,189.99698293983818,360.09812629007274,0.4245375096797943,0.008248158
14,1,-0.951621340710932,43.90091221098721,1.1868802309036255,1.8932074308395386,-382.8540954589844,166.15208435058594,0.3244436979293823,1.6955794095993042,121864.296875,1.9898583889007568,459.3731994628906,51.35035705566406,166.04235786974934,381.43577693892826,0.32526925206184387,0.009130304
14,1,-1.0449809618427568,35.926344941469374,1.149483561515808,2.034940004348755,317.13604736328125,-139.92874145507812,0.37611010670661926,3.171870470046997,128888.0703125,2.073759078979492,675.947021484375,60.94400405883789,-137.39574072283284,-316.3949497649513,0.3773176670074463,0.7171433
14,1,-1.1329770117065985,42.48087021274268,1.1990375518798828,1.8206638097763062,362.7874450683594,-76.36856842041016,0.4756283760070801,2.052014112472534,111111.484375,1.9593194723129272,463.01507568359375,34.089202880859375,-74.6084446404964,-369.0653073866579,0.47620880603790283,0.015800074
14,1,-0.8283127962208819,47.804184151732905,1.1835187673568726,1.9642192125320435,137.28761291503906,-332.2725524902344,0.37567463517189026,3.172663688659668,128888.0703125,2.0058200359344482,456.11358642578125,67.72664642333984,-332.63280296298916,-137.85399730160853,0.3773176670074463,0.005263238
14,1,-1.3168080036228673,44.60872648791262,1.1532930135726929,1.840411901473999,280.95733642578125,-155.2373809814453,0.36007359623908997,1.5317981243133545,115004.4609375,1.932761549949646,418.97662353515625,20.20131492614746,-154.82281130891423,-280.90784627945965,0.35865211486816406,0.0064299693
14,1,-1.502345525847286,42.938518284915354,1.1678838729858398,1.9110878705978394,-334.87493896484375,132.5845489501953,0.46775639057159424,6.233832836151123,153895.84375,2.0341055393218994,559.2650146484375,17.59015464782715,127.84287654140974,333.74196537396296,0.4673459231853485,0.033210017
14,1,-1.1371524855319914,39.69966092487571,1.0433077812194824,1.9023640155792236,335.5865783691406,-134.9430389404297,0.34730106592178345,5.599030017852783,101730.2578125,1.9051576852798462,402.7191162109375,29.366235733032227,-137.34712357147,-333.31790841694664,0.35243332386016846,0.20022567
14,1,-0.9839158910011643,44.33640332113652,1.1863504648208618,1.8799941539764404,265.3501281738281,319.47808837890625,0.4079386591911316,3.2076025009155273,116418.8203125,1.9915279150009155,432.8614196777344,44.9192008972168,322.9502253557693,-266.04833810374384,0.4068252146244049,0.009277962
14,1,-1.2085307420360754,31.193809719393357,1.1894629001617432,1.8246439695358276,-260.72174072265625,-200.83851623535156,0.47790729999542236,2.056410551071167,111111.484375,1.948189377784729,635.577392578125,39.32209014892578,-197.22288791355328,258.1387734542196,0.47620880603790283,0.752875
14,1,-0.9485743238980254,46.396399628466696,1.1941351890563965,1.9681850671768188,-41.79890060424805,380.4095764160156,0.3263365924358368,1.698465347290039,121864.296875,2.03090500831604,519.623779296875,58.494354248046875,381.0087663136548,37.84927431271696,0.32526925206184387,0.0076992894
14,1,-1.421596020652999,30.06601438170434,1.0833616256713867,1.8098424673080444,-175.16580200195312,303.73248291015625,0.3542362153530121,5.611815929412842,101730.2578125,1.9019805192947388,558.7362060546875,21.164535522460938,301.75854793226046,176.69698213668676,0.35243332386016846,0.78686875
14,1,-1.255654158442089,40.06285488021728,1.1038044691085815,1.8394701480865479,31.00212860107422,-418.3491516113281,0.37450483441352844,0.24765603244304657,112496.7265625,1.944145917892456,469.5575256347656,26.063514709472656,-424.89171123561715,-31.54237091590762,0.3744296431541443,0.10292559
14,1,-0.8210441156428117,48.360364114554145,1.10849130153656,1.9341752529144287,-232.69337463378906,-310.9619140625,0.2840423285961151,5.922587871551514,115657.40625,1.9944403171539307,441.36627197265625,66.64297485351562,-311.75638795849596,233.39254999627227,0.2856909930706024,0.002532737
14,1,-0.981225437743579,45.23763642454781,1.1774746179580688,2.0471105575561523,312.8984375,226.8525390625,0.21247659623622894,1.254211187362671,148255.171875,2.128268241882324,654.623779296875,68.35427856445312,226.16748872053827,-312.1892718868956,0.21211381256580353,0.019760912
14,1,-0.9668704649022302,46.54961668637331,1.1596829891204834,1.9931310415267944,-342.2725524902344,31.37299919128418,0.3204800486564636,1.2145074605941772,125101.7578125,2.0092973709106445,462.9001159667969,49.95925521850586,30.492303719709884,341.03673005521074,0.32094648480415344,0.014308091
14,1,-1.1578394545034922,41.424454224705265,1.16452157497406,1.9033464193344116,21.94464111328125,-352.9748229980469,0.29985687136650085,2.3613662719726562,134840.953125,1.9964371919631958,521.2476196289062,36.24127197265625,-349.3050924504224,-24.638824985651034,0.2965715825557709,0.031509183
14,1,-1.3057916083950518,29.0211369488657,1.016542911529541,2.0302841663360596,-298.1258850097656,-247.46478271484375,0.3693198561668396,5.573124408721924,144641.40625,2.087083339691162,863.0023803710938,42.67950439453125,-251.47347811215081,300.8664544315573,0.36630675196647644,0.91275436
14,1,-0.7396516449553339,46.601047372885716,1.172149896621704,1.8066579103469849,395.9051818847656,52.55574035644531,0.37178242206573486,0.2528160810470581,112496.7265625,1.9173896312713623,381.586181640625,69.49288940429688,47.125204889658,-397.8981485815347,0.3744296431541443,0.0020470894
14,1,-1.0138790170097758,40.25725829882799,1.0801293849945068,1.8722565174102783,362.1060485839844,-179.21473693847656,0.20655153691768646,3.1505842208862305,113338.015625,1.9374966621398926,433.1786804199219,41.955318450927734,-175.99653419892553,-360.35945316333334,0.2032678723335266,0.043593876
14,1,-1.152437119058273,45.039860914488294,1.1443581581115723,1.826481580734253,-53.30271911621094,389.3683166503906,0.4247715473175049,0.09576626121997833,139841.203125,1.9506664276123047,441.5288391113281,31.08283042907715,386.15479268920916,51.39015936932374,0.43066105246543884,0.009436415
14,1,-1.2062524296519104,43.23245600512355,1.1428334712982178,2.0436761379241943,-185.00389099121094,317.2051696777344,0.3631454110145569,2.5081613063812256,119764.7734375,2.0767087936401367,595.8560791015625,37.058494567871094,318.89904559885946,182.24482924885544,0.3624350428581238,0.13062628
14,1,-0.8725705683671976,46.256195861914144,1.1820735931396484,1.857386827468872,168.3037872314453,-334.0104064941406,0.2144090235233307,5.3888444900512695,121787.4765625,1.9172987937927246,386.5934753417969,51.8421630859375,-336.6738578426578,-165.11119217550038,0.21458947658538818,0.0006657711
14,1,-1.4391587351734403,42.63125414185301,1.1298679113388062,1.9769623279571533,158.80943298339844,-345.69390869140625,0.4145846664905548,4.995221138000488,149395.515625,2.092454433441162,625.7677612304688,22.76420783996582,-347.00500948272537,-154.45951466604845,0.41804707050323486,0.09767502
14,1,-0.9459630874991755,47.790453113942384,1.1567670106887817,1.9067435264587402,292.8201599121094,-286.330322265625,0.44449567794799805,1.4388872385025024,121109.6953125,2.022129535675049,467.3725891113281,52.9296875,-288.13597736241536,-297.07445738997615,0.4420914053916931,0.006788167
14,1,-1.0513336230425683,47.727484432521614,1.1684709787368774,1.8965152502059937,-390.2367858886719,37.073158264160156,0.38209283351898193,2.3254764080047607,100362.4921875,1.9980711936950684,439.2976379394531,39.03229904174805,41.24005848886111,390.89743516304407,0.38225746154785156,0.0032360095
14,1,-0.8630912281874336,45.46628270590122,1.1570459604263306,1.9160077571868896,400.1827392578125,84.65193939208984,0.4276883006095886,1.1644667387008667,131862.28125,2.0257043838500977,514.7682495117188,70.55371856689453,84.04367296834374,-404.6055222837042,0.42856934666633606,0.018172098
14,1,-0.4138115327835571,45.581571027903145,1.1227965354919434,1.9081484079360962,15.984029769897461,373.9541931152344,0.44173669815063477,1.4388518333435059,121109.6953125,2.0416176319122314,542.1134643554688,209.06361389160156,371.80169947837,-19.98447673051155,0.4420914053916931,0.023494449
14,1,-0.8165409822861114,34.432479798693024,1.0906977653503418,1.9440337419509888,163.2272186279297,379.7479248046875,0.3884439766407013,3.66261887550354,141088.140625,2.046217441558838,664.7962036132812,101.42549133300781,382.01173850875074,-161.75406889990725,0.3850257694721222,0.75555104
14,1,-1.3739357829809689,41.402211983497644,1.1334172487258911,2.0975048542022705,310.1733093261719,-239.06752014160156,0.2278946042060852,5.7785539627075195,156987.625,2.1223156452178955,725.2055053710938,30.656593322753906,-241.69259385551592,-308.97070618768817,0.22829461097717285,0.17801566
14,1,-1.124404919363926,48.316629535350316,1.1560932397842407,2.000967025756836,216.0377655029297,285.0787353515625,0.422338604927063,6.0939860343933105,159035.234375,2.057243585586548,515.9403076171875,38.74301528930664,282.9179005401763,-217.05928702440022,0.4188677966594696,0.008504509
14,1,-1.2273911625065075,47.70293724662449,1.1277732849121094,1.8765007257461548,-128.41085815429688,-296.10772705078125,0.44669079780578613,1.5032176971435547,100355.15625,1.9212263822555542,377.2132873535156,22.34569549560547,-296.7509137363646,125.52234524327886,0.4464239478111267,0.0065944837
14,1,-0.8407934857089672,36.73629641511749,0.9725293517112732,1.887046456336975,298.3825988769531,-181.1663818359375,0.320402592420578,0.8166120648384094,109969.96875,1.951865553855896,507.8609313964844,73.27413940429688,-183.81074882965888,-300.87464444329515,0.3150074779987335,0.65032876
14,1,-0.9928001288257322,36.118943466362175,1.0713846683502197,1.8244638442993164,214.34780883789062,324.8764343261719,0.36139658093452454,4.267343521118164,126895.0234375,1.974780559539795,492.283935546875,50.05121994018555,324.7221225568914,-211.49817653268695,0.3621237874031067,0.3429485
14,1,-0.7412297531591194,41.638577453096545,1.1157077550888062,1.9021753072738647,267.8589172363281,213.4374237060547,0.235614612698555,1.189185619354248,141850.984375,1.902159333229065,406.36083984375,73.736328125,211.98005492105332,-269.61891857473825,0.23142705857753754,0.03569245
14,1,-1.0505163426735957,48.4918522538165,1.1946113109588623,1.984715223312378,176.16465759277344,295.0241394042969,0.41980138421058655,6.098478317260742,159035.234375,2.08207368850708,560.3434448242188,49.881221771240234,289.81916539522916,-176.42194363478774,0.4188677966594696,0.004348142
14,1,-1.175403474921431,44.72564219028326,1.0912160873413086,1.8063225746154785,-225.26780700683594,-263.5781555175781,0.4423806369304657,1.4980289936065674,100355.15625,1.9595125913619995,446.2550354003906,29.797388076782227,-265.1884706775499,221.8825812618457,0.4464239478111267,0.013478253
14,1,-1.08962409978256,38.097390102917544,1.182202935218811,1.8482097387313843,222.92703247070312,-354.6858215332031,0.2672877609729767,4.1012864112854,100469.328125,1.834631085395813,365.36859130859375,29.72389030456543,-352.69814183272086,-222.95299505823272,0.2677514851093292,0.039271947
14,1,-1.4661873303983703,35.93571582924879,0.99937504529953,1.8632473945617676,-250.0211944580078,303.5545959472656,0.3815494179725647,3.663249969482422,141088.140625,1.9942535161972046,584.0917358398438,19.966022491455078,305.66272889078334,252.71029802851638,0.3850257694721222,0.64173174
14,1,-1.3012996152088019,46.08218091643257,1.1994707584381104,1.8115285634994507,-65.3932113647461,-313.48858642578125,0.43385010957717896,0.5508406758308411,107742.4921875,1.9678449630737305,465.0915222167969,23.24004364013672,-317.1531426683133,64.5646431776097,0.430512398481369,0.002853267
14,1,-0.8729255240077959,35.62631775570566,0.9875658750534058,1.8564554452896118,304.8609924316406,129.39390563964844,0.31791529059410095,0.8230416774749756,109969.96875,1.9309602975845337,458.0546875,61.374942779541016,123.81841603596736,-308.03397652482647,0.3150074779987335,0.6585028
14,1,-1.0924289370903955,39.94731062741903,1.1327836513519287,1.9526312351226807,-101.7695083618164,-343.62255859375,0.4294409155845642,0.49116989970207214,159062.140625,2.1067209243774414,729.2733764648438,58.946861267089844,-346.924711362365,99.06649752025027,0.4273580014705658,0.3132388
14,1,-1.0211673317423635,44.02260081342267,1.1321721076965332,1.984715223312378,345.60675048828125,-228.81520080566406,0.4200824201107025,6.085614204406738,159035.234375,2.0768516063690186,571.2855224609375,54.410797119140625,-232.48211751977786,-344.6933736078857,0.4188677966594696,0.0535978
14,1,-0.844530565900172,39.116126925479485,1.0959053039550781,2.0434093475341797,-33.85978317260742,347.8655090332031,0.413248211145401,5.323283672332764,120373.171875,2.090090274810791,689.351318359375,98.607421875,344.610890265739,37.976518223554486,0.4195614755153656,0.5569934
14,1,-1.246936022213331,38.38376046983273,1.1714673042297363,1.9986412525177002,4.582612037658691,400.9086608886719,0.3183296322822571,2.119079351425171,121530.8671875,2.0943641662597656,705.2716674804688,39.941036224365234,401.4677876090726,-5.767919018978168,0.31631702184677124,0.3267589
14,1,-0.8931777588198969,48.2257569857372,1.1738837957382202,1.898378849029541,67.26693725585938,-319.8248596191406,0.2546825706958771,1.473893165588379,105633.5859375,1.901968002319336,373.7335510253906,47.79510498046875,-318.16548554694447,-71.40602219499888,0.2579595446586609,0.0012999927
14,1,-1.1554661109435602,41.09215203880391,1.136372685432434,1.896061658859253,309.5294189453125,-171.8115234375,0.23954319953918457,2.889953851699829,111837.5078125,1.9356544017791748,446.6401672363281,31.224124908447266,-171.86232876442966,-311.18444273713015,0.2369406670331955,0.0280865
14,1,-1.0734132717258684,48.13015723822712,1.150956392288208,1.9551423788070679,-47.42128372192383,-356.2711486816406,0.5121304988861084,2.657477617263794,114607.3046875,2.0626800060272217,533.3229370117188,45.037681579589844,-352.01153789224645,46.36635565743053,0.5106855034828186,0.014525392
14,1,-1.0314438720649672,44.38167103463405,1.1908377408981323,1.9974735975265503,394.4779052734375,-67.03995513916016,0.25210922956466675,1.028117060661316,156147.4375,2.049307107925415,547.5348510742188,50.929222106933594,-69.25689678564765,-395.95417761513335,0.2511117458343506,0.018002607
14,1,-1.0636096895601879,45.899876958377554,1.156577229499817,1.9598309993743896,399.6833801269531,-106.70503997802734,0.32588255405426025,0.9103631377220154,124425.8984375,2.0406901836395264,509.28253173828125,43.98940658569336,-107.46322317986797,-401.69519461681506,0.3276834487915039,0.013950332
14,1,-0.904866098235268,42.18439544195763,1.1536431312561035,1.8434957265853882,396.1641845703125,29.878677368164062,0.2386738657951355,2.899193286895752,111837.5078125,1.9196975231170654,405.4093322753906,50.469242095947266,33.43166367575442,-395.02774253175005,0.2369406670331955,0.006732182
14,1,-1.2468947592812776,40.644670184005875,1.160258173942566,1.9714447259902954,-293.937255859375,284.7298583984375,0.3285047113895416,0.8992844223976135,124425.8984375,2.0249850749969482,558.6011962890625,31.637760162353516,283.81971086706454,292.65916076641344,0.3276834487915039,0.14411975
14,1,-1.3440466082710536,39.00825128977969,1.1965904235839844,1.8273553848266602,-358.80633544921875,-106.4435043334961,0.21904145181179047,1.8927210569381714,107508.265625,1.8345410823822021,400.9736633300781,18.15795135498047,-106.29782867306083,357.93511847740865,0.21893709897994995,0.014526819
14,1,-1.0695270707991518,40.60225607903121,1.1799060106277466,2.0018556118011475,4.438460350036621,-329.485595703125,0.36483877897262573,4.798573970794678,113805.78125,2.017364263534546,533.9061889648438,45.4921989440918,-330.75837987363525,1.3425249330631994,0.36535462737083435,0.14384772
14,1,-0.9661791914265938,42.90483914879353,1.1380693912506104,2.0878794193267822,336.5146484375,64.73711395263672,0.19950848817825317,3.979133367538452,142438.625,2.0884125232696533,569.8406372070312,61.59897994995117,65.38949449996048,-334.8596872995025,0.19840599596500397,0.08658907
14,1,-0.9602853753008599,48.19453646893874,1.172944188117981,2.0041403770446777,330.2409973144531,58.646217346191406,0.21518613398075104,5.427990913391113,147401.4375,2.047415256500244,507.8257141113281,55.64530563354492,56.7155734986724,-326.9493135654663,0.21537292003631592,0.00219903
14,1,-1.2114521858259109,32.05249148883818,1.090505599975586,2.0623512268066406,41.88801956176758,-416.8368835449219,0.44662490487098694,4.637714862823486,151985.890625,2.094480037689209,756.2950439453125,46.47700500488281,-415.97267567209985,-36.73859951373583,0.44384750723838806,0.89396924
14,1,-1.0851830559907734,48.033852469296995,1.1823649406433105,1.817389726638794,-339.3093566894531,-161.11654663085938,0.43410617113113403,5.6079230308532715,106201.4609375,1.9315391778945923,377.3319396972656,31.012666702270508,-165.4589509917055,342.0375049780751,0.43152815103530884,0.00088297273
14,1,-1.2505559549863603,37.197993232352616,0.9677218794822693,2.0019333362579346,305.0729064941406,-152.19090270996094,0.4371184706687927,4.645634174346924,151985.890625,2.070251703262329,659.85107421875,37.0585823059082,-152.71602127145678,-301.238024110577,0.44384750723838806,0.8090127
14,1,-1.081694041610813,27.374519830833247,1.1630691289901733,1.9743177890777588,38.44394302368164,363.5088806152344,0.34459811449050903,1.603114366531372,134736.09375,2.0342228412628174,861.265869140625,71.35798645019531,362.4972827141617,-42.46038184371345,0.3436127007007599,0.9035805
14,1,-1.0657002109137381,44.410364633513865,1.0661017894744873,1.9753623008728027,337.5429992675781,108.24143981933594,0.5025818943977356,6.086401462554932,136336.6875,2.060260534286499,545.4782104492188,46.88957214355469,103.36514168586153,-337.3885748938172,0.5048505067825317,0.11987466
14,1,-1.1580324877201948,36.56723101385677,0.9568609595298767,1.9063735008239746,-227.16629028320312,253.21759033203125,0.44178783893585205,4.656838417053223,151985.890625,2.048170328140259,606.0136108398438,42.11616897583008,251.79863700539397,231.43894303822097,0.44384750723838806,0.7532096
14,1,-1.340994748736956,37.1179759390122,1.167657732963562,1.9530975818634033,-203.4903564453125,309.2746887207031,0.34075966477394104,1.6123275756835938,134736.09375,2.046726703643799,654.3570556640625,29.841358184814453,310.8262507311697,201.4684481981583,0.3436127007007599,0.39059815
14,1,-1.11158374418349,39.09085530080318,1.050901174545288,2.021243095397949,317.7117919921875,-117.71550750732422,0.2453765720129013,2.078021287918091,140879.921875,2.0403358936309814,572.9279174804688,44.311378479003906,-116.90045651196016,-317.53795278489724,0.24500447511672974,0.46767855
14,1,-1.1499537636813564,37.768634506160474,1.1535667181015015,2.016141653060913,301.8382263183594,-276.0596923828125,0.3132743239402771,0.5106830596923828,151312.421875,2.133521556854248,761.728271484375,53.9318733215332,-281.2839152400724,-303.6092441020392,0.31007203459739685,0.495027
14,1,-1.1416926578650861,33.596333659908986,1.0341817140579224,1.8571183681488037,54.41504669189453,413.2142333984375,0.38908571004867554,5.293804168701172,117083.421875,1.9701721668243408,568.5428466796875,41.026973724365234,412.3563594014891,-54.542540200592676,0.39234334230422974,0.729701
14,1,-1.1405035128370307,45.18910558408701,1.1365197896957397,2.0161640644073486,-313.2694091796875,157.97265625,0.3083015978336334,0.5218271613121033,151312.421875,2.115288734436035,609.5713500976562,44.108272552490234,157.0453520641739,313.2339186414775,0.31007203459739685,0.04179802
14,1,-0.8399636484026352,35.15712001414412,1.1430034637451172,1.7992318868637085,-154.3807830810547,-306.02874755859375,0.39409056305885315,5.303764820098877,117083.421875,1.9454156160354614,538.9989013671875,77.91546630859375,-309.8069968263439,156.80137215822913,0.39234334230422974,0.24429055
14,1,-1.1511973765418488,39.883445762120786,1.1647591590881348,1.9937940835952759,-169.00474548339844,-382.65679931640625,0.4151168465614319,5.28768253326416,133732.3125,2.0676422119140625,617.4934692382812,43.594730377197266,-385.02606001024475,172.41958580383917,0.41545605659484863,0.24139318
14,1,-1.692515896470045,33.940093716704695,1.1778714656829834,1.9170563220977783,313.42120361328125,264.1769714355469,0.502062976360321,6.104824542999268,128731.6484375,2.0871031284332275,772.07421875,15.672575950622559,259.615396672229,-313.41766556456713,0.49985671043395996,0.67807096
14,1,-1.8132483409396092,31.764907227210106,1.1896765232086182,1.8557838201522827,124.48977661132812,318.1355895996094,0.40405067801475525,3.273629903793335,122118.625,1.8659003973007202,518.1124877929688,7.964715480804443,321.6815588931897,-123.77220969264053,0.4053710401058197,0.6893883
14,1,-1.9731892232309676,39.949456581090516,1.1457234621047974,1.8570213317871094,-361.7450256347656,34.15787124633789,0.3356015086174011,5.193333625793457,107894.1875,1.941806674003601,439.8641052246094,4.678644180297852,32.03438318856522,364.5317584772327,0.3325059115886688,0.038577292
14,1,-0.6831740329072958,47.753548362994025,1.1968716382980347,1.8283995389938354,165.38365173339844,-333.49200439453125,0.3379361629486084,5.21282434463501,107894.1875,1.9451944828033447,427.20172119140625,88.60504913330078,-336.4327496603223,-163.89339163044576,0.3325059115886688,0.00053592125
14,1,-1.1269590013047477,45.58335906662828,1.1654623746871948,1.8993401527404785,211.3334503173828,-339.1367492675781,0.3433307409286499,5.247049331665039,123244.03125,1.987744927406311,442.5294189453125,33.03557205200195,-344.5488438195409,-208.0970677498148,0.34459128975868225,0.0043874197
14,1,-1.0515233626934137,40.501108892896454,1.1502386331558228,1.9551423788070679,12.120942115783691,382.21343994140625,0.512164831161499,5.689594745635986,112783.65625,2.0619306564331055,609.789794921875,54.15717315673828,377.62081895816846,-7.8797435397689215,0.512438952922821,0.23302162
14,1,-1.2362805726236743,46.97269186563487,1.1133766174316406,2.0015134811401367,310.1320495605469,-149.18084716796875,0.4126088619232178,3.5034444332122803,108583.96875,2.0348658561706543,486.0574035644531,28.210153579711914,-145.00223157558725,-309.4388466685149,0.41710612177848816,0.02826072
14,1,-0.956176632940268,36.7184531726064,1.1421431303024292,1.8574556112289429,-148.12144470214844,350.3210754394531,0.23946428298950195,4.653824806213379,122787.7890625,1.9046423435211182,409.51080322265625,45.298912048339844,347.6809900169664,149.93816216481906,0.23905473947525024,0.10467665
14,1,-0.865249309826268,46.3095510435979,1.1888808012008667,1.8563084602355957,-58.90183639526367,331.6653747558594,0.20388682186603546,2.945225954055786,147721.375,1.971442461013794,454.21783447265625,61.946128845214844,331.4351777609822,58.17290319642834,0.20276078581809998,0.0007640761
14,1,-0.9150282911616283,38.47930239014545,1.1706047058105469,1.8434429168701172,115.91675567626953,368.64593505859375,0.242143452167511,4.666099548339844,122787.7890625,1.866546392440796,373.77978515625,45.45551300048828,364.08249431728876,-112.47527012401946,0.23905473947525024,0.026779035
14,1,-1.0842574266683243,39.735559913721225,0.9942730665206909,1.909174919128418,309.9356994628906,-99.48506927490234,0.3770037889480591,3.334719181060791,156936.453125,1.9771311283111572,482.45355224609375,39.73717498779297,-97.6639913660035,-310.39460709271117,0.37925219535827637,0.3859674
14,1,-1.2116230827090366,36.817672171316055,1.1319355964660645,2.006042718887329,-201.03628540039062,339.4732360839844,0.319131463766098,6.149224758148193,120062.1171875,2.0556421279907227,647.7689819335938,39.79201889038086,336.45869507662053,200.3623552205087,0.3201967775821686,0.49199894
14,1,-1.4532241973841378,45.96579035921416,1.1598570346832275,1.9616363048553467,204.11761474609375,265.647705078125,0.5125682950019836,2.897531747817993,133579.84375,2.161372661590576,698.5296020507812,24.60134506225586,268.24231150814853,-204.44718848073825,0.5129851698875427,0.03401686
14,1,-0.7003432925343586,49.234541859974044,1.1655628681182861,1.8119758367538452,264.91766357421875,-261.6268615722656,0.32234278321266174,2.545290470123291,120853.0546875,1.8560166358947754,334.0965881347656,66.60826110839844,-260.798263582322,-265.59635286788216,0.3239630162715912,0.0004664838
14,1,-1.166839838491793,29.3981700819828,1.161436915397644,1.8311389684677124,-195.09176635742188,314.3632507324219,0.30666384100914,5.175800323486328,112920.2421875,1.9176151752471924,639.4700927734375,43.54912185668945,312.3402782860707,196.5527064085206,0.30586329102516174,0.74308115
14,1,-0.8597969510797645,48.58082778882539,1.187462568283081,1.8467812538146973,310.6690979003906,137.35702514648438,0.47751104831695557,6.280862808227539,147173.953125,1.9833983182907104,446.6769714355469,61.687320709228516,133.23478673791595,-310.2336186780501,0.48039618134498596,0.0012123535
14,1,-1.1217976264843357,33.523009375366826,1.1371469497680664,1.942165732383728,-274.7458801269531,303.3457336425781,0.2313511073589325,6.035317420959473,106857.8125,1.990728735923767,581.1361694335938,43.901493072509766,299.5664462264108,274.9098578870196,0.22948797047138214,0.5574328
14,1,-1.0992127711929396,44.67300834086686,1.135556936264038,1.9554064273834229,82.13492584228516,-329.1556701660156,0.22603654861450195,6.050839900970459,106857.8125,1.9957269430160522,472.5792236328125,37.60630798339844,-331.8953631851137,-83.5635820360013,0.22948797047138214,0.0075270697
14,1,-0.75774249947579,39.029556112718105,1.100805401802063,1.869132161140442,186.45167541503906,339.2144470214844,0.3039313852787018,5.164752960205078,112920.2421875,1.9549710750579834,464.57183837890625,81.15398406982422,338.51843473660523,-185.77545107456416,0.30586329102516174,0.090432756
14,1,-1.1034803926610064,42.985987778329054,1.1138592958450317,1.9418479204177856,190.6901092529297,-270.5426330566406,0.4910631477832794,5.9501872062683105,111017.3046875,2.089510202407837,589.6439819335938,46.463138580322266,-274.9542725536676,-191.13201839005106,0.4904811382293701,0.09402285
14,1,-1.0968058602425312,49.08243084682019,1.1831210851669312,1.9796894788742065,75.65332794189453,-363.9225158691406,0.31301066279411316,3.8490350246429443,112887.0625,2.044015407562256,487.89892578125,39.041175842285156,-361.96694748245307,-72.68215617006169,0.3104444444179535,0.002387323
14,1,-1.1032121079460846,43.83787620930123,1.1366246938705444,1.955698847770691,313.69927978515625,-272.1696472167969,0.4225965440273285,1.7196362018585205,157008.3125,2.0296413898468018,536.2481079101562,42.28171920776367,-272.7310464654882,-318.57633010077876,0.4234076142311096,0.06404223
14,1,-1.048293854668173,40.35984176809383,1.1901359558105469,1.877563714981079,-306.2713317871094,-214.7441864013672,0.3445185422897339,4.653043270111084,123535.3671875,1.9859166145324707,513.2604370117188,45.924346923828125,-213.4944038007346,307.1837249311922,0.3466767966747284,0.028799335
14,1,-1.482333749983079,34.49025318412252,1.1826635599136353,1.8802109956741333,275.6377868652344,-191.1095733642578,0.2789652347564697,0.3843618929386139,108025.5625,1.9282461404800415,579.656982421875,19.091279983520508,-193.96141056620164,-275.8582751493446,0.2774884104728699,0.3935375
14,1,-0.8799855171453439,48.14323707920078,1.1701565980911255,1.8277682065963745,254.94602966308594,-245.2728271484375,0.34936487674713135,4.659959316253662,123535.3671875,1.9693269729614258,419.5348815917969,55.307212829589844,-246.14327517983955,-250.74555801933184,0.3466767966747284,0.0007014845
14,1,-1.0639904648875076,49.26118202383132,1.149137258529663,1.9057297706604004,118.29463195800781,-354.7387390136719,0.4292230010032654,1.058722972869873,110574.4921875,2.043139696121216,534.6529541015625,46.140316009521484,-358.3424436931959,-121.42339461542535,0.42884770035743713,0.0039537544
14,1,-1.3345503529971903,47.3057415175097,1.1982636451721191,1.8802109956741333,-306.3189392089844,-163.84112548828125,0.27747857570648193,0.4023932218551636,108025.5625,1.927024006843567,413.72943115234375,19.1497802734375,-165.75625576057263,305.2807564048318,0.2774884104728699,0.0015608559
14,1,-0.9509913122302536,49.619507232927766,1.190306305885315,2.0015134811401367,185.7942352294922,-274.09295654296875,0.4133472740650177,2.4463260173797607,126809.28125,2.037168025970459,494.2792663574219,55.33250045776367,-270.3426702840192,-187.5772221092683,0.4101160168647766,0.0052692736
14,1,-1.251242302289566,45.84201758633201,1.1656980514526367,1.994246244430542,-366.7536315917969,-203.37855529785156,0.42141205072402954,1.7311673164367676,157008.3125,2.103896141052246,615.3759765625,34.506187438964844,-203.59855431811607,362.19816808030873,0.4234076142311096,0.03224649
14,1,-1.2982523780505562,26.25875430618324,1.0448275804519653,1.8795936107635498,288.97235107421875,293.10614013671875,0.2711227536201477,3.94950532913208,114406.2421875,1.936385154724121,611.3306274414062,30.76255226135254,294.3546070839823,-284.7812748760034,0.27235427498817444,0.9052816
14,1,-0.9875147612092958,46.53013978498953,1.1656078100204468,1.868144154548645,244.4309844970703,-328.8205261230469,0.29868626594543457,5.191468715667725,121925.6953125,1.9614561796188354,434.5586853027344,44.723182678222656,-328.5911398925754,-238.74980236803876,0.3007085621356964,0.001487038
14,1,-1.6382399489311406,33.78304035649304,0.9824905395507812,1.882272481918335,386.9638366699219,-132.76393127441406,0.2700480818748474,3.976438045501709,114406.2421875,1.9190256595611572,454.4184265136719,10.452299118041992,-131.0172811312191,-386.1703469066297,0.27235427498817444,0.7539021
14,1,-0.8190826383388184,43.089366246393126,1.1819818019866943,1.9913146495819092,28.928743362426758,-324.02972412109375,0.35521918535232544,4.096550941467285,124581.6953125,2.1078126430511475,626.6742553710938,95.05145263671875,-322.7726688393685,-28.031539074728638,0.3546200096607208,0.043731183
14,1,-0.8438381834475344,49.49294499488417,1.1593345403671265,1.839727759361267,-317.2789001464844,-182.03765869140625,0.4601585566997528,1.0386344194412231,105207.5859375,1.9294148683547974,382.14154052734375,54.750144958496094,-182.58379374757462,312.78386831799565,0.4629477560520172,0.0018512505
14,1,-1.371081036685501,35.57046813443767,1.0049521923065186,1.8263169527053833,-81.70023345947266,-401.8101806640625,0.2711970806121826,3.9604604244232178,114406.2421875,1.8848521709442139,396.9671630859375,16.8916072845459,-400.94993480436847,82.50959872328453,0.27235427498817444,0.43962964
14,1,-1.2574267436297517,44.33905663392234,1.1810951232910156,1.844577670097351,-150.042236328125,-378.4683837890625,0.411183625459671,4.942639350891113,102189.7109375,1.8715213537216187,364.715087890625,20.161592483520508,-381.45383420424685,156.2923843782579,0.4131713807582855,0.005104744
14,1,-1.2608702535903875,44.14291666783845,1.1159446239471436,2.0326032638549805,32.588417053222656,408.7390441894531,0.35864198207855225,4.111382961273193,124581.6953125,2.125286817550659,653.7837524414062,35.8560676574707,409.16610523400067,-27.21020703101497,0.3546200096607208,0.085902035
14,1,-0.9037776255587239,47.049677337526795,1.1935747861862183,1.8906890153884888,-167.78607177734375,282.6690368652344,0.465018093585968,1.0460686683654785,105207.5859375,1.9879872798919678,410.70501708984375,51.256805419921875,281.8118624762871,164.76331555245588,0.4629477560520172,0.0062093497
14,1,-1.2000012102506903,49.499642343693836,1.1926130056381226,1.8574086427688599,-285.61328125,288.5635070800781,0.3853743374347687,0.38471561670303345,128688.53125,1.9842792749404907,421.3125915527344,26.582853317260742,284.1967589447362,285.310959342202,0.38203883171081543,0.001141488
14,1,-1.170327495261595,42.632312729446056,1.1160153150558472,1.9790939092636108,32.157169342041016,-374.5248107910156,0.3556254506111145,4.093835353851318,124581.6953125,2.1391501426696777,642.5225830078125,43.407012939453125,-372.71724471028904,-29.99759518399685,0.3546200096607208,0.08825649
14,1,-1.0140346563346334,39.655073186058196,1.1429572105407715,1.8165627717971802,210.4608917236328,-257.3908996582031,0.282327800989151,2.439612627029419,132641.28125,1.8540215492248535,373.68988037109375,36.18057632446289,-254.86953997404456,-210.04591133888513,0.2800334095954895,0.025560077
14,1,-1.1902502945959743,45.190970706227894,1.1363455057144165,2.036742687225342,369.4100646972656,14.897274017333984,0.2348020225763321,2.422177791595459,129649.046875,2.0414011478424072,569.8926391601562,36.7740592956543,16.210252813717354,-369.7361413508955,0.23591411113739014,0.02690857
14,1,-1.0367719081855518,35.64522730050277,1.0832295417785645,2.0734598636627197,70.49815368652344,394.1417236328125,0.2781580984592438,5.852451801300049,145600.515625,2.0546679496765137,676.013671875,62.11305236816406,389.8134466536503,-69.98954551439107,0.27865251898765564,0.7540705
14,1,-1.140485323245918,47.281112052028796,1.1978774070739746,2.0064642429351807,32.21561813354492,-327.7071838378906,0.2996137738227844,2.5684971809387207,141219.171875,2.1156365871429443,621.0385131835938,44.93991470336914,-327.186837374743,-33.57768209823887,0.30443957448005676,0.0061912
14,1,-0.8872636068525499,38.530216977416934,1.0959721803665161,1.918015956878662,-297.5442810058594,238.27139282226562,0.28000715374946594,5.844491958618164,145600.515625,1.9616507291793823,484.0684814453125,62.75415802001953,235.29538125370095,298.21873285879565,0.27865251898765564,0.16354965
14,1,-0.8799533956395265,34.609144080703345,1.113655686378479,1.8570213317871094,-217.58782958984375,-268.2322998046875,0.33355215191841125,0.6584076881408691,113714.296875,1.9433391094207764,519.9447021484375,68.54931640625,-268.9436894436009,216.5737785104321,0.33769845962524414,0.5417501
14,1,-0.8744082766171054,44.22570201039571,1.189365267753601,1.979844570159912,340.51318359375,31.289274215698242,0.35161489248275757,0.039857544004917145,156807.6875,2.0858712196350098,642.014892578125,85.7306900024414,27.634154130979955,-340.6015204420865,0.35060933232307434,0.033927992
14,1,-0.8694055901966515,36.18555990140568,1.0106327533721924,1.9864859580993652,359.4659729003906,-215.6378936767578,0.27646732330322266,5.840939044952393,145600.515625,2.0024008750915527,560.5443115234375,75.71881103515625,-217.7839628968528,-358.2302931910927,0.27865251898765564,0.68377197
14,1,-0.8814892617809373,44.04951825912553,1.1239094734191895,1.9758154153823853,-46.779457092285156,349.44378662109375,0.3507508933544159,0.04477802291512489,156807.6875,2.0960378646850586,600.8474731445312,78.93587493896484,343.58507486552367,47.59549177604909,0.35060933232307434,0.06504977
14,1,-0.6855643216085746,48.69867714936059,1.109495997428894,1.8024345636367798,-5.37265682220459,355.0357971191406,0.5068010687828064,3.2151153087615967,155908.953125,1.9368888139724731,400.1241760253906,82.53343963623047,359.7476154303052,4.733133353297122,0.5036640763282776,0.0025888018
14,1,-0.9825801351241499,37.44358498296973,1.1369951963424683,1.8063420057296753,322.53228759765625,-54.08761978149414,0.3420414328575134,2.925966501235962,103516.0234375,1.9148448705673218,445.0692443847656,46.32831573486328,-51.33876223304411,-323.0941495928192,0.34309032559394836,0.099230334
14,1,-1.0822341160457052,43.45303853255666,1.1807329654693604,1.7977427244186401,-411.5318603515625,44.2868766784668,0.5028876662254333,3.211674928665161,155908.953125,1.9533051252365112,444.2407531738281,36.760643005371094,49.406757571791566,412.3552653911567,0.5036640763282776,0.009608726
14,1,-0.8839507595976643,46.91031986049486,1.1360969543457031,2.019380569458008,214.21441650390625,270.8900451660156,0.38782450556755066,4.953118324279785,151377.65625,2.164870500564575,699.8362426757812,91.42083740234375,269.77214489860734,-210.01334236792425,0.3864138126373291,0.020912336
14,1,-1.151959972905631,39.226673306656906,1.1922370195388794,1.924100399017334,-15.10974407196045,-372.0600891113281,0.5054814219474792,3.2175307273864746,155908.953125,1.9937382936477661,516.5390014648438,36.40340042114258,-366.5502723816682,15.469020318023912,0.5036640763282776,0.24149598
14,1,-1.11788937654427,42.25146489289554,1.1169943809509277,1.922472596168518,220.4552001953125,313.93865966796875,0.5161812901496887,0.3915180563926697,110263.5078125,2.0198147296905518,504.44891357421875,38.45268630981445,308.4130040276118,-224.56019067767033,0.5202445983886719,0.18751833
14,1,-1.0935482494549955,42.7714721326307,1.1555067300796509,1.97738516330719,261.0451354980469,-273.3736572265625,0.39145106077194214,5.1265740394592285,124959.703125,2.0323541164398193,555.1271362304688,44.75517272949219,-277.48307350751315,-259.593596731926,0.3907470703125,0.062385183
14,1,-1.0309488856513884,35.53878226902422,1.1773685216903687,1.837524175643921,-92.35388946533203,-399.4619140625,0.520791232585907,0.39942264556884766,110263.5078125,2.014843463897705,610.7692260742188,56.875797271728516,-405.7601715570251,90.92528466086904,0.5202445983886719,0.5031394
14,1,-1.3249250126238856,46.028857682077124,1.159152626991272,1.850098967552185,-361.093994140625,2.954990863800049,0.4004943072795868,5.169309139251709,101525.5859375,1.969191312789917,461.7591247558594,21.851863861083984,0.31962261071797826,366.6016675688099,0.39772891998291016,0.0030956976
14,1,-1.2475673218220704,45.27013530373604,1.0879017114639282,1.9185690879821777,150.48004150390625,285.2616882324219,0.3996419310569763,5.183900833129883,101525.5859375,2.0051300525665283,472.5386657714844,26.721965789794922,281.2870549335623,-146.6523245243238,0.39772891998291016,0.021360064
14,1,-0.9565275545798516,43.806449460887805,1.1446999311447144,1.9040915966033936,-368.4612731933594,-62.200523376464844,0.21414387226104736,5.966948986053467,143128.046875,1.966515302658081,446.8029479980469,49.384151458740234,-64.56974249255121,369.5433797788496,0.21303442120552063,0.004680536
14,1,-0.49290062947692703,48.95173926763067,1.1715915203094482,1.8196964263916016,346.3422546386719,144.8402862548828,0.25184282660484314,3.1474387645721436,154365.75,1.8986754417419434,369.79547119140625,118.86680603027344,148.98773255248352,-344.22597640465347,0.2566305994987488,0.0003110862
14,1,-1.32947602960935,40.28069685420632,0.9883925318717957,1.805642008781433,-38.79473876953125,-393.741943359375,0.48411962389945984,4.9106764793396,101711.5078125,1.9518353939056396,452.39251708984375,21.18543243408203,-394.3698122323008,43.86352186063615,0.4889512360095978,0.21009007
14,1,-1.1408420312387655,47.89144095728057,1.1625783443450928,1.9030390977859497,-26.575822830200195,394.2100524902344,0.40196743607521057,5.174685001373291,101525.5859375,2.0480542182922363,513.119873046875,37.10014724731445,392.648378477298,27.745032920213262,0.39772891998291016,0.0027808908
14,1,-1.0786305047483233,39.11394533421146,1.0972070693969727,1.8556175231933594,291.99932861328125,150.81454467773438,0.45176389813423157,6.159653186798096,121364.8125,1.997287392616272,541.7413330078125,45.20229721069336,146.85035144781745,-291.34775525199507,0.4515164792537689,0.16589564
14,1,-0.705484878774972,49.41496018442305,1.1199774742126465,1.82032310962677,332.5295715332031,241.58644104003906,0.3128759562969208,0.9526460766792297,120793.8125,1.893746256828308,342.725830078125,67.52449035644531,239.6506329734715,-339.6272896806291,0.31756773591041565,0.0009134014
14,1,-1.3350078959689584,39.61456066358943,1.0662082433700562,1.972670555114746,322.7692565917969,-150.38478088378906,0.39577728509902954,5.187958717346191,101525.5859375,2.0298590660095215,551.472412109375,25.49847412109375,-153.0364803555217,-319.8661658119284,0.39772891998291016,0.38554
14,1,-1.0650968116981783,42.16123009994527,1.19767165184021,1.9238771200180054,176.67138671875,-340.3946838378906,0.27840837836265564,4.265626430511475,145911.03125,1.9383193254470825,477.4516906738281,41.099029541015625,-338.55833502313754,-172.76893864752273,0.2801545560359955,0.0137396
14,1,-0.8953313932771253,37.64689877281448,0.9656400084495544,1.8891832828521729,228.27987670898438,-290.04840087890625,0.4469558000564575,6.157568454742432,121364.8125,1.9430426359176636,491.85791015625,62.59037780761719,-290.84687115459343,-228.08919167953792,0.4515164792537689,0.6132873
14,1,-1.1820887605509647,42.30556329284121,1.1602122783660889,2.0539016723632812,184.38900756835938,-319.60870361328125,0.42267748713493347,4.2613630294799805,159139.40625,2.1803030967712402,773.81396484375,50.879981994628906,-319.59042123653876,-180.99230383145084,0.42736178636550903,0.20457402
14,1,-0.7056035566860345,45.671295162130356,1.0769858360290527,1.8221956491470337,282.36907958984375,218.68556213378906,0.32163792848587036,0.8103543519973755,142040.296875,1.8594473600387573,342.77960205078125,67.51663208007812,217.30116264401732,-285.38066711968463,0.32209521532058716,0.0063730604
14,1,-1.1002743074521315,46.585952144714334,1.137974500656128,1.9289638996124268,342.97003173828125,49.03074264526367,0.4625605046749115,1.0993043184280396,137071.59375,2.0899109840393066,550.3392944335938,43.68730163574219,45.14718294952389,-347.73538351038854,0.4620136320590973,0.020248745
14,1,-1.3901451236039488,27.316360801097606,1.155914306640625,1.9869303703308105,-230.58824157714844,297.6539611816406,0.432599276304245,4.261383056640625,159139.40625,2.1582138538360596,1107.4581298828125,45.100486755371094,300.7017842513723,237.6499929136944,0.42736178636550903,0.9043829
14,1,-1.2654797961906437,47.9616247170856,1.1663316488265991,2.0358541011810303,-253.33140563964844,-217.0691375732422,0.19800017774105072,0.43013885617256165,144995.953125,2.052396535873413,526.433837890625,28.566858291625977,-217.70696644010985,251.8280291544994,0.1930902898311615,0.0065331957
14,1,-1.120134937367808,47.83405024049194,1.1683623790740967,2.0868659019470215,-375.460693359375,55.69863510131836,0.4670700132846832,0.5755611062049866,154362.703125,2.2201008796691895,801.7546997070312,60.80031967163086,53.180016667547626,371.8216994780673,0.463331937789917,0.057873633
14,1,-0.8671133632737069,48.307007181951775,1.1829338073730469,1.7980871200561523,-224.9551239013672,-258.85498046875,0.40913909673690796,0.4630803167819977,100467.109375,1.9172996282577515,380.3191833496094,51.64568328857422,-262.4818368358265,222.3656199688118,0.40629953145980835,0.0010900082
14,1,-0.6191781638365249,40.07022358653753,1.175284504890442,1.9794824123382568,185.8306121826172,-269.0044250488281,0.19341161847114563,0.4324195086956024,144995.953125,2.0507822036743164,611.7697143554688,147.0312042236328,-268.4781179668068,-183.6910973772082,0.1930902898311615,0.08410554
14,1,-0.961383104529128,43.70919443595473,1.1596330404281616,1.9025413990020752,-88.99327850341797,341.50042724609375,0.40470242500305176,1.878521203994751,122920.078125,1.9667487144470215,462.3928527832031,50.539058685302734,342.110364634333,85.16035538612,0.4046820402145386,0.025113724
14,1,-0.7892122296041797,44.3385880446382,1.1746197938919067,1.9931310415267944,102.59527587890625,-391.94073486328125,0.3214995265007019,3.6394903659820557,117323.3671875,2.01522159576416,494.7062072753906,80.37751770019531,-393.0167664485644,-99.82449005723188,0.3248501121997833,0.023467107
14,1,-1.1121259282444556,47.90564803024473,1.1545519828796387,1.8571183681488037,-297.8306884765625,235.57957458496094,0.38998377323150635,0.1606016606092453,146998.09375,1.9722633361816406,427.8501892089844,33.049468994140625,232.7137007083477,297.8887788078177,0.39499911665916443,0.0031429783
14,1,-1.3001514982284426,43.572835419625754,1.1894012689590454,1.8902612924575806,206.7526397705078,314.54486083984375,0.2865128219127655,4.71464729309082,157637.28125,1.953885555267334,469.62640380859375,23.528766632080078,313.4602336653891,-206.26915843165096,0.28764376044273376,0.0050585535
14,1,-1.1976152963390305,33.50066855345924,1.099143624305725,1.8267583847045898,52.69476318359375,364.54559326171875,0.3663563132286072,0.8957825899124146,106492.125,1.8972309827804565,519.484375,32.95762252807617,362.07743737716845,-55.89291983823217,0.3643695116043091,0.6427622
14,1,-0.9494706026590385,41.70235302517179,1.155911922454834,1.9091839790344238,-93.91402435302734,-309.56304931640625,0.3234815299510956,1.838361382484436,102085.984375,1.981095314025879,474.2190856933594,53.27305603027344,-310.0318025555253,92.98142164363242,0.3249056041240692,0.04096626
14,1,-1.0292650963573546,42.94205881470883,1.0745296478271484,1.8747926950454712,381.47833251953125,-20.06138038635254,0.4417317807674408,2.352311134338379,110185.7578125,2.003309965133667,494.47357177734375,46.225013732910156,-19.161795492199456,-382.3824295783013,0.4379352927207947,0.07076213
14,1,-1.450166006120889,49.766543197059704,1.1992413997650146,1.9780914783477783,320.0907287597656,136.337158203125,0.2725156843662262,4.387499809265137,136102.359375,2.023683786392212,489.97796630859375,17.37833023071289,135.65113334458155,-317.6089823277439,0.2695968747138977,0.0011229285
14,1,-1.251410195795377,44.37514579740712,1.1210132837295532,1.8203967809677124,-224.6264190673828,255.53680419921875,0.42344820499420166,4.0082621574401855,128425.125,1.9418065547943115,415.37213134765625,23.282268524169922,256.5085594758096,225.97275091641893,0.42697229981422424,0.008639178
14,1,-1.313437078386662,48.39205691205261,1.1731890439987183,1.9780914783477783,-81.29094696044922,-380.2208251953125,0.27219584584236145,4.386157035827637,136102.359375,2.0254979133605957,490.3268737792969,23.825761795043945,-379.7040115982413,85.0933266601805,0.2695968747138977,0.0024246927
14,1,-1.080589949083584,44.52604374851426,1.1533005237579346,1.9280229806900024,-152.3324737548828,-335.5631408691406,0.26316919922828674,1.2364675998687744,112368.7109375,1.9362412691116333,426.4453430175781,35.42192840576172,-335.07048168484425,149.14418849902384,0.26139912009239197,0.011033487
14,1,-0.49020906784197993,49.07700676953267,1.1633918285369873,1.8974225521087646,-109.87918090820312,309.8026428222656,0.24922893941402435,3.3435349464416504,153311.125,1.9659708738327026,400.49713134765625,129.53585815429688,308.50501782478614,110.45745907810345,0.24781394004821777,0.00077836047
14,1,-1.158484020008399,47.643038108408646,1.1548371315002441,1.9658926725387573,-359.309326171875,48.9986457824707,0.24832189083099365,6.163740634918213,127440.6328125,2.000770330429077,466.5305480957031,32.388790130615234,46.058178328315286,357.8396074182381,0.25010767579078674,0.0023545162
14,1,-0.8716772470809189,44.24753493656865,1.124168872833252,2.0262556076049805,-288.7861022949219,191.84625244140625,0.3687923848628998,0.7861160635948181,139412.171875,2.0995049476623535,623.5994262695312,83.7968978881836,187.5657202571907,286.73196857033844,0.36927008628845215,0.10461709
14,1,-0.8759728595525158,38.03054910283974,1.0292766094207764,1.8592239618301392,350.191162109375,-136.6088409423828,0.37024354934692383,1.6000868082046509,138042.1875,1.9358086585998535,454.3384094238281,60.451332092285156,-135.794770536887,-352.69226171923225,0.36818796396255493,0.39362878
14,1,-0.8777132477813149,40.53275745420296,1.1862685680389404,1.8364218473434448,-339.61053466796875,-3.720503807067871,0.2280937135219574,1.1101497411727905,113434.6796875,1.8548495769500732,358.1892395019531,47.46772003173828,-4.12376753838456,340.6339179932945,0.2269146740436554,0.010791875
14,1,-0.9147110546248188,41.26786831276175,1.1746879816055298,1.7970763444900513,-352.24127197265625,143.4847412109375,0.3067205548286438,3.7082345485687256,107821.6953125,1.8376221656799316,333.6712951660156,40.6075439453125,144.58290448794304,354.3157592186019,0.3046727776527405,0.0062239906
14,1,-1.065568105581268,40.95037857772104,1.1869200468063354,1.8974225521087646,-280.472412109375,-196.6263885498047,0.25229835510253906,6.138802528381348,127440.6328125,1.9683858156204224,498.8119201660156,42.891151428222656,-198.3749229671537,280.2413150067633,0.25010767579078674,0.012615264
14,1,-1.3104563572484254,49.583419579385755,1.1899079084396362,2.0082249641418457,269.2405700683594,233.30184936523438,0.3092426359653473,0.2812592387199402,153384.21875,2.033315420150757,485.7860412597656,23.767683029174805,225.90714656750455,-269.0306185090106,0.3082412779331207,0.0041271974
14,1,-0.9625059209673366,39.87235768141874,1.1153777837753296,2.011284828186035,317.81591796875,132.54275512695312,0.18620948493480682,5.989721298217773,140889.546875,2.011321544647217,560.252685546875,61.07694625854492,130.41606546796666,-316.569443278163,0.18629728257656097,0.123908214
14,1,-0.970911015379464,48.7206907990652,1.1628966331481934,1.9409009218215942,321.4513854980469,212.5860595703125,0.5170646905899048,0.49451184272766113,143090.78125,2.1190521717071533,574.3993530273438,61.41892623901367,207.0869817062726,-321.7873670281229,0.5173859000205994,0.011760323
14,1,-0.6915933956359024,39.73648171209261,1.0426548719406128,1.9535726308822632,358.7419738769531,117.4653549194336,0.3371945917606354,0.5519254207611084,135730.71875,2.044358253479004,585.344482421875,119.07422637939453,110.74173437722015,-362.36570361282884,0.33601054549217224,0.40079716
14,1,-0.8981583803629055,47.06522579963574,1.1678783893585205,2.0306613445281982,389.47857666015625,17.269420623779297,0.37023377418518066,0.7836271524429321,139412.171875,2.1257190704345703,640.427734375,80.96759033203125,15.964214364605036,-392.65824070266183,0.36927008628845215,0.023849703
14,1,-0.760754769617954,40.37798553169559,1.0869200229644775,1.905200719833374,-337.84197998046875,-158.92178344726562,0.1862449049949646,5.973034858703613,140889.546875,1.9567065238952637,469.2535400390625,81.40522003173828,-161.36978761120093,338.53546357059076,0.18629728257656097,0.03635354
14,1,-1.3132735909654345,42.48982832124525,1.1494535207748413,1.8574556112289429,289.39569091796875,245.799560546875,0.24015392363071442,0.631035566329956,129040.234375,1.9129102230072021,420.8116455078125,20.455591201782227,242.0014993772772,-290.15205241974917,0.2414722442626953,0.0104899015
14,1,-0.9011746555784034,48.86954852334261,1.1969810724258423,1.822571039199829,123.62545776367188,-358.2420959472656,0.28409886360168457,2.8344011306762695,118751.2421875,1.8443681001663208,319.86639404296875,40.1599235534668,-354.1675143756393,-123.83189548908065,0.27957209944725037,0.00032861624
14,1,-0.9770101933740046,47.248877282420565,1.1204620599746704,1.994683027267456,277.0329284667969,264.3173522949219,0.465080201625824,0.7802489995956421,130037.0703125,2.081223726272583,554.5465087890625,58.46918487548828,259.6569013637801,-281.02452944673587,0.46528756618499756,0.040571395
14,1,-1.1373971628139168,43.174620845245016,1.1896239519119263,1.8099992275238037,-23.726451873779297,-333.8162841796875,0.5080656409263611,0.3701948821544647,159844.71875,1.977953553199768,494.1653137207031,36.01420974731445,-339.7623939797455,20.24172900659341,0.5080835819244385,0.017608622
14,1,-1.014110376322639,41.25386788697557,1.0637375116348267,1.9755581617355347,-174.43092346191406,-310.2076110839844,0.2735365033149719,4.728539943695068,129431.1640625,2.041677951812744,559.2190551757812,54.13408279418945,-313.0458190958853,177.0087154073197,0.27398210763931274,0.14117005
14,1,-1.1776554878873844,38.193425615355416,1.021379828453064,1.8650206327438354,-99.71775817871094,321.11004638671875,0.27265217900276184,4.697100639343262,129431.1640625,1.9471168518066406,452.3379211425781,30.04734230041504,321.93644745391833,101.85660556022957,0.27398210763931274,0.2206261
14,1,-0.9452233428807674,39.582945971403,1.1027697324752808,1.9563567638397217,-281.89410400390625,-165.27859497070312,0.46818798780441284,0.7806070446968079,130037.0703125,2.0539674758911133,624.1504516601562,70.80522918701172,-168.5448168305058,277.04872972015977,0.46528756618499756,0.45893294
14,1,-1.0340157151755358,46.108220680547205,1.1170694828033447,1.9009325504302979,-116.13665771484375,356.11590576171875,0.5080258846282959,0.3741367757320404,159844.71875,2.019336700439453,492.3592529296875,45.5266227722168,351.8765457944223,114.5391518280697,0.5080835819244385,0.031499147
14,1,-1.7663528901680046,39.19835643299522,0.9785639047622681,1.9418479204177856,-195.76182556152344,356.5738220214844,0.49150484800338745,1.9399313926696777,100509.8125,2.0861258506774902,626.4773559570312,10.72873306274414,359.3035817639265,192.20698015720438,0.4909089505672455,0.6832796
14,1,-1.3018855953754507,40.9712639854095,1.159727931022644,1.959575891494751,394.87152099609375,91.1131591796875,0.43296611309051514,1.555471658706665,146718.671875,2.093660354614258,677.2963256835938,33.798065185546875,89.83670171437038,-399.24050976324367,0.4341028928756714,0.18381971
14,1,-1.3407912218175704,46.819050088105776,1.1865055561065674,2.0082249641418457,-77.38819885253906,369.1315002441406,0.31271177530288696,1.314894437789917,125789.7578125,2.0371627807617188,520.5654296875,23.751020431518555,367.33151790833307,73.56144254045006,0.3118133842945099,0.011001589
14,1,-1.3580023845776645,39.83054541346593,1.1895571947097778,1.97738516330719,-411.68865966796875,69.4902114868164,0.3897484242916107,1.9797602891921997,152212.015625,2.0276010036468506,580.7876586914062,25.46908187866211,69.56965649844375,410.3759085707155,0.3949357569217682,0.20446448
14,1,-1.1607759715748405,36.26108449881966,1.1333026885986328,1.976309895515442,-375.2053527832031,-149.73878479003906,0.46574947237968445,5.775895118713379,149897.09375,2.1571462154388428,797.4222412109375,55.069557189941406,-154.43247457711192,374.61940890021896,0.46373263001441956,0.6477637
14,1,-1.3243414861439506,46.330429108344816,1.085510015487671,2.0082249641418457,-314.1778564453125,-256.7163391113281,0.3099861741065979,1.32358717918396,125789.7578125,2.0308644771575928,471.2290344238281,22.329994201660156,-254.84658246706414,309.6110555655357,0.3118133842945099,0.03576425
14,1,-1.0280252882252243,39.07054198458735,1.0015926361083984,1.9975944757461548,294.7196960449219,160.82504272460938,0.41971272230148315,3.2759976387023926,131141.703125,2.085371494293213,651.8132934570312,61.107879638671875,163.76365538960846,-294.9165344574443,0.41945531964302063,0.6725721
14,1,-1.176148274098613,46.759629211569724,1.1386911869049072,1.9752306938171387,-344.69061279296875,223.87966918945312,0.44062837958335876,5.766099452972412,112548.8046875,2.0665488243103027,529.4520874023438,35.29207229614258,220.38293643386757,347.2844531647834,0.4422982335090637,0.016427483
14,1,-1.0695085078966922,44.73913146637671,1.1704975366592407,1.8999512195587158,379.364501953125,60.334686279296875,0.4909476041793823,6.083095073699951,136048.984375,2.0357766151428223,545.3734130859375,46.47126770019531,58.26968773029548,-381.49869324905586,0.49267348647117615,0.014988058
14,1,-1.0922297301527437,36.7951967538143,1.1667454242706299,2.010521173477173,380.9399108886719,31.17084312438965,0.28245705366134644,3.554563283920288,129864.4375,2.0296168327331543,627.240478515625,50.72283172607422,33.68997635131856,-381.20703099079316,0.2821393609046936,0.45301992
14,1,-1.0666700369233713,32.622506051517476,1.1385241746902466,1.9139840602874756,-324.7103576660156,-132.87196350097656,0.22199153900146484,4.128196716308594,106726.6640625,1.9379132986068726,532.2316284179688,45.648834228515625,-132.2059179014853,326.3956570346746,0.2233262062072754,0.6183416
14,1,-1.2236703463062844,39.465704195662866,1.176476001739502,2.0544180870056152,-400.9894714355469,-96.63093566894531,0.2835557758808136,3.5506064891815186,129864.4375,2.0548970699310303,669.259521484375,39.987396240234375,-92.97708547029022,401.14774923918276,0.2821393609046936,0.27299184
14,1,-1.534524328713712,47.60924524792804,1.1834717988967896,1.8852657079696655,-343.4119873046875,29.98753547668457,0.4794900715351105,4.222296237945557,127185.7265625,2.0433785915374756,485.7501525878906,14.186836242675781,33.2484227905985,347.7751350351053,0.4823230803012848,0.0037339136
14,1,-0.5680855797047232,40.96615659428609,1.0608398914337158,1.8830006122589111,347.0768127441406,86.3736343383789,0.2218852937221527,4.136709213256836,106726.6640625,1.939698338508606,436.7358093261719,118.06817626953125,84.47614652599422,-344.8844844511568,0.2233262062072754,0.04356459
14,1,-1.0229890108247948,47.94195574641989,1.1888033151626587,1.7976109981536865,166.35574340820312,352.0068664550781,0.4419668912887573,0.7778149843215942,116578.0703125,1.953758716583252,412.28057861328125,39.10234069824219,350.286637412896,-168.44493777252748,0.4437643885612488,0.0013577214
14,1,-1.2635988539838812,44.633826093771454,1.1410205364227295,1.9981470108032227,373.6883850097656,50.02751922607422,0.39936569333076477,4.829107761383057,131462.28125,2.1033265590667725,639.0387573242188,34.827884674072266,48.31920040810323,-369.64918709400735,0.3999749720096588,0.044371475
14,1,-0.7521713956859117,48.47336360054978,1.1746776103973389,1.942138671875,21.603321075439453,-367.7591552734375,0.2884021997451782,0.41420260071754456,110171.3359375,1.938551902770996,396.866943359375,70.22195434570312,-369.2430318812461,-21.169139068300694,0.2897077798843384,0.0028930495
14,1,-1.0117228281755448,40.70054810850103,1.1855183839797974,2.0031678676605225,289.83746337890625,218.56617736816406,0.34950828552246094,4.402546405792236,139864.96875,2.15973162651062,763.6444702148438,74.33062744140625,216.48016747664195,-281.20215945746514,0.3476240336894989,0.1271892
14,1,-1.3614466652166706,29.6907916639997,1.1501054763793945,1.946683406829834,-190.87142944335938,-308.1454772949219,0.36791473627090454,5.624719142913818,146943.75,2.004883050918579,742.64794921875,32.309852600097656,-311.1288923677267,192.35015992818984,0.3687889575958252,0.8575175
14,1,-1.3406618161500952,42.9284783400234,1.1857523918151855,1.9099527597427368,221.85391235351562,277.5369567871094,0.21755065023899078,5.632064342498779,107034.7265625,1.9316518306732178,438.1286926269531,19.995750427246094,274.4878523446671,-219.69454784225675,0.2188543677330017,0.0049840473
14,1,-1.1851528924805486,35.212792572795,0.9573917388916016,1.9165024757385254,322.3325500488281,-70.40626525878906,0.4419429302215576,4.6513237953186035,151985.890625,2.0293548107147217,598.986572265625,39.10777282714844,-70.92878005509212,-316.9683586867688,0.44384750723838806,0.82276714
14,1,-1.201704239049822,47.78406746283949,1.1859347820281982,1.944620966911316,259.4463195800781,-254.29661560058594,0.5064132213592529,5.916359901428223,140493.859375,2.102267265319824,619.2330322265625,38.917842864990234,-260.40615684362297,-257.68391372246253,0.5069748163223267,0.006923711
14,1,-0.8636097405814326,41.330155752687205,1.0979949235916138,1.8039040565490723,-96.62442016601562,-316.7102355957031,0.43066421151161194,5.596889972686768,106201.4609375,1.9685723781585693,457.33624267578125,62.607330322265625,-320.85389024610913,99.40342435123283,0.43152815103530884,0.03131349
14,1,-1.2339998987950918,39.15115954114898,0.937179446220398,1.9042102098464966,172.9380645751953,-362.6129150390625,0.444625586271286,4.649087429046631,151985.890625,2.0412421226501465,582.8665161132812,34.0069694519043,-363.9060861023768,-169.95949285352822,0.44384750723838806,0.5936485
14,1,-1.1372597328921212,48.156368043661686,1.1889827251434326,2.001772165298462,307.4002990722656,-97.4753646850586,0.3396809995174408,1.609907865524292,134736.09375,2.110804796218872,606.8735961914062,44.24228286743164,-98.47126389038421,-310.8761285242387,0.3436127007007599,0.0066354685
14,1,-1.3668736733952038,41.76253153803665,1.0067744255065918,2.0832111835479736,170.6016387939453,-288.5479431152344,0.4498085677623749,4.636579990386963,151985.890625,2.067572593688965,604.9442749023438,25.992019653320312,-288.925860579786,-166.99681763383023,0.44384750723838806,0.610409
14,1,-1.5178523124661043,26.54400140097065,1.1681866645812988,2.003333806991577,-271.11865234375,-173.740966796875,0.34542757272720337,1.6189792156219482,134736.09375,2.0811195373535156,995.5301513671875,30.21347427368164,-174.36230363090672,267.0829325212685,0.3436127007007599,0.9132578
14,1,-1.0762868707424909,45.68118069067267,1.1860600709915161,2.064653158187866,138.57106018066406,380.8698425292969,0.37852951884269714,0.7553693652153015,152002.125,2.069997787475586,572.3358764648438,48.01348114013672,377.7621034536071,-140.61410800548805,0.3772892653942108,0.054261364
14,1,-1.9840136424870325,40.94498205174666,1.068496584892273,2.0452091693878174,-380.9646301269531,-30.801021575927734,0.21263694763183594,5.760854721069336,128459.3203125,2.1533639430999756,722.9725952148438,7.500710487365723,-32.55058902106306,382.2657688227326,0.21203041076660156,0.19933337
14,1,-1.0570719963574478,39.40408738861509,1.1652600765228271,1.8352712392807007,-296.040283203125,-157.97349548339844,0.38784074783325195,4.173178672790527,135245.96875,1.9478586912155151,482.2738952636719,42.28834915161133,-155.47522755592843,299.64310350548914,0.38693901896476746,0.04927981
14,1,-1.0863472331129185,48.33786490385818,1.1663851737976074,1.9430423974990845,-359.9346618652344,167.6356658935547,0.3788945972919464,5.4239583015441895,139123.0625,2.05193829536438,524.823486328125,43.019466400146484,165.68959873637627,362.9650381443147,0.37736162543296814,0.0030659228
14,1,-1.2091665180173132,36.21789943225154,1.1801985502243042,2.0063974857330322,130.3890838623047,358.7593688964844,0.38938820362091064,4.186437129974365,135245.96875,2.0709168910980225,703.5595092773438,43.46436309814453,357.21938765383754,-126.75314117351125,0.38693901896476746,0.58975667
14,1,-1.8061003417127317,34.85126497298106,0.990870475769043,2.0405983924865723,-126.70647430419922,-368.9849853515625,0.21623046696186066,5.78500509262085,128459.3203125,2.1358275413513184,772.1412963867188,12.06682014465332,-372.25592354412413,127.89905109601065,0.21203041076660156,0.80898297
14,1,-1.306620660633064,46.17466242186456,1.1859451532363892,1.991684079170227,-161.7360076904297,-276.1785888671875,0.3704814016819,2.8597183227539062,131141.40625,2.1148791313171387,587.1651000976562,28.982648849487305,-273.66717090381303,160.71064993894723,0.37271177768707275,0.014066378
14,1,-1.0436745016753108,35.06494329888354,1.197758674621582,1.8611681461334229,71.69236755371094,-354.3621520996094,0.2869079113006592,4.384065628051758,104343.5703125,1.926654577255249,532.4043579101562,48.146663665771484,-357.05843267641404,-65.60877084411528,0.2863377332687378,0.18388115
14,1,-0.6627896272126036,37.726855903855665,1.093536615371704,1.945650577545166,-325.8411865234375,154.78170776367188,0.5034389495849609,6.0742363929748535,124202.609375,2.07452130317688,670.93798828125,145.84530639648438,150.96414780153967,328.8108761924738,0.5046034455299377,0.56082815
14,1,-0.8951768738918435,43.64674959194128,1.128985047340393,2.0283610820770264,132.87026977539062,-298.0205383300781,0.3133760392665863,4.090479373931885,148964.90625,2.1040825843811035,590.6672973632812,75.19093322753906,-296.4336392006546,-130.01749669534317,0.31096139550209045,0.06882524
14,1,-0.96340139590564,32.31462676895616,1.119188904762268,1.9082801342010498,277.57470703125,-200.8955078125,0.504147469997406,6.078490734100342,124202.609375,2.037820816040039,761.7452392578125,82.87200164794922,-207.68406799195404,-276.56210175824333,0.5046034455299377,0.8149417
14,1,-1.224011555833495,46.87616290600393,1.1802200078964233,1.9040915966033936,410.7398376464844,-21.38185691833496,0.21732278168201447,4.784923076629639,104728.328125,1.9614794254302979,435.9701843261719,26.028165817260742,-21.391866568456216,-407.51281505909367,0.21654343605041504,0.0010627179
14,1,-0.9347540105826401,46.03330213479446,1.1354520320892334,1.846686601638794,332.1256103515625,140.39231872558594,0.18992631137371063,0.1432224065065384,102574.3125,1.9106979370117188,388.0447692871094,45.09484100341797,141.2388923614187,-330.03648687070773,0.1913849264383316,0.0018899613
14,1,-1.2621073283266862,41.79196885131497,1.1908029317855835,2.0276811122894287,366.5268859863281,-204.0206298828125,0.31322386860847473,4.07891845703125,148964.90625,2.097628355026245,643.326416015625,35.182186126708984,-202.93355218943978,-363.10703892558894,0.31096139550209045,0.0837916
14,1,-1.1963707484974713,37.87874384746713,1.0917534828186035,1.8079043626785278,324.0524597167969,201.8351287841797,0.4376834034919739,3.730440616607666,123187.1484375,1.944374442100525,490.32183837890625,31.196731567382812,205.0657954036953,-320.69454911636115,0.436100035905838,0.20504193
14,1,-1.1277204563922896,48.04975971394191,1.165421485900879,1.921708345413208,97.58583068847656,-329.9137878417969,0.4341972768306732,0.19050337374210358,131374.40625,2.0370864868164062,508.9705505371094,37.92897033691406,-330.36185269944906,-101.66714516313174,0.4357837438583374,0.00751248
14,1,-1.1648394087510305,30.212709045497682,1.1544109582901,1.8894462585449219,288.67742919921875,179.5625762939453,0.5104695558547974,2.1065549850463867,130380.34375,2.010547637939453,690.956787109375,47.2727165222168,181.09705660484383,-293.7216064081175,0.5111136436462402,0.8682748
14,1,-0.97555218594618,48.73167841365897,1.1947129964828491,1.9312399625778198,82.74658966064453,-394.16143798828125,0.4569122791290283,0.6760810613632202,123999.6640625,2.010242462158203,477.114013671875,50.47416305541992,-400.37318520182953,-87.84277631345277,0.46011295914649963,0.005195277
14,1,-1.0326595651112211,38.786258488116985,0.9654109477996826,1.8002816438674927,-214.828125,315.87506103515625,0.43548861145973206,3.73702335357666,123187.1484375,1.9053685665130615,393.7035217285156,36.518131256103516,315.77454109162846,217.1685452734581,0.436100035905838,0.34136364
14,1,-1.1511617810831631,42.334279740378044,1.082313895225525,1.893946886062622,135.51109313964844,367.2576904296875,0.5071973204612732,5.253734588623047,122497.1484375,2.0133211612701416,485.107177734375,34.2511100769043,362.82203949503185,-127.79844271391492,0.5023573637008667,0.11428725
14,1,-1.1483498189302952,46.078389883260826,1.1976183652877808,1.96445894241333,76.83631896972656,370.0766906738281,0.3308391869068146,0.23078575730323792,130171.2734375,2.010026454925537,443.949462890625,31.548763275146484,367.3472504607605,-77.70246649324673,0.33126652240753174,0.010243843
14,1,-0.9845279362109292,35.89237040941438,1.1458971500396729,2.0556352138519287,-300.65509033203125,-214.84336853027344,0.1800994724035263,0.27925756573677063,138627.375,2.070545196533203,678.33203125,70.29327392578125,-217.51978762843623,300.5148461738159,0.18215082585811615,0.62831527
14,1,-0.2098761553027763,40.240993666394424,1.179234266281128,2.0240917205810547,264.75970458984375,180.0049591064453,0.1829185038805008,0.29903724789619446,138627.375,2.0270297527313232,579.1683349609375,357.21405029296875,178.37890938329525,-265.91453646368893,0.18215082585811615,0.118417405
14,1,-0.41541453991751387,47.05477677855913,1.196899175643921,1.8097652196884155,-145.75958251953125,340.0439758300781,0.4290204346179962,5.373354911804199,108331.96875,1.9356193542480469,422.6762390136719,162.40261840820312,337.10584116896297,149.76677755715727,0.4322505295276642,0.0009825274
14,1,-0.17035143170277736,45.879048151879516,1.1899315118789673,1.8206638097763062,-338.9045715332031,175.7151336669922,0.47437265515327454,0.13354629278182983,109554.3515625,1.9658150672912598,462.08056640625,312.1520080566406,168.4622409778179,339.84202372341394,0.4758119583129883,0.005328158
14,1,-0.9863762578266628,46.85719257030155,1.1761382818222046,1.9804478883743286,6.834253787994385,344.2950744628906,0.4559461176395416,5.495949745178223,138459.234375,2.0654537677764893,547.8652954101562,56.53231430053711,339.78566121833495,-4.619281928225172,0.45668235421180725,0.013060072
14,1,-0.9126486584381772,46.55468002742961,1.195846676826477,1.9108483791351318,-294.9099426269531,159.29763793945312,0.251258909702301,5.365163326263428,112954.4921875,1.9776432514190674,463.05242919921875,56.62141799926758,158.98287709678442,295.68002446016925,0.2546739876270294,0.0012998149
14,1,-0.8818590030899008,43.020280852657386,1.0891518592834473,1.8519737720489502,346.5492248535156,6.35933780670166,0.3007410764694214,4.957398414611816,108273.8046875,1.9002630710601807,381.7812194824219,50.113494873046875,4.712610809420537,-343.3490932893101,0.3023829162120819,0.012880513
14,1,-0.9180043649626599,42.524201744563825,1.19629967212677,1.9457954168319702,-351.8840026855469,39.32614517211914,0.4625066816806793,0.4126063287258148,128355.828125,2.0615036487579346,574.4114379882812,69.37741088867188,34.154780287440865,350.7623763052172,0.45729050040245056,0.08215113
14,1,-1.154783952164812,46.71314082086354,1.123531460762024,2.093907117843628,357.88482666015625,-53.40763854980469,0.49528124928474426,1.0165644884109497,129070.21875,2.1747817993164062,704.1634521484375,49.30473709106445,-56.8692461514104,-363.50057729726063,0.4918377697467804,0.1488422
14,1,-0.9565063252509249,41.899885952141666,1.131996750831604,1.877563714981079,150.12677001953125,-385.8189392089844,0.342869371175766,0.561703622341156,133227.703125,1.9811725616455078,460.3956298828125,50.88901138305664,-388.0619762659134,-152.0155705964374,0.34398770332336426,0.04321347
14,1,-0.9444487989502859,40.10596258444827,1.0318655967712402,1.9382257461547852,-311.9527587890625,-140.0959014892578,0.45856136083602905,0.41734209656715393,128355.828125,2.019382953643799,536.7783813476562,61.002201080322266,-142.99649679587336,309.7389225439158,0.45729050040245056,0.49963444
14,1,-0.8584208987343889,49.21286520061001,1.15169358253479,2.0616841316223145,-173.16493225097656,-269.1768798828125,0.49310752749443054,1.0149884223937988,129070.21875,2.1868956089019775,698.5999145507812,96.78480529785156,-271.52884166628036,169.32494855418472,0.4918377697467804,0.033462796
14,1,-1.2915770773631539,45.75992441127562,1.18515944480896,1.8565648794174194,-282.7460632324219,261.40179443359375,0.49790942668914795,2.910785675048828,113603.6875,2.0422544479370117,499.0587463378906,25.501920700073242,266.3239101081024,283.9616166679917,0.4975746273994446,0.0072518867
14,1,-0.8179705488416351,47.1775283830351,1.1368448734283447,1.864137887954712,-112.91714477539062,341.7342224121094,0.3450500965118408,0.5798190236091614,133227.703125,1.9637203216552734,413.0369567871094,62.80839157104492,337.5218853700095,110.42127990772853,0.34398770332336426,0.003797503
14,1,-0.9626753147672193,48.113176244976415,1.1951349973678589,1.8505494594573975,239.91305541992188,-284.68212890625,0.47150111198425293,1.3431358337402344,114428.5703125,2.0042884349823,443.7867126464844,48.36131286621094,-285.3919428532851,-243.241194102192,0.4684852063655853,0.0024971864
14,1,-1.262872401371297,38.31340238093273,1.0604757070541382,2.0143537521362305,-66.28699493408203,361.90185546875,0.4469054341316223,2.3786685466766357,110746.5390625,2.0480728149414062,646.8978881835938,35.31523513793945,364.40140047339617,66.53318559294623,0.4461389183998108,0.70666826
14,1,-1.3925608544680275,25.31481790106061,1.1808351278305054,1.9651732444763184,256.96221923828125,-315.6070861816406,0.49076253175735474,1.0090892314910889,129070.21875,2.1637461185455322,1418.168212890625,57.43361282348633,-318.5779807224861,-259.475711282573,0.4918377697467804,0.9258789
14,1,-1.432595014001396,36.63131873450403,1.1522055864334106,1.9452201128005981,-301.3478088378906,-252.3553924560547,0.49090689420700073,2.902811050415039,113603.6875,2.0565733909606934,664.6403198242188,24.546518325805664,-249.02803228599686,301.63097682809905,0.4975746273994446,0.6095006
14,1,-1.0626505024897954,43.941387524302016,1.1736935377120972,1.8283995389938354,-398.7768859863281,127.47179412841797,0.3393978476524353,5.838776111602783,123875.65625,1.9433149099349976,455.4355773925781,39.425331115722656,124.63315377911681,401.10176321825514,0.33958330750465393,0.0028669026
14,1,-1.1104238749325201,48.96589358705114,1.1619733572006226,1.968462586402893,362.2716369628906,210.3092041015625,0.45160335302352905,4.923725605010986,155759.671875,2.095205068588257,526.056640625,40.79505920410156,207.68627448230717,-359.3421530816005,0.45090699195861816,0.0057369065
14,1,-1.1772374656684879,40.43711938976374,1.1414012908935547,1.9753623008728027,-52.51581954956055,352.4686279296875,0.5028508901596069,0.648924708366394,120398.1875,2.061815023422241,597.1297607421875,39.7036247253418,347.8586277990839,51.13684121116906,0.5006977319717407,0.3871047
14,1,-1.1864291462442875,36.62666807836633,1.1519262790679932,1.9009588956832886,382.2740173339844,-10.929149627685547,0.46622857451438904,1.2197736501693726,105088.0234375,2.050452947616577,610.9729614257812,39.773311614990234,-9.524475874801917,-385.19116307283304,0.47129133343696594,0.5149607
14,1,-0.9442067929379157,46.24125313827809,1.1637802124023438,2.0134522914886475,399.72735595703125,-39.94172668457031,0.32407262921333313,1.47651207447052,134595.125,2.0574004650115967,554.3911743164062,63.0389289855957,-39.235827535954634,-398.54553817119654,0.3279775381088257,0.019631524
14,1,-1.3008542698678451,47.38176699154092,1.1596324443817139,1.9888428449630737,-96.78174591064453,389.7726745605469,0.4959038197994232,0.6436499953269958,120398.1875,2.082444667816162,538.181640625,26.919872283935547,386.6137855771042,95.84382760221074,0.5006977319717407,0.030499496
14,1,-1.2042282158447943,49.27820936581302,1.19878351688385,1.9504318237304688,265.5713195800781,-205.11477661132812,0.44558101892471313,4.915561199188232,155759.671875,2.0980565547943115,581.677734375,36.345699310302734,-206.02242832601294,-261.63356822953097,0.45090699195861816,0.0027339945
14,1,-1.0110235574146895,37.64783726699927,1.146645188331604,1.8852709531784058,80.67473602294922,-349.9898681640625,0.27734217047691345,2.433058500289917,104523.3203125,1.9127954244613647,467.9685974121094,45.623878479003906,-348.19358043055473,-81.638683428147,0.27506279945373535,0.14632034
14,1,-0.8718972164873191,42.30945641512563,1.0945117473602295,2.0700876712799072,-395.6546325683594,-50.30598449707031,0.27626335620880127,2.5696065425872803,138773.609375,2.0933103561401367,629.4185791015625,84.53602600097656,-48.876087471969186,395.2788653401414,0.2795037627220154,0.22174363
14,1,-1.3562917457658488,34.99368281351184,1.0804203748703003,1.8936196565628052,-361.7988586425781,-204.5313720703125,0.4788631498813629,6.27613639831543,120274.0234375,2.0263383388519287,613.4186401367188,27.006208419799805,-210.04448027914023,360.01992134110685,0.4836001396179199,0.6797023
14,1,-1.193195407092725,36.584814144369126,0.9912171959877014,2.0263378620147705,6.498498439788818,333.6647033691406,0.4691410958766937,0.29999783635139465,157868.515625,2.170173406600952,795.0398559570312,50.955684661865234,327.73715001661446,-7.806503960389411,0.474624365568161,0.8634412
14,1,-1.8415447273964416,34.19594540071151,1.1940996646881104,1.8530467748641968,208.62869262695312,-328.68182373046875,0.34047648310661316,5.947445869445801,103121.7109375,1.959580421447754,607.2696533203125,8.746451377868652,-332.3385660348265,-207.89442920967593,0.33372926712036133,0.27862868
14,1,-1.3033931006841486,36.96509219986176,0.9064494967460632,1.805642008781433,59.31003952026367,-408.6872253417969,0.4825502932071686,6.271865367889404,120274.0234375,1.9484074115753174,486.74249267578125,24.204959869384766,-412.9910458419007,-58.637310314763965,0.4836001396179199,0.63881236
14,1,-1.4054731984857554,29.413182201223037,1.1228100061416626,2.073035955429077,66.01710510253906,-322.7364196777344,0.47318035364151,0.29985782504081726,157868.515625,2.21058988571167,1190.69384765625,46.80863571166992,-328.945307086956,-66.14491772565209,0.474624365568161,0.9196898
14,1,-1.129687114077166,44.98406149219557,1.1765981912612915,1.9839122295379639,-276.18341064453125,-238.33912658691406,0.274630606174469,2.440561532974243,104523.3203125,2.030388593673706,536.0413208007812,39.765830993652344,-235.88514087816506,276.62180817678524,0.27506279945373535,0.013122587
14,1,-0.8652602494277584,42.891182206798156,1.1851667165756226,1.847292423248291,-223.3662567138672,239.37306213378906,0.4581514298915863,5.153297424316406,122509.953125,1.9804835319519043,466.27264404296875,63.58856201171875,235.74455138993082,228.3275996727266,0.46257805824279785,0.013081739
14,1,-1.2052736417473244,40.04962565875033,1.1277799606323242,2.0331764221191406,193.31491088867188,286.26043701171875,0.19968809187412262,0.8732292056083679,133443.984375,2.0110137462615967,539.996826171875,33.6601676940918,287.07220688126284,-194.1493021674556,0.1983099728822708,0.22196649
14,1,-0.7613647845228008,40.401894188299295,1.1187310218811035,1.944549560546875,90.54545593261719,-402.68707275390625,0.2555724084377289,0.1501121073961258,121007.953125,1.9787904024124146,489.33087158203125,84.76905059814453,-406.29325645811986,-87.81692070134346,0.24891337752342224,0.12494924
14,1,-1.5716910801769584,26.065460586557915,0.9978413581848145,1.8336504697799683,408.9632873535156,-40.12453079223633,0.20693907141685486,5.872035503387451,135451.1875,1.9083161354064941,533.0151977539062,14.290435791015625,-41.48062056992438,-409.10146029921077,0.2051679939031601,0.8974919
14,1,-0.8707444745192001,33.68477665492917,1.1844865083694458,1.9674431085586548,-297.8168029785156,-177.1626434326172,0.2856811583042145,2.894744634628296,137942.40625,2.0012400150299072,677.0263671875,91.17182159423828,-174.23480520719875,296.0515698471513,0.2896164059638977,0.64458
14,1,-0.9749703429143611,39.883620765408885,1.138140082359314,1.960980772972107,-387.542236328125,-96.64918518066406,0.5097480416297913,2.304025650024414,107495.0859375,2.0640125274658203,614.2345581054688,65.06736755371094,-94.66651178233109,383.1534942362473,0.5158867239952087,0.39135325
14,1,-1.4592819752598352,37.18533301092593,1.1021065711975098,1.8802109956741333,-66.87434387207031,-370.613525390625,0.2768974304199219,3.9455788135528564,114406.2421875,1.9232183694839478,434.8026123046875,15.101055145263672,-369.4990885039652,70.56740220750149,0.27235427498817444,0.21439983
14,1,-0.9810322705293061,49.842834128012356,1.136885404586792,1.8097652196884155,342.90576171875,106.71170806884766,0.42945387959480286,1.1586430072784424,121471.2421875,1.9311907291412354,392.71942138671875,41.02504348754883,104.28668519950446,-345.0828692790033,0.42662060260772705,0.0011728136
14,1,-1.4999946597212674,44.6311345929294,1.0977801084518433,1.940364956855774,-394.5832824707031,-110.83788299560547,0.37974920868873596,0.3510192632675171,128688.53125,2.0113964080810547,483.3415832519531,15.284690856933594,-114.27842859117668,404.9953296875143,0.38203883171081543,0.050506406
14,1,-1.0497721232308763,43.57423631201068,1.1384644508361816,1.8535875082015991,-190.72808837890625,-274.66815185546875,0.281183660030365,2.464939832687378,132641.28125,1.8648844957351685,355.32073974609375,31.68451499938965,-272.2274416882263,190.58574302357624,0.2800334095954895,0.007119093
14,1,-1.2597510797975742,45.861971224959795,1.1570974588394165,1.8414709568023682,-370.3877868652344,116.76931762695312,0.38225460052490234,0.3615293800830841,128688.53125,1.9780468940734863,423.0416259765625,23.26109504699707,113.95582821143624,370.51289751782207,0.38203883171081543,0.00516257
14,1,-1.0088749500437764,27.516193669139394,1.1659369468688965,1.8381986618041992,362.6685791015625,174.4534454345703,0.26791322231292725,2.5500423908233643,132641.28125,1.8794265985488892,513.4418334960938,50.30549621582031,175.8180733755447,-363.49742130929974,0.2800334095954895,0.8415351
14,1,-1.334348386692494,34.12283030972427,1.0490508079528809,1.8815618753433228,291.3211669921875,179.40843200683594,0.2704552710056305,3.9595346450805664,114406.2421875,1.8835231065750122,455.3963623046875,21.088180541992188,180.76928906561287,-289.98010065326537,0.27235427498817444,0.63140786
14,1,-0.774228755203634,42.58726117954234,1.1019800901412964,1.9741688966751099,-408.7939758300781,-66.27854919433594,0.21075181663036346,4.436517715454102,122604.25,2.0204849243164062,507.70635986328125,85.38534545898438,-66.8903499624208,410.88048139459494,0.2152155041694641,0.03790658
14,1,-1.0451098225426927,46.72292564570869,1.1249390840530396,2.0014634132385254,-265.6561584472656,219.6737518310547,0.21560297906398773,4.456648826599121,122604.25,2.0140113830566406,484.88507080078125,43.70468521118164,219.89539588978386,267.7645440886527,0.2152155041694641,0.0070777126
14,1,-1.1191962148489358,35.569946901853214,1.1870660781860352,1.979844570159912,285.7611389160156,278.94219970703125,0.35350239276885986,4.105763912200928,124581.6953125,2.0935158729553223,782.5595092773438,59.473079681396484,279.4884405561139,-283.31722161162145,0.3546200096607208,0.5396562
14,1,-1.5792089486071232,49.3894663450738,1.1616233587265015,1.9009588956832886,151.53836059570312,-363.7833251953125,0.465617299079895,4.604307651519775,101739.9921875,2.0474648475646973,498.98309326171875,13.148420333862305,-362.60585972515435,-148.07509703783137,0.46479275822639465,0.0024884243
14,1,-1.39031620117845,48.21831659086252,1.1436783075332642,1.9681850671768188,280.8382263183594,-311.89276123046875,0.32596296072006226,2.7573888301849365,127017.6796875,2.034209966659546,501.16162109375,20.401376724243164,-309.60990928428794,-280.9931900618269,0.3310569226741791,0.0053926
14,1,-1.281864324598394,45.414263386246425,1.1822251081466675,1.8939353227615356,-357.4547119140625,-151.11607360839844,0.49617886543273926,2.9431328773498535,107541.703125,2.0744035243988037,586.0139770507812,30.62261199951172,-149.12592854591307,360.55259505533087,0.49803057312965393,0.013612337
14,1,-1.0151561910232374,49.19966984995921,1.1257596015930176,2.057980537414551,251.0279083251953,-274.5499267578125,0.45049259066581726,0.8803960680961609,137014.171875,2.198674201965332,732.734130859375,70.76029205322266,-277.3976715049638,-255.8766943805319,0.4487730860710144,0.032577388
14,1,-1.782946193299195,27.13217844577177,1.1564710140228271,1.8280826807022095,0.4896935820579529,370.2431335449219,0.36699968576431274,4.411285877227783,108629.3671875,1.8466796875,547.0531616210938,9.017341613769531,370.059421930773,2.7625628843255394,0.36877134442329407,0.8611504
14,1,-0.8461009487313361,44.150046388552816,1.0762189626693726,1.9099867343902588,-223.54263305664062,-259.93365478515625,0.3468947112560272,0.901142954826355,157221.296875,1.9408888816833496,432.629638671875,61.66157531738281,-261.1430274366715,221.87510580506137,0.3435109853744507,0.04129945
14,1,-0.956291279778488,38.629401207729,1.1253764629364014,1.8056312799453735,-391.0823974609375,-140.13848876953125,0.34079083800315857,3.6428067684173584,127716.59375,1.8907769918441772,405.3200988769531,44.82351303100586,-136.60032421765038,394.11943928441644,0.34047582745552063,0.0578316
14,1,-1.916137438559321,36.04345783185928,1.1461113691329956,1.833145022392273,118.89183044433594,396.2699890136719,0.1841435730457306,5.264190196990967,118605.75,1.835586667060852,359.7269592285156,4.363405704498291,395.4892376065213,-117.86900264923976,0.20598964393138885,0.064383395
14,1,-0.8374124326778706,28.02027455765829,1.1631158590316772,1.8095664978027344,325.0726318359375,-100.70287322998047,0.28086718916893005,1.6148368120193481,115994.203125,1.8739959001541138,596.9434204101562,86.80010223388672,-102.53188237591114,-327.9808554118821,0.2774236500263214,0.8165333
14,1,-0.9208072007779555,40.78580061730846,1.1223503351211548,1.8473414182662964,-109.39979553222656,301.2424011230469,0.25601083040237427,6.172098159790039,125791.75,1.8538459539413452,329.7803955078125,39.57460021972656,297.12840491240945,107.73279664081649,0.25652578473091125,0.014773897
14,1,-1.2849342970814126,46.06470631748672,1.1978964805603027,2.042273998260498,384.020751953125,116.82369232177734,0.23987644910812378,1.4121676683425903,153919.21875,2.0826611518859863,580.5946044921875,30.125707626342773,116.14857313977795,-384.93642413955394,0.2431587129831314,0.012482498
14,1,-0.9299195276076924,48.571054351344344,1.155901312828064,1.868144154548645,258.7032165527344,304.1648864746094,0.2993754744529724,1.208716630935669,119627.0390625,1.9681951999664307,421.7428894042969,49.55955123901367,303.4938994750523,-260.15449170767,0.2972395420074463,0.0013263349
14,1,-1.0814709513288108,28.277557303748967,1.1348912715911865,1.8207768201828003,-177.23756408691406,329.15673828125,0.337126761674881,3.642672300338745,127716.59375,1.9000734090805054,595.6035766601562,49.37253952026367,332.79968339745295,179.14938021177224,0.34047582745552063,0.83920443
14,1,-1.1261472775795185,41.819394480286206,1.1471058130264282,1.8844190835952759,-20.31971549987793,-345.37969970703125,0.2558475732803345,3.5896799564361572,132495.65625,1.9171339273452759,405.7037353515625,30.343124389648438,-345.1592776982857,21.27863818390339,0.25926288962364197,0.015549524
14,1,-1.1012366994851197,33.66992781018964,1.1604576110839844,1.9173457622528076,-268.27239990234375,229.36087036132812,0.332919180393219,0.16355302929878235,120860.53125,1.9956705570220947,636.01171875,50.37644958496094,225.70651441615004,268.4511911062461,0.3320830166339874,0.6763167
14,1,-1.191193680862945,42.54440309038549,1.1666144132614136,1.9925589561462402,-296.5267333984375,-257.76385498046875,0.3719145655632019,3.5129058361053467,143439.71875,2.076362133026123,605.6976318359375,38.99968338012695,-257.3842361727046,296.76222551032913,0.36735039949417114,0.07732684
14,1,-1.0111882752317405,45.94762983698299,1.1602041721343994,1.9506136178970337,-180.18490600585938,-352.5769958496094,0.33226943016052246,0.1651272475719452,120860.53125,2.002776622772217,474.1195373535156,46.20602798461914,-356.87899826053695,180.43857655961048,0.3320830166339874,0.013648924
14,1,-1.0320098516774545,49.49318620373018,1.1450482606887817,1.8821302652359009,-174.9202117919922,318.0267639160156,0.4716004729270935,3.977008104324341,145281.375,2.048731565475464,504.369140625,46.85303497314453,321.9310020624271,183.0802244432577,0.4716421961784363,0.0025229359
14,1,-0.8905772948212866,43.987602471100224,1.190879225730896,1.8507179021835327,-307.8816223144531,237.6371307373047,0.24964949488639832,5.798811912536621,112320.734375,1.9186664819717407,404.4254455566406,52.03078079223633,232.87806864183563,309.00447497229806,0.2503201365470886,0.0016459895
14,1,-0.7007113829685918,49.824987386308834,1.1999214887619019,1.8505494594573975,117.64226531982422,316.8052978515625,0.4705705940723419,3.9803404808044434,145281.375,2.0084688663482666,448.0550537109375,89.2523193359375,317.5060957105089,-112.47550595151613,0.4716421961784363,0.00088662695
14,1,-0.7542348750315251,48.8349402237483,1.1191092729568481,1.9981541633605957,-273.4848327636719,252.69895935058594,0.4922694265842438,3.601569890975952,151161.296875,2.184267044067383,694.8440551757812,122.36356353759766,257.6891234482344,277.08542017947514,0.48272234201431274,0.019380134
14,1,-0.8729019900401288,44.01448104930749,1.1872411966323853,2.0213353633880615,-367.9499816894531,-56.67466735839844,0.33462637662887573,0.6054447889328003,142557.71875,2.075192928314209,575.1029052734375,77.06248474121094,-58.26299400361248,366.65145403891586,0.3365062475204468,0.051572327
14,1,-1.0716150978505676,44.20403372913696,1.0987980365753174,1.8582414388656616,-185.76747131347656,-301.93768310546875,0.4932172894477844,0.666654646396637,123616.625,2.002964973449707,470.36651611328125,39.8859748840332,-304.2657992042505,184.05639927896408,0.49719974398612976,0.044791672
14,1,-0.6079703054434906,36.22981433515389,1.053986668586731,1.9463320970535278,352.1050720214844,53.144588470458984,0.47159910202026367,0.8457180857658386,151878.3125,2.145825147628784,830.0859375,204.7163543701172,49.874851587014106,-355.0845172360264,0.47295907139778137,0.7770683
14,1,-1.0222178012523127,36.43602151713902,1.1952712535858154,1.9348385334014893,393.3401184082031,58.4780387878418,0.2661547064781189,3.3931467533111572,114181.53125,1.9356358051300049,522.7559814453125,49.668418884277344,58.427637199665504,-391.3030239982053,0.26765933632850647,0.22548328
14,1,-1.422217723320873,38.632512728378444,1.1356022357940674,1.8981444835662842,-82.0246810913086,404.3880310058594,0.3006560802459717,4.811913013458252,140336.296875,1.98289954662323,515.235595703125,19.48883628845215,405.63097129186576,84.74217435391992,0.3050811290740967,0.10983177
14,1,-1.2317411604017479,28.017633528514207,1.1866512298583984,1.9270893335342407,342.1288757324219,56.29508590698242,0.19523674249649048,3.498352289199829,138677.875,1.9488407373428345,695.628173828125,40.797630310058594,55.51579693866984,-338.85196837173976,0.19306792318820953,0.84258145
14,1,-1.1269180720473047,48.959788125843346,1.1667557954788208,1.9585309028625488,-84.1260986328125,-368.4806823730469,0.5035465359687805,4.182660102844238,113561.4296875,2.085397243499756,551.822265625,41.1983757019043,-367.89820181326775,87.2756444491143,0.5044575929641724,0.0073640677
14,1,-1.0027384538263773,38.73237605223581,1.1623424291610718,1.8006106615066528,56.84950256347656,371.9519958496094,0.4785272479057312,5.2389326095581055,112012.65625,1.9065093994140625,471.55072021484375,46.85857009887695,371.4231496080869,-51.543944509556376,0.48018157482147217,0.07329625
14,1,-1.701923357182421,38.49033799038805,1.0011969804763794,2.053492784500122,357.9167175292969,10.689247131347656,0.30888476967811584,4.812197208404541,140336.296875,2.0556044578552246,609.4456787109375,12.106205940246582,10.183762906539641,-356.60955668988566,0.3050811290740967,0.6873819
14,1,-1.168004409005203,49.203827884295414,1.173838496208191,1.808316707611084,179.36590576171875,-275.1396484375,0.3006586730480194,5.7085771560668945,115370.5625,1.8470498323440552,328.4998474121094,22.31150245666504,-277.6024340112467,-176.43499617108358,0.29810068011283875,0.00024348275
14,1,-0.977504927715622,46.26877809018052,1.1597785949707031,1.8443386554718018,-323.1626892089844,165.68536376953125,0.33184289932250977,2.4554524421691895,117215.21875,1.925857663154602,393.1753845214844,41.40762710571289,166.29617121389134,319.13788415973346,0.3371211290359497,0.0023110744
14,1,-0.8880155602729147,44.95331095016923,1.1672555208206177,1.9825937747955322,-350.0416564941406,46.34825897216797,0.4576042592525482,2.4538447856903076,129902.5234375,2.1094324588775635,635.0758056640625,82.18820190429688,48.03575536702413,349.18854189264806,0.45819833874702454,0.04626346
14,1,-0.9443614049010841,40.04341177918797,1.0763293504714966,1.8666797876358032,-174.81201171875,351.93084716796875,0.3637799918651581,5.174167633056641,118358.796875,1.9259306192398071,443.506103515625,50.41239547729492,350.485392739129,175.82799244336292,0.36559537053108215,0.10294606
14,1,-0.9360683632467777,40.56923335409027,1.132176160812378,1.9760924577713013,290.160888671875,-274.92291259765625,0.381883442401886,5.120227813720703,139637.703125,2.1031906604766846,707.0572509765625,81.91919708251953,-276.96625221285984,-287.0866643169689,0.38353976607322693,0.17826533
14,1,-0.645802274044375,40.77134434765438,1.0898215770721436,1.9044846296310425,-362.9892883300781,-68.19776153564453,0.3650551438331604,5.17183780670166,118358.796875,1.963988184928894,462.2081298828125,104.48041534423828,-69.33120405914848,365.05137285376657,0.36559537053108215,0.10226089
14,1,-1.258043583190321,47.69992477535867,1.1543269157409668,1.8738508224487305,306.178955078125,-279.90185546875,0.2874545156955719,3.382929563522339,116474.3359375,1.9410954713821411,409.55316162109375,22.608137130737305,-279.0898621945231,-307.01379369839105,0.2841614782810211,0.0013415125
14,1,-0.9514954652859102,48.46715722659086,1.1657657623291016,2.087247610092163,377.3060607910156,101.2005386352539,0.3796784579753876,5.114134788513184,139637.703125,2.1730237007141113,682.2586669921875,76.28743743896484,100.91218095937788,-373.9108717263115,0.38353976607322693,0.017028892
14,1,-0.772031974356991,46.58167833283097,1.1279847621917725,1.8311389684677124,26.81721305847168,-375.05328369140625,0.3079036474227905,3.304762125015259,138020.8125,1.916942834854126,387.45513916015625,65.49208068847656,-371.94629738873067,-28.177684628070637,0.3029002547264099,0.0018422226
14,1,-1.2225825860467325,30.49924106191644,1.0493557453155518,1.93510901927948,-332.26849365234375,249.33810424804688,0.34707877039909363,1.9305959939956665,122127.2421875,1.9583640098571777,552.1861572265625,33.07513427734375,250.65059633554628,327.23204492485513,0.34640032052993774,0.8893105
14,1,-1.0405283237728975,42.03443129511098,1.0614339113235474,1.8589447736740112,151.68759155273438,327.20098876953125,0.4213055372238159,1.46547269821167,127273.0,1.981514811515808,497.31451416015625,45.30038070678711,327.2848958508326,-154.78777794153015,0.4225326478481293,0.09545559
14,1,-1.1863084138421627,40.83908681702269,1.0724695920944214,2.0324790477752686,-107.39753723144531,-364.1995849609375,0.34676679968833923,1.9215915203094482,122127.2421875,2.01841402053833,589.507080078125,38.3865852355957,-363.4008112060674,106.1916670877818,0.34640032052993774,0.40432543
14,1,-1.3792917340842274,31.905855544792235,1.1963026523590088,1.8343405723571777,70.32408142089844,-384.7177429199219,0.3304861783981323,5.099391460418701,126834.578125,1.908410668373108,636.8433837890625,26.59128189086914,-385.1066349049441,-67.44188617963924,0.33222490549087524,0.48621503
14,1,-1.3518161245910834,43.87461891335773,1.1436386108398438,1.9846680164337158,-343.5099182128906,170.14877319335938,0.4528985917568207,5.5147318840026855,151552.359375,2.1500802040100098,689.2990112304688,30.66126823425293,165.252056691844,344.94924515272703,0.4556937515735626,0.06605672
14,1,-1.1030337539761237,32.26933723199435,1.1745765209197998,1.824815273284912,12.477314949035645,410.6507873535156,0.40591973066329956,3.90264892578125,121402.625,1.894736409187317,532.6951904296875,42.01883316040039,412.04552016453954,-9.187213772318824,0.41130441427230835,0.59941334
14,1,-0.9327539772624153,41.91544343650408,1.1363071203231812,1.9108483791351318,163.6904296875,-284.8568420410156,0.24790655076503754,4.578494071960449,103389.484375,1.9767600297927856,487.2023620605469,56.87935256958008,-283.5094907113207,-160.78964035768112,0.24706558883190155,0.019994747
14,1,-1.0969376796238959,39.87457227910993,1.0877997875213623,1.8726645708084106,-14.446431159973145,389.475341796875,0.24686598777770996,2.5758016109466553,100009.234375,1.8709585666656494,385.7093811035156,30.854684829711914,390.0143043133973,13.02753557876701,0.24640624225139618,0.06775974
14,1,-1.3161131189845299,34.722003018031,1.0702754259109497,1.8720067739486694,363.7864685058594,-200.8404541015625,0.24306657910346985,4.581855297088623,103389.484375,1.8909261226654053,441.1666259765625,21.3052921295166,-200.6983179944292,-358.9329824669928,0.24706558883190155,0.45241696
14,1,-1.344011244522603,43.570522806458605,1.0738502740859985,1.9820921421051025,-363.1954650878906,166.22177124023438,0.3025670051574707,1.1854815483093262,151154.46875,2.018794298171997,493.21661376953125,22.33698272705078,165.03539249244915,358.89461170573617,0.3007049262523651,0.08977237
14,1,-1.0326833941402958,38.63018643978597,1.1304435729980469,1.9716997146606445,-262.0840148925781,-300.31109619140625,0.42528897523880005,3.9440693855285645,129698.59375,2.139354705810547,800.2899169921875,74.22724914550781,-298.8965616909122,264.93841343790916,0.4253036677837372,0.41817006
14,1,-1.1815910752291345,44.4318158435253,1.1843712329864502,1.9947960376739502,-251.66470336914062,284.1172790527344,0.25242942571640015,5.630340576171875,105524.09375,2.011035442352295,519.239013671875,34.18022918701172,281.6526039513217,252.94871102029916,0.24820207059383392,0.010291079
14,1,-1.1267956890629702,47.50455533769696,1.196271538734436,1.8061063289642334,33.905025482177734,363.373291015625,0.3361779749393463,3.5079972743988037,105811.046875,1.888917326927185,365.6376953125,27.305723190307617,362.35234498725566,-36.925886292040474,0.33684784173965454,0.00054656446
14,1,-1.3306618660227345,42.42110687759012,1.1016764640808105,1.9226360321044922,-47.52406311035156,-397.3057861328125,0.48053988814353943,2.301974058151245,115119.078125,2.0785329341888428,617.1146850585938,28.820566177368164,-396.2227440771412,46.990578102545015,0.48559606075286865,0.14279686
14,1,-0.7555658505495574,31.56488780280946,1.058489441871643,1.8176813125610352,-54.6122932434082,-361.79705810546875,0.35357752442359924,1.9076417684555054,109656.3359375,1.9713928699493408,643.1689453125,112.9168701171875,-360.58675213821016,52.894536397687844,0.359144926071167,0.79177856
14,1,-1.117424232792649,35.82914825319683,1.1633859872817993,1.7996602058410645,175.9718017578125,-314.2091369628906,0.512532651424408,3.8149163722991943,112174.3515625,1.976621389389038,613.0112915039062,46.77817916870117,-310.0616071067538,-172.2256487986099,0.5128944516181946,0.32369858
14,1,-1.0650297609963686,36.04445336304125,1.1699073314666748,2.0791680812835693,355.72119140625,-116.44248962402344,0.2581191658973694,2.7398788928985596,142644.078125,2.1020171642303467,728.079833984375,62.682823181152344,-113.80255380702634,-355.73974962219614,0.2588539123535156,0.6604204
14,1,-1.0559766260335957,48.03995095470327,1.1605278253555298,1.9688152074813843,-159.39976501464844,340.583984375,0.2825491726398468,4.006039142608643,141048.171875,2.0080184936523438,485.93817138671875,42.71725845336914,341.16597783169993,162.49935069096813,0.2794085741043091,0.003161663
14,1,-1.0002736790613618,40.09182601107636,1.165035367012024,2.093231201171875,34.9056282043457,-329.7791442871094,0.26483154296875,2.779151439666748,142644.078125,2.142343044281006,756.5189208984375,75.60413360595703,-329.5747817420979,-36.27954557527568,0.2588539123535156,0.31858099
14,1,-0.8683090591877075,45.636219765169265,1.1444231271743774,2.0100789070129395,-56.58884048461914,355.2677917480469,0.32473456859588623,4.849732875823975,144153.578125,2.090301990509033,594.664794921875,80.53091430664062,354.11498568330313,59.1026967886737,0.3290207087993622,0.019944342
14,1,-1.0945100639311478,49.76741726998181,1.1922454833984375,1.994683027267456,-15.663473129272461,-397.6683044433594,0.46389466524124146,3.473787307739258,129146.1171875,2.0731301307678223,514.104248046875,41.35614776611328,-394.7671652119159,18.2123874514229,0.4639728367328644,0.0054269223
14,1,-0.9842089224027121,39.63109455159137,1.1740423440933228,1.995065450668335,-389.78387451171875,127.56219482421875,0.3792453408241272,4.813855171203613,135795.296875,2.088028907775879,681.4330444335938,70.66651153564453,126.2789002530914,392.591314489035,0.38460054993629456,0.21949798
14,1,-0.6685918372979877,47.799744774007294,1.1983681917190552,1.830215334892273,-285.8665771484375,-174.6273193359375,0.39274734258651733,2.2130115032196045,122483.0703125,1.937555193901062,384.31256103515625,82.43131256103516,-172.74444081041355,284.1918240527489,0.3893202841281891,0.0011239338
14,1,-1.1481280879507505,42.91345370667665,1.039826512336731,1.9801216125488281,-341.80450439453125,239.20423889160156,0.38333365321159363,4.808023452758789,135795.296875,2.0914559364318848,618.0682983398438,43.94478988647461,238.47548432392358,344.41837905465013,0.38460054993629456,0.16633117
14,1,-0.9516412778825925,36.344591256470835,1.1548190116882324,1.9107105731964111,15.446775436401367,-369.82891845703125,0.24707715213298798,3.346285104751587,153311.125,1.9555222988128662,500.564453125,55.952301025390625,-369.52194814847314,-12.837656098457847,0.24781394004821777,0.23470202
14,1,-1.368826728281105,45.60256138099029,1.1202349662780762,1.9089345932006836,390.3706359863281,-86.7488021850586,0.27190738916397095,4.393270969390869,136102.359375,1.9909605979919434,444.60882568359375,19.017309188842773,-86.14807403475628,-387.0521222653112,0.2695968747138977,0.0054439204
14,1,-0.8802425442234586,40.07319567610601,1.1939154863357544,1.977012038230896,-204.6982879638672,292.4017333984375,0.31503182649612427,1.6048177480697632,141714.625,2.016481637954712,556.6405029296875,73.33843994140625,293.2272021253572,201.44855293991682,0.3161257207393646,0.12427832
14,1,-0.8623624559656834,46.91550132270123,1.1959341764450073,1.817389726638794,-379.9068908691406,105.41913604736328,0.43190017342567444,0.9832062721252441,131760.21875,1.936086654663086,364.8546447753906,50.09063720703125,102.95935186517877,379.10113591545434,0.4351962208747864,0.002126363
14,1,-1.4576988202422048,42.28132128168156,1.0760092735290527,1.8589447736740112,332.4477844238281,-111.05231475830078,0.42344608902931213,4.015878677368164,128425.125,1.9781646728515625,453.2342224121094,15.798691749572754,-108.57666314090106,-328.0910819031034,0.42697229981422424,0.05776246
14,1,-1.31027729791666,45.36048160498994,1.0784733295440674,1.9411401748657227,231.69981384277344,289.8375549316406,0.460997998714447,1.2333647012710571,143472.453125,2.1515603065490723,665.8366088867188,32.59035110473633,287.9585987717404,-236.43487541572506,0.45674216747283936,0.06577297
14,1,-1.0208529305282634,44.11092550482541,1.19175386428833,1.8703954219818115,-352.0355529785156,5.107743740081787,0.42558661103248596,4.158400535583496,120064.7109375,1.9918845891952515,510.8013916015625,48.68534469604492,9.07458510547919,354.4946661093355,0.42706847190856934,0.008549539
14,1,-1.3052793121351653,40.505488326417776,1.107744812965393,1.9757925271987915,56.483760833740234,323.2903747558594,0.4544696509838104,2.344698190689087,144621.453125,2.146425247192383,704.8531494140625,34.899410247802734,325.6530114328325,-58.41741032216709,0.4525221884250641,0.35734758
14,1,-1.2519133147511243,47.65451066440522,1.191738247871399,2.0422470569610596,373.60931396484375,161.13699340820312,0.46014606952667236,1.2494062185287476,143472.453125,2.1776392459869385,716.156494140625,40.095306396484375,158.47625980273773,-378.1758745521029,0.45674216747283936,0.027696796
14,1,-1.3525525674798302,48.43932777387559,1.15171217918396,2.0946738719940186,-286.78460693359375,156.15013122558594,0.45751848816871643,1.2317496538162231,143472.453125,2.2127504348754883,724.7423095703125,32.18323516845703,153.03648410957732,283.05657471262555,0.45674216747283936,0.050985467
14,1,-1.1374294941985332,39.927069020662444,1.1275252103805542,1.9219294786453247,-251.1699676513672,287.5164489746094,0.17772015929222107,6.201507091522217,129436.40625,1.9904578924179077,484.1618957519531,35.28254318237305,284.08764586020425,252.09384883653647,0.17999747395515442,0.032850213
14,1,-0.7108988667816876,45.41466861998253,1.1528432369232178,2.05104923248291,-250.58900451660156,238.8855743408203,0.3314053416252136,3.633559226989746,158368.1875,2.0697672367095947,549.663818359375,106.95420837402344,240.97211603455338,253.80175558796452,0.3344244360923767,0.03922398
14,1,-1.106359326799037,43.98271220556195,1.1357327699661255,1.972670555114746,-233.2287139892578,291.7461242675781,0.3967473804950714,3.3735427856445312,128602.0546875,2.0338473320007324,515.9502563476562,40.387542724609375,296.235833186183,235.10977832122802,0.39412593841552734,0.052748013
14,1,-1.0596004153129583,48.45830471205138,1.1889301538467407,1.8865835666656494,-377.27154541015625,22.617345809936523,0.5150932669639587,1.761914849281311,155907.71875,2.005405902862549,453.2002258300781,39.508323669433594,23.327255302448087,373.28158264412724,0.5126540660858154,0.0044513093
14,1,-1.3427798618065132,37.83303333273861,1.1868455410003662,1.9895291328430176,119.76634979248047,302.16986083984375,0.4734048843383789,3.61645770072937,117110.0390625,2.1194982528686523,753.7750244140625,34.23423385620117,306.6525548392265,-114.02412000940261,0.4734986424446106,0.4937494
14,1,-1.362283902456091,47.84885092756012,1.1995445489883423,1.9030561447143555,-383.5629577636719,-72.91542053222656,0.19924165308475494,1.043035864830017,115864.0625,1.9106436967849731,369.4731750488281,16.04339599609375,-74.62455209777349,380.54971365731024,0.1958804726600647,0.00090782525
14,1,-1.589781894568628,48.14189681028065,1.1786255836486816,1.9312399625778198,367.67132568359375,-70.93772888183594,0.46027854084968567,3.968846559524536,130840.7421875,2.011507987976074,459.8056945800781,11.824663162231445,-66.47865609197119,-365.07764688099155,0.4595397114753723,0.0050682006
14,1,-0.958301643599863,45.823370497221184,1.1632425785064697,1.8870373964309692,-313.51904296875,190.70628356933594,0.37667813897132874,4.653723239898682,136972.359375,1.9542237520217896,450.12603759765625,49.54862594604492,185.28691216513988,319.8099382171196,0.3764149844646454,0.0046673794
14,1,-1.0195775558086546,47.157724018447674,1.18355393409729,1.9865026473999023,203.49880981445312,-271.2832946777344,0.33299240469932556,3.6561217308044434,158368.1875,2.0244638919830322,495.84039306640625,47.398372650146484,-269.59588421894597,-201.1836020751765,0.3344244360923767,0.006390367
14,1,-0.6597362830509303,36.16507863829186,1.1843845844268799,1.897996187210083,-90.177490234375,-374.1710510253906,0.19819355010986328,2.0038459300994873,143721.671875,1.921417474746704,512.0560913085938,112.09361267089844,-372.22960325835135,86.91534204342827,0.20091105997562408,0.14730398
14,1,-0.9849142908974706,49.23962316123777,1.1934276819229126,1.8593990802764893,123.5093002319336,352.1944885253906,0.19900889694690704,1.0261732339859009,115864.0625,1.844440221786499,306.3089904785156,31.71349334716797,351.42573740220485,-123.46732526473549,0.1958804726600647,0.0003616393
14,1,-1.0140795325174716,49.74326354183482,1.1166706085205078,1.8713467121124268,-312.8175354003906,123.44052124023438,0.2179470807313919,3.1459903717041016,104832.0546875,1.9130189418792725,343.36669921875,33.241249084472656,124.32779047276648,315.2299583211992,0.2154407501220703,0.00061357365
14,1,-1.0935925277437337,45.889960601806784,1.1686729192733765,1.9729547500610352,322.05743408203125,-78.40796661376953,0.36588045954704285,2.378600835800171,113076.28125,2.0000247955322266,474.5419921875,38.254364013671875,-75.67218696814959,-326.3816425373358,0.36381158232688904,0.015509574
14,1,-1.034737743744277,45.208454450648055,1.1726661920547485,2.014838218688965,-40.128231048583984,396.5374450683594,0.5036120414733887,1.5925769805908203,145235.15625,2.184900999069214,799.6361083984375,73.81660461425781,396.64282132661566,37.14981934649201,0.502814531326294,0.080679215
14,1,-1.050484143563494,32.216038862569874,1.151810884475708,1.8922592401504517,122.04096984863281,-322.2490234375,0.46998831629753113,3.8538267612457275,125218.9453125,2.026139974594116,755.9415283203125,67.2981948852539,-317.7891306795012,-117.55626267119628,0.47471150755882263,0.7908899
14,1,-1.1458515074166253,45.62252488044782,1.1612293720245361,2.0798487663269043,-371.2461853027344,-164.08135986328125,0.2557862401008606,4.466691017150879,155296.1875,2.110884189605713,594.5987548828125,42.498291015625,-162.8976546543703,373.62274002976903,0.2534711956977844,0.026382284
14,1,-1.148264242892152,46.80510519717977,1.1692116260528564,1.994246244430542,178.78421020507812,302.9928894042969,0.4224875569343567,2.5989181995391846,143606.484375,2.104193687438965,598.1002807617188,42.51172637939453,306.0891162184453,-179.64418693506482,0.4213763475418091,0.018960573
14,1,-0.7603772301402749,43.58536373957411,1.1751126050949097,1.947967767715454,-293.0243225097656,-246.45074462890625,0.3164292871952057,1.273283839225769,149197.484375,2.0180792808532715,520.4476318359375,90.36480712890625,-248.23423741813244,291.58871018179315,0.3157895505428314,0.02399909
14,1,-1.0751334733755311,25.99486399407448,1.156793236732483,1.9665193557739258,-50.37984848022461,-406.9180603027344,0.308665007352829,1.8573745489120483,134076.421875,2.0060794353485107,842.938232421875,70.90251922607422,-406.3013274650835,47.56999309676468,0.30832532048225403,0.9107248
14,1,-1.2263464184866462,44.910994294614184,1.1698411703109741,2.0341413021087646,-186.1688690185547,319.0075378417969,0.5074063539505005,1.592494010925293,145235.15625,2.202563762664795,832.1066284179688,49.41191482543945,319.5322598148972,181.6657162407616,0.502814531326294,0.11507569
14,1,-1.183947459127391,36.018211018386694,1.186971664428711,2.0084939002990723,326.505615234375,-240.825927734375,0.34213757514953613,2.870121717453003,123761.2890625,2.0542075634002686,711.7047729492188,46.59630584716797,-234.04024989998027,-324.0597396750989,0.34064263105392456,0.57519007
14,1,-0.9399339786236037,33.63827488610848,1.1730725765228271,1.8054887056350708,-16.428014755249023,409.1847839355469,0.24677413702011108,5.168818950653076,115089.2109375,1.8250168561935425,427.5921630859375,49.10151290893555,408.82990159103434,18.39597240739106,0.2476029247045517,0.16844544
14,1,-1.2445146188149503,42.34046752050415,1.1639865636825562,1.9699699878692627,364.02093505859375,193.0011749267578,0.2957744896411896,4.7997002601623535,134371.28125,2.0394222736358643,552.6329345703125,31.47174072265625,194.0267857718537,-361.69065993411976,0.2989915609359741,0.035414584
14,1,-1.2684747784152979,44.2925673779361,1.1910444498062134,1.8789693117141724,269.74884033203125,212.45970153808594,0.21493303775787354,2.5047926902770996,122093.6015625,1.9458470344543457,443.162109375,23.882843017578125,214.29858838665865,-268.52544563539476,0.21838684380054474,0.0025359811
14,1,-1.10747991539963,48.67300871079411,1.135183334350586,2.0391557216644287,113.93172454833984,-310.5591125488281,0.26891693472862244,2.6898880004882812,125369.3671875,2.0282156467437744,472.6329040527344,36.90140151977539,-309.53707809755497,-115.60999240966137,0.26663392782211304,0.008033674
14,1,-1.0871445850608286,39.3069694420602,1.1267273426055908,2.0198373794555664,403.4530029296875,-21.80178451538086,0.2767389416694641,3.93782377243042,145197.171875,2.041109085083008,582.1800537109375,47.633426666259766,-20.98266902609914,-400.06395189756336,0.2764938771724701,0.2879529
14,1,-1.1325810060917547,44.27056096691892,1.180952787399292,1.8677568435668945,-363.0858459472656,-66.9931411743164,0.30669745802879333,5.117776870727539,132779.6875,1.9739676713943481,473.32977294921875,34.880409240722656,-69.22762504224839,364.06119179734657,0.31161314249038696,0.003347434
14,1,-1.2427693757152596,42.58787810758216,1.1319615840911865,1.8345507383346558,-392.9505310058594,-49.31884765625,0.36256277561187744,3.017850160598755,120317.1953125,1.9685472249984741,469.54339599609375,26.84755516052246,-44.9931603188302,392.7250700628905,0.3635437488555908,0.015216176
14,1,-1.262087369972165,36.84334069210907,1.0414475202560425,1.8923064470291138,372.2903137207031,-120.39415740966797,0.2929125130176544,1.7911932468414307,105528.4453125,1.9813586473464966,562.10107421875,30.741540908813477,-120.28814571152253,-373.75138770041406,0.2931593060493469,0.4715647
14,1,-1.0951384254919985,45.16706670126478,1.116461157798767,1.9275656938552856,-61.69511032104492,-332.1534118652344,0.28850287199020386,1.492205262184143,137657.546875,1.9543565511703491,442.26171875,35.52545928955078,-331.65531758532705,60.5937394927033,0.28716155886650085,0.014047293
14,1,-0.7979357472058846,42.8493130212689,1.101135015487671,1.8061779737472534,-356.7446594238281,124.32799530029297,0.3861405849456787,2.119079351425171,131718.140625,1.9217545986175537,387.31915283203125,61.67831802368164,125.12606380427502,353.46620298586885,0.3859853148460388,0.017330222
14,1,-1.021103314539893,46.678489044025206,1.1777441501617432,1.921832799911499,395.78106689453125,-42.75355529785156,0.3706924617290497,1.7837070226669312,158028.25,2.0069823265075684,467.7142333984375,44.55293273925781,-41.857836484623206,-398.5310599319129,0.3682750463485718,0.0060702534
14,1,-1.184644840276462,35.34160445972159,0.984349250793457,1.8415248394012451,229.44036865234375,-228.59588623046875,0.44118109345436096,2.632997751235962,115756.625,1.9883673191070557,540.1043701171875,35.30462646484375,-225.40615687356697,-230.56292593427975,0.4373948276042938,0.73751634
14,1,-1.1013424037962785,45.34215678591345,1.1901143789291382,1.8818411827087402,360.14111328125,-182.97457885742188,0.2304094284772873,0.12526598572731018,127750.6875,1.94186270236969,424.2492370605469,33.595211029052734,-184.32831245176055,-359.7121823772753,0.23152665793895721,0.0028207693
14,1,-1.2354613794944005,47.86172493242108,1.147300362586975,1.8946826457977295,-83.6657485961914,347.853759765625,0.4893021285533905,0.11567143350839615,129494.6796875,2.136392593383789,630.458251953125,36.66011047363281,342.87120176461417,83.01004208734194,0.48807528614997864,0.009995925
14,1,-1.1017412880573225,47.441518867302605,1.1689532995224,1.8206638097763062,318.9040222167969,-135.93716430664062,0.47506090998649597,2.482062339782715,111937.9375,1.9582927227020264,405.0781555175781,32.04764938354492,-135.64885766457272,-307.31969751061706,0.4789554476737976,0.0025490194
14,1,-1.162450022690251,43.70293552639696,1.1868151426315308,1.8087443113327026,408.0891418457031,-37.454200744628906,0.45844700932502747,5.133349418640137,127573.2734375,1.9439096450805664,418.96539306640625,28.822166442871094,-41.221600761648574,-407.37991155170863,0.4571843147277832,0.005358437
14,1,-1.075721515283163,33.17012210342966,1.173628330230713,1.8171770572662354,312.29168701171875,-228.43936157226562,0.37395143508911133,2.5292699337005615,111712.453125,1.8833436965942383,467.4694519042969,39.26726150512695,-225.76868741618952,-313.69567170900905,0.3756033182144165,0.4788763
14,1,-1.0835584434805248,35.319480842084985,1.0357544422149658,2.0226504802703857,211.4730987548828,330.8670654296875,0.3897194266319275,1.8080806732177734,117999.8671875,2.0550243854522705,656.7406616210938,54.17945861816406,333.30910388860696,-214.2826431882494,0.38873976469039917,0.8465064
14,1,-1.0610937235048952,42.637158460265546,1.0905243158340454,1.9710032939910889,405.01953125,86.38552856445312,0.1981336772441864,1.6236664056777954,159589.140625,1.9959875345230103,476.779052734375,41.421173095703125,87.01912268312117,-406.2136373784299,0.19316893815994263,0.051254928
14,1,-1.0041237585345981,47.060768016548025,1.1860556602478027,1.8965152502059937,-52.024993896484375,393.43450927734375,0.3822724223136902,5.486103057861328,113040.3046875,2.0072484016418457,486.60321044921875,48.20036315917969,390.49464322620736,54.714466101617425,0.38003095984458923,0.0023561832
14,1,-1.4295977396709656,36.80981851024333,1.1835925579071045,1.9261906147003174,296.3186950683594,-176.3009033203125,0.290169894695282,1.8713948726654053,112833.828125,1.9736289978027344,579.8641967773438,21.563861846923828,-174.34686830403103,-302.2822219970557,0.2897951006889343,0.2527123
14,1,-0.9560295577773932,34.60052340640377,0.9599570631980896,2.0226504802703857,-290.8094177246094,-231.1224365234375,0.38934949040412903,1.8188449144363403,117999.8671875,2.0550649166107178,696.4426879882812,77.06465911865234,-228.65930190468683,288.59918277801114,0.38873976469039917,0.8893302
14,1,-1.0907903162109276,46.5487934984424,1.1485958099365234,1.983790636062622,356.0505065917969,128.95733642578125,0.1927051991224289,1.633777379989624,159589.140625,2.0213534832000732,493.9585266113281,40.07735824584961,128.01933987460558,-356.7430587228828,0.19316893815994263,0.005933335
14,1,-0.9904861058792402,34.81029737398638,1.109667420387268,2.0182716846466064,401.2095031738281,-53.56022644042969,0.18248331546783447,4.8995256423950195,155245.046875,2.020037889480591,615.8772583007812,62.95168685913086,-53.51449536348017,-399.88056125598,0.1827969253063202,0.62927026
14,1,-1.1949235121310202,40.96482424564217,1.189963936805725,1.9642192125320435,-207.6271209716797,-344.3609619140625,0.3775496184825897,5.496077537536621,113040.3046875,2.004838705062866,506.4981689453125,32.33352279663086,-346.25066023817703,209.4675108518432,0.38003095984458923,0.07421579
14,1,-0.6880569178494168,40.33749510638059,1.1356630325317383,1.8915971517562866,-209.88795471191406,-286.2131042480469,0.4919804036617279,6.035820007324219,150301.46875,2.0408055782318115,553.2899169921875,113.47376251220703,-287.4807904746681,209.4872113861409,0.49062371253967285,0.13323763
14,1,-0.9258517073450407,37.009271985393774,1.0602120161056519,1.8925883769989014,343.35986328125,-67.03678131103516,0.18019649386405945,4.907195091247559,155245.046875,1.9315643310546875,476.8790588378906,56.5660400390625,-70.00359244457292,-341.29837589389535,0.1827969253063202,0.20262328
14,1,-1.0137441510403484,46.85632494433399,1.116169810295105,1.9307291507720947,278.84619140625,265.911376953125,0.4760564863681793,4.416121482849121,103792.1796875,2.0122902393341064,454.80340576171875,44.06345748901367,265.99606116151716,-270.2764074301627,0.47106775641441345,0.01684752
14,1,-0.6911601613897371,40.85290843922018,1.1983380317687988,1.8343405723571777,392.816650390625,-52.16806411743164,0.3307044506072998,1.7986440658569336,134677.203125,1.9022730588912964,412.5582580566406,84.0087661743164,-51.176450719325466,-394.86464829240873,0.31594088673591614,0.015008726
14,1,-1.1399050539931455,38.51633881683216,1.1545941829681396,2.0452847480773926,302.5619812011719,122.63023376464844,0.3473281264305115,0.11698612570762634,130279.03125,2.035036087036133,613.4339599609375,44.448978424072266,122.3738650882261,-303.3143946138182,0.34557756781578064,0.5334961
14,1,-0.9215871999522143,47.11440256719746,1.0601608753204346,1.8911724090576172,112.5225601196289,321.8462219238281,0.26528966426849365,4.651824951171875,131864.5,1.924277663230896,362.2164306640625,43.38903045654297,321.8951696850689,-110.51330495139845,0.2729394733905792,0.004097938
14,1,-1.0301520339157118,44.17473171222355,1.0897413492202759,1.9326080083847046,-341.958984375,48.395713806152344,0.3447446823120117,0.10650433599948883,130279.03125,1.9980344772338867,485.8658752441406,45.32767105102539,45.77252228518561,341.04059098886563,0.34557756781578064,0.050429594
14,1,-0.8301487488528628,44.76342931979152,1.1282360553741455,1.8039040565490723,357.1640930175781,-5.298822402954102,0.43120503425598145,2.7760775089263916,113149.703125,1.9690483808517456,434.5437316894531,64.25161743164062,-1.810670323797712,-356.86215728693327,0.4336124360561371,0.006745693
14,1,-1.1325747086540934,42.14345486002855,1.13670814037323,1.8317209482192993,218.8764190673828,309.7761535644531,0.22110186517238617,0.09876417368650436,117854.578125,1.8510608673095703,340.5143127441406,25.093366622924805,307.5384677654785,-219.35794791724086,0.21948975324630737,0.0095536765
14,1,-0.836106067805747,40.25832414192138,1.1322033405303955,1.8764609098434448,-183.42434692382812,-276.23406982421875,0.17461326718330383,2.676771640777588,114123.859375,1.894757866859436,395.14794921875,57.63056945800781,-275.4483690517148,183.43161197551828,0.1752949357032776,0.021762254
14,1,-1.0789074047226512,41.83661452594023,1.1317106485366821,2.0878794193267822,-95.36587524414062,-395.0104064941406,0.1978793889284134,3.076228380203247,141298.84375,2.0828027725219727,566.0556640625,47.200958251953125,-393.7341038021154,95.51158326321891,0.1973678320646286,0.15286207
14,1,-0.9874866821532519,48.27597428398848,1.1640211343765259,2.074997901916504,152.6905059814453,286.3457336425781,0.19529832899570465,3.074632406234741,141298.84375,2.0816164016723633,556.293212890625,57.2553825378418,288.06843601858304,-153.43899347027414,0.1973678320646286,0.006441843
14,1,-1.1521210665268806,27.265580072986175,1.178133249282837,1.9219918251037598,-218.22311401367188,-283.01251220703125,0.33916419744491577,3.9541101455688477,130926.859375,2.0004384517669678,807.3132934570312,56.87485122680664,-281.21384427852604,220.44613585881842,0.3377769887447357,0.8820686
14,1,-1.194050391180487,29.33135227943246,1.186868667602539,1.8394367694854736,-217.72340393066406,-356.4040222167969,0.22405560314655304,0.10081787407398224,117854.578125,1.8372069597244263,505.5101318359375,32.335391998291016,-358.6636581662299,217.83665340006704,0.21948975324630737,0.7388892
14,1,-1.0875709601951238,40.07361254752951,1.0404351949691772,1.9506136178970337,-237.84548950195312,-342.4756164550781,0.33340203762054443,3.9608640670776367,130926.859375,2.003692626953125,497.452880859375,40.66117477416992,-342.4842155623799,239.22458633835026,0.3377769887447357,0.29201123
14,1,-0.9163318931629566,42.42219976208148,1.0870667695999146,1.8488527536392212,355.6919860839844,-32.540428161621094,0.3808300197124481,1.8473553657531738,111302.1796875,1.9353015422821045,412.3587341308594,49.996826171875,-31.133196667772378,-359.60576540469674,0.38182562589645386,0.04177308
14,1,-1.4748591477201964,38.28186221127956,1.1413426399230957,1.9091839790344238,-300.73138427734375,-254.4930877685547,0.3195940852165222,4.441138744354248,100882.078125,1.9761565923690796,545.7318115234375,18.285959243774414,-254.60395263518177,304.37566465832464,0.32126477360725403,0.1589756
14,1,-1.0662809107533961,39.94316872493699,1.147531270980835,1.9238771200180054,-264.20172119140625,207.59231567382812,0.2792896032333374,4.7390031814575195,114704.3828125,1.9369773864746094,471.84796142578125,40.50606918334961,206.3384823030298,266.3685474152683,0.2811828851699829,0.06428053
14,1,-0.8691030444823378,44.04990584216685,1.035564661026001,1.801121711730957,-274.58056640625,-197.26150512695312,0.4571738839149475,5.093861103057861,105934.921875,1.9003580808639526,371.3414611816406,50.196048736572266,-199.71852491202063,280.26246921578746,0.45860275626182556,0.021641064
14,1,-1.486338751710081,41.01689348496234,1.0457147359848022,1.939686894416809,-155.6506805419922,-380.9263916015625,0.3640056550502777,6.065184593200684,100840.8984375,1.9961527585983276,474.2734375,15.47701644897461,-384.60087221967893,157.5076362740921,0.36280834674835205,0.17797408
14,1,-1.659973569079996,34.063898857763974,1.0712435245513916,1.8137060403823853,277.73907470703125,227.40597534179688,0.3665350079536438,6.058493614196777,100840.8984375,1.8792760372161865,428.470947265625,9.374393463134766,221.77694587448985,-277.75872181307284,0.36280834674835205,0.4945658
14,1,-1.1415154656511093,38.2474945191184,1.099397897720337,1.9348523616790771,269.5444641113281,-197.01446533203125,0.43499791622161865,2.618910074234009,115756.625,2.0411288738250732,584.8616943359375,42.22179412841797,-195.2588373158455,-271.6722898433268,0.4373948276042938,0.4732328
14,1,-0.9702069543741835,43.05208045398393,1.132684588432312,1.8061779737472534,-33.89973068237305,376.0469055175781,0.386781245470047,2.122964859008789,131718.140625,1.9200326204299927,433.52520751953125,46.43083190917969,378.6252748577824,30.480372780776165,0.3859853148460388,0.011225969
14,1,-1.1960907622319774,37.61329883196936,1.1836618185043335,1.869796633720398,-299.831298828125,243.1712188720703,0.4044457674026489,0.08546987175941467,101131.609375,1.9127564430236816,462.07568359375,29.41852378845215,239.77332916884478,299.44382848224274,0.40208327770233154,0.22268459
14,1,-0.9350694606458088,49.133158805907556,1.1689659357070923,1.9260653257369995,-185.2774200439453,-296.5181884765625,0.22862225770950317,0.06605101376771927,127750.6875,1.9380601644515991,406.0289611816406,47.150535583496094,-298.4810491454355,186.33496864262148,0.23152665793895721,0.0014585812
14,1,-1.0900147043115413,36.92092607284995,1.1799067258834839,1.9341752529144287,-281.0003662109375,-271.2795715332031,0.28717175126075745,1.5121591091156006,137657.546875,1.9885499477386475,572.9318237304688,46.567970275878906,-270.2146170429446,280.69779226487265,0.28716155886650085,0.27147254
14,1,-0.8390190223053378,44.90012700368212,1.1343400478363037,1.8112379312515259,-254.99468994140625,-224.6272430419922,0.3883005380630493,2.113003730773926,131718.140625,1.912545084953308,418.6126403808594,60.6446647644043,-222.73006253880402,250.76503059950184,0.3859853148460388,0.0053592147
14,1,-1.1736762980121793,46.69092682698087,1.0804691314697266,1.7987451553344727,-212.59031677246094,274.1388244628906,0.4193986654281616,2.2708683013916016,102999.3125,1.9197945594787598,369.1136474609375,24.744691848754883,275.304694243002,209.4725573710631,0.4195720851421356,0.0046887514
14,1,-1.5141808550794658,27.465022366624446,1.1576687097549438,1.864592432975769,-386.1415710449219,11.996448516845703,0.37449541687965393,1.620140552520752,101465.9921875,1.9693936109542847,676.4238891601562,20.703128814697266,10.527888651152734,385.4185624121698,0.37529611587524414,0.8822073
14,1,-1.2582865330083386,43.770254751046686,1.1740578413009644,1.8539823293685913,389.9930419921875,65.15245819091797,0.180850088596344,3.901426076889038,108877.28125,1.9090849161148071,395.5653076171875,21.82376480102539,66.2010975366249,-388.6275844109912,0.17729061841964722,0.0017585475
14,1,-1.3610119081426044,46.15113337409201,1.1865679025650024,1.9428232908248901,280.6464538574219,-174.8258819580078,0.4189773201942444,2.2563836574554443,102999.3125,2.0134689807891846,469.44146728515625,20.444072723388672,-173.85649946404203,-282.96946502234755,0.4195720851421356,0.011464123
14,1,-0.9893952312751639,42.57242219541027,1.195972204208374,1.8002816438674927,274.63848876953125,198.5233612060547,0.4348786473274231,0.33386221528053284,125570.8671875,1.9047267436981201,407.7488708496094,41.78269958496094,196.7069394174454,-274.5937655299875,0.43243786692619324,0.011547084
14,1,-0.9213154634536553,44.999160422683794,1.1573078632354736,1.88435697555542,168.0415496826172,359.5001220703125,0.26256823539733887,0.1233188658952713,118422.234375,1.928044319152832,375.1089172363281,44.961517333984375,359.6090445002661,-164.5675805943907,0.26326805353164673,0.0058738748
14,1,-1.3267279881285292,36.660065260155484,1.161156177520752,1.823052167892456,-372.32562255859375,-112.95787811279297,0.21150821447372437,0.543476402759552,109304.6484375,1.8674273490905762,399.4327697753906,18.824064254760742,-113.44254644295454,370.7019851346345,0.21556508541107178,0.07609347
14,1,-0.8452518057907714,48.20793912302457,1.182563066482544,1.861098051071167,200.6271209716797,-284.7569274902344,0.20847877860069275,5.3375725746154785,105319.875,1.9556688070297241,418.1503601074219,59.71451950073242,-286.4027812808453,-198.63552930800665,0.20752407610416412,0.00033611272
14,1,-1.1871043004080297,44.35596963397204,1.1766507625579834,1.8654242753982544,298.4026794433594,247.03733825683594,0.517404317855835,0.024336760863661766,135162.984375,2.0428783893585205,532.2325439453125,34.59360885620117,242.3912413054628,-300.7360941478473,0.5161840319633484,0.026606753
14,1,-0.8361438877968498,47.559885047644634,1.1744321584701538,1.9841006994247437,-235.1442413330078,287.6629333496094,0.17691148817539215,2.720414400100708,127056.90625,2.0160202980041504,490.084716796875,71.47047424316406,288.2206741472675,233.78928455441184,0.17884831130504608,0.0023606687
14,1,-1.2600409757036597,35.693489214899294,1.151592493057251,1.8336504697799683,397.09808349609375,-4.746871471405029,0.2035381942987442,5.333569526672363,105319.875,1.9064360857009888,486.9548034667969,26.757532119750977,-7.290184337934817,-395.08520590051955,0.20752407610416412,0.082764186
14,1,-1.3510942670005195,44.552502189617755,1.1223745346069336,1.847976565361023,375.9134826660156,-33.67810821533203,0.3612637519836426,5.651179313659668,106447.7421875,1.9774174690246582,449.904296875,20.045814514160156,-36.41320712732365,-374.4022066250906,0.3623545169830322,0.006040215
14,1,-0.6844038214278537,47.04614862066565,1.18062424659729,1.8870373964309692,290.4980773925781,-250.67343139648438,0.37520965933799744,3.88293719291687,148339.34375,1.9560236930847168,434.773681640625,89.92054748535156,-249.43264648583477,-286.4612200075499,0.37257757782936096,0.0025751158
14,1,-1.4649054680186322,49.17779149729661,1.1934229135513306,1.9935663938522339,250.0063018798828,312.1097412109375,0.42350348830223083,4.946794033050537,110009.0234375,2.0942330360412598,547.269775390625,18.76262855529785,310.21299593728367,-246.2056981307636,0.42144501209259033,0.0043382067
14,1,-1.2711524779088674,39.074423810068375,1.1761647462844849,1.9977177381515503,-105.28572845458984,-380.2181091308594,0.28222164511680603,3.5731520652770996,154011.359375,2.0134568214416504,556.8145751953125,29.823366165161133,-377.51397069945153,106.0204206424737,0.28460177779197693,0.18797898
14,1,-1.118460866901382,33.01128605215021,1.0951085090637207,1.9646433591842651,158.0504150390625,-322.58233642578125,0.3741609752178192,3.894359827041626,148339.34375,2.0443308353424072,689.4812622070312,52.48809051513672,-318.3154790820462,-155.50779226649846,0.37257757782936096,0.8248549
14,1,-1.030467031414255,47.779660494800005,1.1661535501480103,1.8592239618301392,-170.62330627441406,308.4142761230469,0.3716389238834381,4.875885486602783,107806.109375,1.9383964538574219,401.3937683105469,37.419883728027344,306.08649118076664,174.70530209576714,0.3700026869773865,0.0013827848
14,1,-1.031534149440269,45.84103851225336,1.178989052772522,1.8647366762161255,300.38714599609375,-254.4023895263672,0.40613213181495667,4.423130512237549,103790.5859375,1.9199669361114502,385.00347900390625,35.80381393432617,-252.6954410103248,-298.56935729382,0.403364360332489,0.003697612
14,1,-1.2287103021107506,38.37909779331237,1.1159322261810303,1.8445098400115967,330.42376708984375,7.462661266326904,0.5209011435508728,5.545174598693848,104738.3203125,2.0225019454956055,546.7290649414062,32.2894401550293,4.205019955003219,-326.7235209484447,0.5221266150474548,0.2520893
14,1,-1.2478348313123626,32.48094714960156,1.1913825273513794,1.8411939144134521,-103.54730224609375,329.258544921875,0.3498394191265106,2.070141553878784,117999.1796875,1.9781324863433838,669.754150390625,37.85118103027344,328.69237422888347,101.9820345214939,0.3481338918209076,0.55497515
14,1,-0.9564807837488958,44.8738853664199,1.1669301986694336,1.904834270477295,224.6163787841797,-332.4715576171875,0.28528618812561035,4.592037200927734,136669.4375,1.931978464126587,400.86407470703125,44.3113899230957,-331.48603410327183,-221.6711418393362,0.28782889246940613,0.004521732
14,1,-1.0823202360314714,45.33008223987454,1.1595107316970825,2.0143511295318604,362.09112548828125,182.7930145263672,0.3998538851737976,2.055685043334961,137962.796875,2.1429574489593506,670.026611328125,55.4333381652832,183.78704235939674,-364.29082539559175,0.40390530228614807,0.045101665
14,1,-1.0655524368626792,43.912485449924155,1.1402835845947266,1.8080713748931885,-213.53172302246094,-302.8279724121094,0.4652363061904907,5.736813545227051,105228.5625,1.8864340782165527,346.52191162109375,29.797292709350586,-308.29190993544853,218.13722679571114,0.4712658226490021,0.00797801
14,1,-1.1217498294906783,36.199971609178284,1.1214829683303833,1.8094284534454346,-1.6531085968017578,387.8525085449219,0.36240077018737793,1.5106762647628784,115004.4609375,1.9453587532043457,527.396240234375,39.846126556396484,387.96634586365786,-2.2968679508603858,0.35865211486816406,0.25544465
14,1,-1.2147704399975263,45.41295657859466,1.1827187538146973,2.0269103050231934,22.568262100219727,-414.48187255859375,0.325063019990921,1.6886224746704102,121864.296875,2.064800262451172,561.2357177734375,34.22737503051758,-414.5942947903968,-22.496063882085487,0.32526925206184387,0.026483072
14,1,-1.1795666557295528,47.266183017646476,1.194647192955017,1.8939353227615356,-355.0028076171875,-81.2393798828125,0.49687495827674866,3.924685001373291,100716.921875,2.0790205001831055,549.10302734375,36.31499481201172,-78.14102342528365,358.02088697439024,0.4971291422843933,0.004930063
14,1,-0.7626229209822125,47.06666689673397,1.17293381690979,2.061959981918335,-190.82838439941406,281.8660583496094,0.186504065990448,1.7144545316696167,135011.09375,2.0977869033813477,599.4610595703125,103.54702758789062,282.1509667150094,188.81748467433428,0.18378707766532898,0.00923068
14,1,-1.3253248693199724,38.61151293039384,1.1833394765853882,1.897039532661438,-348.9815979003906,-70.04239654541016,0.26226806640625,2.5309200286865234,109058.859375,1.9387872219085693,512.5413208007812,24.232723236083984,-68.9506581534754,348.12625103821887,0.2625676691532135,0.06745611
14,1,-0.9256589909726358,49.10405278748589,1.185640573501587,1.8334499597549438,87.38617706298828,-371.6470031738281,0.499158650636673,3.3158915042877197,112544.828125,2.001192092895508,465.8727722167969,55.285030364990234,-369.5370161313911,-85.61469649813647,0.5006499886512756,0.0014092395
14,1,-1.0375747154630777,37.30132680931338,1.0151677131652832,2.0828206539154053,-273.509765625,-259.37384033203125,0.18815259635448456,1.6883201599121094,135011.09375,2.062999725341797,611.3099365234375,56.06424331665039,-259.4466502168501,270.64461012376717,0.18378707766532898,0.74432635
14,1,-0.835535254046891,42.96517296155741,1.0942606925964355,2.0240917205810547,-19.995805740356445,-417.28765869140625,0.18283633887767792,1.6811152696609497,135011.09375,2.036121129989624,542.437744140625,79.21621704101562,-417.85126033628677,19.09592210453324,0.18378707766532898,0.0719559
14,1,-1.2237085436344546,41.71626571156446,1.143873691558838,2.000114917755127,268.90130615234375,174.8339385986328,0.32008057832717896,1.7648639678955078,102648.46875,2.022078275680542,543.1973266601562,32.45246887207031,175.75143326035095,-271.51963190487413,0.3188246488571167,0.12847328
14,1,-1.1364385103370978,43.78875453048298,1.1499361991882324,1.8315085172653198,-253.57528686523438,-227.32627868652344,0.36839109659194946,5.172962188720703,122801.5859375,1.9162293672561646,425.42474365234375,31.072975158691406,-225.0698298755066,261.5068144735118,0.362230122089386,0.005554587
14,1,-0.9781212773115995,35.556217270602474,1.1811591386795044,1.8856713771820068,139.07427978515625,395.4760437011719,0.32302388548851013,1.7686792612075806,102648.46875,1.9744737148284912,548.4778442382812,57.68156814575195,396.55468100632623,-142.56435719983847,0.3188246488571167,0.32634798
14,1,-1.3735970849170132,47.77173997825201,1.1832599639892578,1.8345507383346558,224.19908142089844,-260.3384094238281,0.3597831726074219,0.6337866187095642,111627.5078125,1.9643419981002808,451.3222351074219,19.09358024597168,-262.57734080425047,-225.8043322095209,0.3599289655685425,0.001444207
14,1,-1.1182010991851665,28.052906017984213,1.150098443031311,1.927819013595581,312.75860595703125,130.01161193847656,0.3526134788990021,2.161184310913086,127557.2734375,2.0449907779693604,860.513916015625,65.54750061035156,130.91446091330766,-316.5093239722772,0.35382747650146484,0.8900028
14,1,-0.944819771540789,35.922939956832764,1.1054093837738037,1.8277682065963745,-325.6937561035156,34.058345794677734,0.3485144376754761,1.339970350265503,114873.6875,1.9613717794418335,485.46832275390625,55.12395095825195,32.93471289075873,324.6081306843428,0.34559980034828186,0.34778273
14,1,-1.0049234714895605,40.76757929989126,1.0130034685134888,1.8839051723480225,-318.3289489746094,-66.29615020751953,0.4686328172683716,2.779646396636963,121197.0390625,2.0378687381744385,544.0021362304688,53.7868766784668,-57.97218620392592,315.1218589598658,0.46430015563964844,0.3136131
14,1,-1.1394382548520117,32.436445946510524,0.9348387718200684,1.82186758518219,-241.6819305419922,-330.91717529296875,0.19956013560295105,0.7840430736541748,111621.40625,1.8200461864471436,380.7241516113281,27.61662483215332,-332.38505424453706,240.56942200384808,0.2057233303785324,0.7979924
14,1,-1.0305955766965924,42.40180079951416,1.1962475776672363,1.8418827056884766,272.3876647949219,-291.077880859375,0.31833985447883606,5.7838335037231445,127106.2890625,1.948146104812622,447.1866149902344,41.67658996582031,-295.65168066873036,-269.9276506207224,0.31822097301483154,0.0045254026
14,1,-0.7590478331859243,46.58592771877835,1.0818594694137573,1.8574086427688599,-208.2841796875,314.8890075683594,0.38537153601646423,1.4265480041503906,151628.375,1.9773858785629272,427.9178161621094,74.5267105102539,313.04822282022064,205.50479736865194,0.3887934982776642,0.008912656
14,1,-0.8902052701908748,39.619436485917916,1.0066653490066528,1.8564554452896118,288.4434814453125,273.1731262207031,0.3178834021091461,5.800112247467041,127106.2890625,1.931268334388733,441.05657958984375,56.792144775390625,270.07044320421494,-286.8519562550741,0.31822097301483154,0.14935316
14,1,-1.0187446575831358,47.63119974240488,1.1554878950119019,1.867154836654663,-368.6910095214844,99.80755615234375,0.18249918520450592,4.599510669708252,109980.921875,1.8722623586654663,328.9859924316406,31.508764266967773,98.98751852090443,370.43047792595456,0.18156392872333527,0.00053707516
14,1,-0.8917365119776863,48.10378856262662,1.1468899250030518,1.810325264930725,372.9556884765625,115.36161041259766,0.17894232273101807,4.594658374786377,109980.921875,1.8466153144836426,316.64068603515625,40.62834548950195,113.47933285960674,-368.9080708497766,0.18156392872333527,0.00024528714
14,1,-0.9254314824666533,35.030449670703646,1.1012896299362183,1.9690310955047607,222.15118408203125,-235.32150268554688,0.38994070887565613,1.4389662742614746,151628.375,2.0397427082061768,636.7764892578125,75.60577392578125,-237.14148930740026,-224.87150260982494,0.3887934982776642,0.76688194
14,1,-0.6228621133032823,42.05329857564498,1.121019721031189,1.8019123077392578,99.1668930053711,-340.8125,0.3148784637451172,5.810037136077881,127106.2890625,1.893333077430725,382.672119140625,91.19357299804688,-343.79652009303976,-99.07927882707814,0.31822097301483154,0.007111661
14,1,-1.2682520733012124,48.55497545457187,1.1941335201263428,1.8637758493423462,-239.45738220214844,216.5683135986328,0.5046812891960144,1.7430837154388428,101587.7890625,1.9443105459213257,402.8994445800781,21.724140167236328,217.6486714060681,235.56166842777208,0.5121273398399353,0.0029130674
14,1,-1.044651472971143,41.0134183798938,1.1342908143997192,1.8206638097763062,-209.23797607421875,250.203857421875,0.47456982731819153,4.893343448638916,119226.1640625,1.9608688354492188,462.49310302734375,41.73041915893555,249.86009625181293,214.32322226060356,0.48009511828422546,0.044439938
14,1,-1.040784507239512,38.64085096879648,1.0676164627075195,1.8539823293685913,-107.20641326904297,-365.85479736328125,0.17964567244052887,4.099255084991455,112224.9609375,1.9091393947601318,423.8319091796875,38.584068298339844,-366.23811209252267,109.15776128943247,0.18074819445610046,0.06327284
14,1,-0.9032778802524688,41.980565604442376,1.188498854637146,1.9363765716552734,-75.83052825927734,367.14959716796875,0.3617221713066101,6.16984748840332,156642.421875,2.0377798080444336,548.7481689453125,68.56375122070312,367.2463261996025,72.16206535360693,0.3687478005886078,0.028027445
14,1,-0.9763543580909885,35.60331507198708,1.168600082397461,1.921832799911499,-303.3436584472656,-202.54132080078125,0.3701222240924835,6.167937755584717,156642.421875,2.0060319900512695,611.0409545898438,64.52310943603516,-205.75902867719614,302.97300243556737,0.3687478005886078,0.39634237
14,1,-0.9442533745060129,37.01860378897635,1.15083646774292,1.886727213859558,393.95843505859375,83.06548309326172,0.1822270005941391,4.072169303894043,112224.9609375,1.9614437818527222,521.1652221679688,59.25449752807617,83.49653891787614,-395.12820149085775,0.18074819445610046,0.087489344
14,1,-1.7165425339431448,44.956826001074255,1.1319698095321655,2.014357805252075,191.71109008789062,-350.2510681152344,0.4174385964870453,3.491523504257202,117983.25,2.0632643699645996,556.7235717773438,10.692838668823242,-349.1362676186989,-192.5601762592709,0.41885119676589966,0.06513096
14,1,-0.6089827562833021,46.00354095882497,1.1822474002838135,2.055145263671875,58.949954986572266,353.5228576660156,0.3060697019100189,3.494636297225952,147720.109375,2.124250888824463,661.3932495117188,162.73341369628906,356.8918982608068,-60.34045335800714,0.3083588480949402,0.020734897
14,1,-1.1535838585568925,36.017504908675825,1.0267387628555298,1.8844190835952759,192.87355041503906,-275.1663513183594,0.2545575797557831,2.733738899230957,108547.171875,1.917451024055481,433.4845886230469,30.43605613708496,-274.502339542676,-193.87946731537153,0.2578152120113373,0.5011519
14,1,-0.7966948595487023,38.233430072649334,1.1017749309539795,1.8624906539916992,-331.60882568359375,186.164794921875,0.39472004771232605,0.9215594530105591,104080.3359375,1.9669404029846191,527.0698852539062,84.17300415039062,179.83355585941018,326.75309807087854,0.3908599615097046,0.2772834
14,1,-0.9465817050495676,34.07775776984981,1.1406792402267456,1.898378849029541,-299.0921630859375,256.12506103515625,0.25541749596595764,2.743753671646118,108547.171875,1.907842993736267,505.8764953613281,57.20869445800781,259.1128179535104,299.3003736769858,0.2578152120113373,0.4998211
14,1,-2.5127099037686547,37.419098237371784,1.1646350622177124,1.9455007314682007,67.11965942382812,375.1589660644531,0.418252170085907,3.4733190536499023,117983.25,2.050560474395752,640.2836303710938,1.9662575721740723,378.2713443987096,-66.65945409817053,0.41885119676589966,0.40790537
14,1,-1.3598540644369543,28.216726707847492,1.0911537408828735,2.054614305496216,327.7818603515625,-253.44314575195312,0.4052734971046448,4.297877311706543,145035.734375,2.093484878540039,868.7430419921875,37.934654235839844,-252.5479732742466,-323.8645702239535,0.40484169125556946,0.9154773
14,1,-1.394087948602736,46.113402582902815,1.1858428716659546,1.909174919128418,235.62405395507812,-287.8573913574219,0.3772111237049103,1.619844913482666,101465.9921875,1.9780946969985962,464.12255859375,18.730199813842773,-288.59206528831544,-239.7422016426566,0.37529611587524414,0.0064208126
14,1,-1.0846661288239687,37.885699065854475,1.179699182510376,1.8203275203704834,126.48713684082031,-294.40728759765625,0.4183470904827118,2.275487184524536,102999.3125,1.9426038265228271,511.85345458984375,42.119041442871094,-293.70349570255195,-129.254265311936,0.4195720851421356,0.10819072
14,1,-1.4292989527284166,40.27489918948145,1.1927173137664795,1.8997946977615356,-247.7575225830078,303.4921569824219,0.37490588426589966,1.628321886062622,101465.9921875,1.997314691543579,502.85382080078125,18.712873458862305,302.8483231196807,244.4688559257454,0.37529611587524414,0.06801378
14,1,-1.2238551895051544,43.919205216542025,1.1625562906265259,1.8535304069519043,-89.3546371459961,315.38897705078125,0.4119504392147064,2.2902684211730957,102999.3125,1.9213149547576904,428.2497253417969,25.576446533203125,317.614098134344,86.73436199392441,0.4195720851421356,0.011876937
14,1,-1.5222211851922585,37.62421854919275,1.1626862287521362,1.8446509838104248,-385.4097900390625,-5.765436172485352,0.37173277139663696,1.6284985542297363,101465.9921875,1.9502977132797241,466.8729553222656,14.027311325073242,-7.108139220031156,382.7173839792165,0.37529611587524414,0.1517124
14,1,-1.646149632787738,30.775139232949403,1.1798205375671387,1.8764609098434448,-374.0516662597656,-190.54171752929688,0.1759491264820099,3.901977062225342,108877.28125,1.8990839719772339,584.1329956054688,13.193463325500488,-190.19625203871462,375.346562584965,0.17729061841964722,0.58424413
14,1,-1.235673184589989,47.49278924734901,1.1997793912887573,1.8791850805282593,382.8634338378906,116.38553619384766,0.3863600194454193,1.268293857574463,130754.6953125,1.9864026308059692,464.61053466796875,27.00313949584961,115.0050860222813,-385.0820355694335,0.38831067085266113,0.002487946
14,1,-1.3060686393488488,47.58129617195957,1.0863497257232666,1.939686894416809,-296.8597412109375,265.8358459472656,0.3634372651576996,5.15347146987915,125996.0859375,1.9967737197875977,441.32476806640625,21.811607360839844,263.5161837088094,298.36590059071176,0.3619338870048523,0.008410313
14,1,-1.4754115733347608,43.366238619655626,1.0641056299209595,1.9363765716552734,371.8336486816406,141.6705322265625,0.3593139350414276,5.16093111038208,125996.0859375,2.037287473678589,535.0895385742188,17.906572341918945,140.27171074254738,-369.7250719433722,0.3619338870048523,0.059517037
14,1,-1.0864077383169592,41.29790535188317,1.146648645401001,1.9107105731964111,-296.3602600097656,-285.8753356933594,0.2472100853919983,0.5654605627059937,104370.9296875,1.95017671585083,466.7118225097656,38.25074768066406,-287.8076324233179,294.6715876776804,0.25349345803260803,0.039182626
14,1,-1.02470302429687,34.84537219511227,1.1565847396850586,1.8802109956741333,-164.3372039794922,-385.3680725097656,0.2758071720600128,2.5763373374938965,112494.5703125,1.9245036840438843,502.6909484863281,47.48944854736328,-384.43356144284365,163.69648545714037,0.2793554663658142,0.36102408
14,1,-1.0003519374337144,40.90169936469074,1.1641327142715454,1.835193157196045,-91.03021240234375,369.173583984375,0.42541196942329407,2.3463666439056396,109041.09375,1.9666746854782104,515.0819702148438,51.466373443603516,370.29978963551645,91.11117591180242,0.423825204372406,0.03947418
14,1,-0.7021148877833296,35.47091201619788,1.0309799909591675,1.8368072509765625,-67.04393005371094,320.7420959472656,0.42245373129844666,2.3362460136413574,109041.09375,1.954201579093933,518.3509521484375,102.92208862304688,322.0880777514305,65.31116011991199,0.423825204372406,0.64212793
14,1,-1.2555695030040186,33.69515364496561,1.195967435836792,1.9403687715530396,288.3077697753906,-262.47125244140625,0.43877193331718445,2.914341449737549,121875.6875,2.0447399616241455,703.8370971679688,39.07522964477539,-258.8393520503634,-288.199973628517,0.4381861686706543,0.71384585
14,1,-0.9774547853571395,39.78729588985347,1.074666976928711,1.8415248394012451,-342.4312438964844,-224.5467529296875,0.44052883982658386,5.687266826629639,123542.234375,1.994578242301941,456.4566345214844,48.07771682739258,-229.53513950007815,345.39690658964366,0.4406179189682007,0.13111164
14,1,-1.6947262689295082,39.96533120948215,1.0664653778076172,2.0378899574279785,-319.30078125,32.545005798339844,0.39554673433303833,5.246342658996582,152702.609375,2.160989999771118,744.3506469726562,15.033095359802246,29.381785663078663,323.3755077404014,0.3927949070930481,0.5016152
14,1,-1.192716647109505,45.381346184199394,1.1870732307434082,2.090695858001709,-20.23330307006836,-327.0721130371094,0.17494827508926392,3.305086135864258,128283.1015625,2.1327476501464844,624.249755859375,40.05351638793945,-327.50342843658416,20.180204559813955,0.18034356832504272,0.017405078
14,1,-0.7020528786025825,35.087777783395325,1.1911336183547974,1.9944988489151,-202.8096466064453,324.252685546875,0.35742953419685364,1.027683973312378,103652.3515625,2.074885129928589,752.3907470703125,149.4136505126953,323.36903813768225,200.81911245619622,0.3609785735607147,0.6661229
14,1,-0.9767236960878087,40.23341432680418,1.0410734415054321,1.826481580734253,410.5092468261719,-85.61027526855469,0.4247566759586334,2.3393986225128174,109041.09375,1.9473485946655273,452.2115173339844,47.71083450317383,-82.4054539567923,-411.93265255477945,0.423825204372406,0.15858963
14,1,-0.4713362851982287,46.47784037958415,1.1257858276367188,1.8593990802764893,-212.12875366210938,282.83380126953125,0.19923923909664154,0.668947696685791,103404.4921875,1.8453866243362427,305.7216796875,103.27365112304688,282.60143496864055,210.9378239981381,0.19982540607452393,0.002011522
14,1,-1.2348895560240825,40.024486773288295,1.194184422492981,1.9392293691635132,-269.1733093261719,-193.74241638183594,0.4676591455936432,3.0475761890411377,156576.125,2.111905097961426,712.8732299804688,41.50703430175781,-188.22224728623576,273.2473947320779,0.4650525450706482,0.17222281
14,1,-1.142298293130143,46.37082053997333,1.1389328241348267,1.8624906539916992,290.1632385253906,171.6688690185547,0.3975355327129364,0.8971832990646362,108278.234375,1.9689353704452515,446.25,32.1572265625,170.63619166011753,-292.56756221581537,0.39439985156059265,0.0067126295
14,1,-1.4838827493295936,35.088156272028336,1.1921732425689697,1.9865026473999023,119.07123565673828,-312.7732849121094,0.33219996094703674,5.961414337158203,123561.9609375,2.023905038833618,662.1414184570312,21.730314254760742,-316.1271293520994,-115.85368402681523,0.331928014755249,0.518977
14,1,-1.2378382053912074,35.193620923687725,0.9564935564994812,2.0789904594421387,152.45773315429688,335.60479736328125,0.4509238004684448,4.977721214294434,154799.015625,2.2453219890594482,974.7715454101562,56.37205505371094,333.31041281424,-148.1349826099549,0.45067861676216125,0.8938784
14,1,-1.0641387261910826,35.99237808310773,1.1196037530899048,1.9655176401138306,-303.3779602050781,-164.6718292236328,0.2986050546169281,1.1607341766357422,155717.859375,2.0160505771636963,599.1761474609375,51.691001892089844,-165.82092696213434,303.24629178991785,0.2997545003890991,0.5918472
14,1,-0.993877670639546,46.00785880111617,1.1425260305404663,1.982194423675537,118.67521667480469,327.6466979980469,0.33135363459587097,5.963895797729492,123561.9609375,2.0446977615356445,497.4856872558594,50.454750061035156,322.42323656378284,-117.52963910805826,0.331928014755249,0.011368985
14,1,-0.96782175015991,36.952746689329196,1.1662814617156982,1.821439504623413,-36.537017822265625,-338.6259460449219,0.2988502085208893,1.151539921760559,155717.859375,1.913388967514038,504.101318359375,54.286930084228516,-338.9897042898291,33.49935309938403,0.2997545003890991,0.10209777
14,1,-1.0211539784535755,42.15291132159057,1.1306719779968262,1.8852709531784058,42.193572998046875,-368.5090026855469,0.275078147649765,3.045637607574463,116568.8046875,1.9050872325897217,389.93792724609375,37.13986587524414,-366.0834286364438,-44.97463209509012,0.2761763334274292,0.019899579
14,1,-0.771622727852814,47.58256067649717,1.158131718635559,1.830215334892273,144.21560668945312,-347.277587890625,0.3918949067592621,0.9028921127319336,108278.234375,1.931848168373108,384.8431091308594,65.11189270019531,-349.11538047249275,-149.6094750754163,0.39439985156059265,0.002236564
14,1,-0.9468203822394659,49.75899994842314,1.1994562149047852,1.9140828847885132,280.4707336425781,156.2503204345703,0.29301682114601135,0.9967223405838013,116900.2890625,1.991289496421814,465.6708068847656,52.63296127319336,155.70330905524003,-281.2428596435061,0.29265108704566956,0.00096783106
14,1,-0.9141819286582862,40.12206749026555,1.1217132806777954,1.9140828847885132,167.22940063476562,322.5616760253906,0.29478970170021057,1.139923334121704,155717.859375,1.9861541986465454,508.8691101074219,62.00453567504883,321.36786766174083,-169.70379240257608,0.2997545003890991,0.11102442
14,1,-1.0816221638374726,43.309340545880026,1.1124365329742432,1.9789315462112427,336.56231689453125,-155.92579650878906,0.2937341332435608,0.37833350896835327,143548.21875,2.0516738891601562,569.2227783203125,47.169273376464844,-158.82405448361496,-337.7928105315606,0.29216641187667847,0.070282914
14,1,-0.856938136112052,37.12951855949205,1.1079702377319336,1.9321671724319458,105.36808776855469,388.2051696777344,0.478850394487381,6.137731075286865,124107.78125,2.1091525554656982,709.7716674804688,98.66885375976562,382.11090023893917,-103.51175350399957,0.48003464937210083,0.5304417
14,1,-0.9947361873464043,40.893474784855805,1.0354535579681396,1.9063735008239746,217.60321044921875,299.150390625,0.44359341263771057,4.431884765625,148327.5625,2.045977830886841,551.1671142578125,55.78871154785156,300.2543252112291,-212.4325469930069,0.4458102881908417,0.24928237
14,1,-0.7753539757478016,40.8328726891552,1.186676025390625,1.8982518911361694,320.7135009765625,251.64366149902344,0.23173214495182037,1.8628665208816528,145158.59375,1.9484131336212158,449.50067138671875,75.40077209472656,248.35071863928098,-319.5537518760104,0.23625141382217407,0.020071495
14,1,-1.0157289753536674,38.11634420014765,1.1055060625076294,1.9807064533233643,44.450340270996094,334.29351806640625,0.29148444533348083,0.3775442838668823,143548.21875,2.0373964309692383,584.316650390625,56.35319137573242,332.7624186263078,-45.62730114996802,0.29216641187667847,0.44780806
14,1,-1.0559368857441782,38.91724765938625,1.1650736331939697,1.823104977607727,336.7278137207031,117.24789428710938,0.2131371647119522,3.62560772895813,106965.5390625,1.9156752824783325,442.56988525390625,38.908443450927734,117.53700474646118,-336.04049853257914,0.21250037848949432,0.015729185
14,1,-1.161506186974386,43.031931580683754,1.1048030853271484,1.9348385334014893,-0.8912667036056519,-414.9178466796875,0.2705557644367218,3.748911142349243,130022.265625,1.9303354024887085,422.6195373535156,29.136802673339844,-415.08003731116446,2.9069698420667107,0.2705751359462738,0.029683279
14,1,-0.9240372295098297,43.476867553258295,1.149477243423462,1.8280452489852905,318.1143493652344,235.7855224609375,0.38174501061439514,1.0419942140579224,117868.828125,1.9689449071884155,452.9771728515625,53.95581817626953,234.75825843355273,-323.3368842485054,0.3779942989349365,0.011566847
14,1,-0.9385080623283563,44.28424559250653,1.1491795778274536,2.0754692554473877,-270.8585205078125,245.92059326171875,0.2902320623397827,0.3769807517528534,143548.21875,2.082418441772461,583.2618408203125,67.19776916503906,244.0829360068254,269.78993982052805,0.29216641187667847,0.09377728
14,1,-1.0405808887198391,43.73846429328013,1.0692367553710938,1.869809865951538,358.49041748046875,-166.14048767089844,0.2132984846830368,3.6364567279815674,106965.5390625,1.9592441320419312,433.0666198730469,39.44325256347656,-164.24476948898564,-356.38733728887513,0.21250037848949432,0.009388923
14,1,-1.2477582046568458,28.52593417501674,1.1635838747024536,1.9321671724319458,404.4459533691406,-111.05233764648438,0.4793778955936432,6.135957717895508,124107.78125,2.110961675643921,986.5362548828125,55.76401901245117,-118.38407418074891,-402.86138161181344,0.48003464937210083,0.8804104
14,1,-0.8986646111841963,48.611189895385785,1.1771581172943115,1.8574556112289429,-98.68157196044922,379.593505859375,0.23989459872245789,0.7246625423431396,117337.6484375,1.9100396633148193,367.26409912109375,46.37809753417969,377.3873794317066,97.48487832297106,0.24048584699630737,0.00069232716
14,1,-1.100942240927604,39.819756485306385,1.0091909170150757,1.8737324476242065,217.75685119628906,267.5469665527344,0.27105090022087097,3.7556140422821045,130022.265625,1.9594085216522217,467.7221984863281,37.071876525878906,269.37499539640066,-216.6038103887413,0.2705751359462738,0.15255485
14,1,-1.2807187030093234,39.045537430308386,1.039201021194458,1.930960774421692,293.73907470703125,-183.5237274169922,0.3966175615787506,5.927114963531494,106186.0078125,1.999496579170227,545.2930908203125,28.569969177246094,-188.713939281421,-292.5698436898172,0.39520007371902466,0.37886652
14,1,-1.0873551864231987,39.50565818506535,1.1834263801574707,1.8691586256027222,-328.5368957519531,172.39376831054688,0.23195281624794006,6.214946269989014,121164.34375,1.9258782863616943,438.9409484863281,35.89630126953125,169.56055867297556,328.7607775828271,0.22796663641929626,0.015141013
14,1,-1.7315953396397619,40.06343082770301,1.0779454708099365,2.0418922901153564,-383.5465087890625,105.43273162841797,0.3724451959133148,4.157291889190674,132042.4375,2.1225733757019043,685.9857177734375,12.726715087890625,105.81538575059497,385.71150271680835,0.3738895058631897,0.47685242
14,1,-1.4011064559041118,43.56185834181559,1.092513084411621,1.9217276573181152,206.25523376464844,-365.6775817871094,0.3936924934387207,5.922198295593262,106186.0078125,2.0167298316955566,477.375,18.95618438720703,-369.53346164405457,-204.5832660695799,0.39520007371902466,0.039727263
14,1,-0.9897334174294202,49.9195202218532,1.1609123945236206,1.9795169830322266,-160.20611572265625,-283.42315673828125,0.33228471875190735,3.6680400371551514,144762.5625,2.0185718536376953,481.9864196777344,49.35151672363281,-281.1348598108856,162.92307357707577,0.33282655477523804,0.0025182217
14,1,-1.1458835168328525,35.83188537049454,1.1248836517333984,1.8683518171310425,78.11324310302734,312.53082275390625,0.3964345455169678,0.09765052050352097,129033.6015625,1.937040090560913,505.685302734375,36.140621185302734,308.79848438507605,-78.60764673852978,0.3963600695133209,0.5073754
14,1,-1.3462450729888984,37.967301685319086,1.0509804487228394,2.001685380935669,-69.74256896972656,-316.3243713378906,0.3952150344848633,5.917344570159912,106186.0078125,2.0730698108673096,627.12744140625,28.255903244018555,-320.6361402769799,72.27892914086283,0.39520007371902466,0.61756676
14,1,-1.3610043101535771,43.49157148588684,1.0866189002990723,1.9431002140045166,291.6517333984375,-293.2650451660156,0.4308471083641052,5.140224456787109,132596.359375,2.077577829360962,596.306396484375,25.969493865966797,-295.18618791488143,-288.4699191612197,0.42972448468208313,0.075861774
14,1,-0.25153505816303684,44.31139359499109,1.1590638160705566,1.898472547531128,114.48668670654297,392.6137390136719,0.28862154483795166,3.625685214996338,128985.453125,1.928178310394287,397.64642333984375,222.8239288330078,396.35791228175066,-114.16690745960338,0.2886213958263397,0.0066748695
14,1,-0.974042049018534,47.453652529003556,1.1564027070999146,1.9185690879821777,-351.9547424316406,169.4215545654297,0.39836007356643677,0.10107433050870895,129033.6015625,1.9988774061203003,445.5611572265625,47.300350189208984,164.97821654873684,352.53021006865976,0.3963600695133209,0.008084399
14,1,-1.4572283564946193,46.58638554803819,1.1471108198165894,1.9114925861358643,45.558258056640625,339.0319519042969,0.22846031188964844,6.223971366882324,121164.34375,1.951724886894226,388.82318115234375,13.568148612976074,333.505062354791,-47.23310825836095,0.22796663641929626,0.0017004805
14,1,-1.8493376861434256,42.44752494480393,1.1039804220199585,2.0418922901153564,257.8349304199219,232.11053466796875,0.37407851219177246,4.170344352722168,132042.4375,2.1228110790252686,686.910888671875,9.717582702636719,232.55569169048124,-253.7639686548857,0.3738895058631897,0.21309052
14,1,-1.1626227923015735,38.978877962905884,1.1771161556243896,1.9498498439788818,296.55462646484375,-261.90863037109375,0.43253475427627563,0.2510983645915985,156489.25,2.1159613132476807,742.7482299804688,51.07612991333008,-267.9353832476297,-297.59835835006595,0.42603951692581177,0.31942448
14,1,-0.9486499950452483,31.868110995089687,1.134891152381897,1.8527214527130127,-130.9896697998047,-377.59674072265625,0.3079049289226532,3.9818496704101562,135641.953125,1.9420950412750244,562.1895141601562,63.274986267089844,-376.61570201735753,133.23887009066334,0.3137859106063843,0.6604462
14,1,-1.0738258700182919,45.97394296392697,1.1632128953933716,1.8411939144134521,317.1556091308594,-191.95211791992188,0.34947484731674194,1.8133609294891357,105299.9375,1.979166030883789,452.2075500488281,38.15142822265625,-191.69713288694345,-318.84248096379883,0.3506435453891754,0.0029763936
14,1,-1.2633152854192078,49.6317679535724,1.1900360584259033,1.8232686519622803,336.79876708984375,232.5756072998047,0.47856083512306213,2.443512439727783,111556.2265625,1.9745872020721436,397.8647155761719,21.697921752929688,239.26267639152329,-339.0141459765386,0.4802474081516266,0.0009795215
14,1,-1.0173426709886642,37.73692140446231,1.185411810874939,1.8879624605178833,-254.55458068847656,-211.57733154296875,0.31212690472602844,3.989814281463623,135641.953125,1.9741772413253784,507.28070068359375,48.74216079711914,-209.80990898805686,255.32967584472746,0.3137859106063843,0.104544975
14,1,-1.1451776477410314,44.133628797008484,1.1130934953689575,1.8955693244934082,-216.12014770507812,354.2449951171875,0.33234837651252747,4.42212438583374,134172.4375,1.9796499013900757,457.7524719238281,32.76813507080078,353.18339291057026,220.07250037195064,0.33398449420928955,0.014084066
14,1,-1.1189675798217376,38.59284797652894,1.1757473945617676,1.9431002140045166,24.828487396240234,418.0380859375,0.43030866980552673,4.607037544250488,142914.28125,2.073580741882324,651.6646728515625,49.55137634277344,415.9396015544203,-23.13778380054022,0.431820273399353,0.25460997
14,1,-0.7434670082787216,47.78893437961375,1.1878565549850464,1.916083574295044,-389.5089111328125,-100.99507904052734,0.46316292881965637,0.934230625629425,143976.671875,2.0750064849853516,530.3062133789062,95.73246765136719,-103.80881606872822,384.8236869270519,0.4632059335708618,0.0066964184
14,1,-0.9251690955587938,35.294429016000564,1.1753928661346436,1.8267825841903687,377.2916564941406,-66.83255004882812,0.28074750304222107,5.981110095977783,116554.90625,1.8613423109054565,423.4301452636719,50.305076599121094,-68.58986803183168,-375.6347727479779,0.2838301360607147,0.1113176
14,1,-1.0938357826857767,49.599917127321646,1.1241027116775513,1.8190563917160034,-160.2951202392578,314.01824951171875,0.3532146215438843,1.8258445262908936,105299.9375,1.9499776363372803,368.04522705078125,29.652679443359375,313.2080156520286,159.3419407254125,0.3506435453891754,0.00090962095
14,1,-1.2540751315194623,40.587453339283094,1.093491554260254,1.867154836654663,-370.81951904296875,-95.10213470458984,0.188045933842659,0.19980670511722565,117827.390625,1.868844747543335,359.2518615722656,20.013439178466797,-98.44706229322517,370.9170404200297,0.1880260556936264,0.038927782
14,1,-1.1135895133829874,47.46109760807298,1.168591856956482,1.8403499126434326,139.18472290039062,-327.3457336425781,0.18825674057006836,0.16990266740322113,117827.390625,1.8615245819091797,330.96441650390625,25.47945213317871,-328.5508601619521,-139.75097044472005,0.1880260556936264,0.00072762667
14,1,-1.0947818981380086,45.895479547225236,1.1188005208969116,2.011284828186035,360.458251953125,2.0482943058013916,0.18575555086135864,1.2425239086151123,108652.734375,2.0159106254577637,502.69354248046875,40.41292953491211,0.9441883133383755,-361.2471761934131,0.18899525701999664,0.014912246
14,1,-1.152001103338039,35.88146863084245,1.1874717473983765,1.8780156373977661,29.629602432250977,324.99456787109375,0.17715786397457123,0.8323304653167725,135769.984375,1.9518932104110718,521.972900390625,36.782875061035156,323.85973224170573,-30.10632814963825,0.16098596155643463,0.12758105
14,1,-0.8501848223674151,27.70442946319845,1.0931848287582397,1.8394367694854736,324.06298828125,242.6344757080078,0.227105975151062,5.689915657043457,137711.328125,1.8377509117126465,466.046630859375,65.80272674560547,239.9137285625731,-320.71890741379497,0.22117218375205994,0.84237665
14,1,-0.5478974773066385,41.84148691969291,1.0653067827224731,2.0331764221191406,-338.9679260253906,-188.88404846191406,0.20038211345672607,1.103601098060608,127537.515625,2.0169191360473633,514.098388671875,145.59567260742188,-188.4813737680325,337.42057184203753,0.19960284233093262,0.18476751
14,1,-1.032958904287012,36.63098702484734,1.1928170919418335,1.9764795303344727,213.09765625,-278.9407958984375,0.4730745255947113,4.021571636199951,153989.84375,2.1479413509368896,879.2349243164062,81.49772644042969,-276.39549927890124,-211.17497710188897,0.4731854200363159,0.56026936
14,1,-1.1957723479269684,40.179585015848645,1.0656750202178955,1.9199680089950562,327.1474304199219,-58.13328552246094,0.48493820428848267,0.622501790523529,157127.5625,2.0107038021087646,531.9488525390625,33.89192581176758,-59.847057424466215,-329.2013031032161,0.48594388365745544,0.4119018
14,1,-1.1908600287495743,44.44792537618777,1.1958156824111938,2.053987979888916,-323.5131530761719,6.430610656738281,0.47023195028305054,4.023338794708252,153989.84375,2.1911399364471436,777.8836669921875,50.12492752075195,9.841669291553954,325.39373719084756,0.4731854200363159,0.08833359
14,1,-0.9167913833249206,48.11111085907089,1.162655234336853,1.802828073501587,-122.21771240234375,-382.2613220214844,0.45450475811958313,2.284623384475708,140140.15625,1.9565268754959106,410.6209716796875,49.733482360839844,-380.26436687820666,120.91316571637874,0.4527502655982971,0.0015322939
14,1,-1.395167820602281,29.314869662642288,1.130193829536438,1.9081228971481323,-391.4880676269531,117.34444427490234,0.21963338553905487,4.148074150085449,106726.6640625,1.9582693576812744,638.83154296875,25.716794967651367,116.00600124790506,392.93693627248774,0.2233262062072754,0.8266994
14,1,-0.8854590622565262,40.13931709329384,1.1986322402954102,1.927819013595581,119.20523834228516,-355.0180358886719,0.3535091280937195,4.819244861602783,136185.078125,2.0444841384887695,554.5931396484375,72.19628143310547,-354.80153002093016,-117.23741655214175,0.3553338646888733,0.058553994
14,1,-0.7724739434398571,46.08065886214903,1.162489414215088,1.905593991279602,185.0623321533203,-273.8650817871094,0.4469878673553467,0.7702569961547852,116578.0703125,1.9565850496292114,412.6009826660156,69.67158508300781,-276.4823616314978,-184.30393467562945,0.4437643885612488,0.014019075
14,1,-0.9799782389990465,42.14444188232022,1.067016363143921,1.9455698728561401,-341.626953125,-208.41488647460938,0.422092080116272,5.907026290893555,126214.109375,2.0464115142822266,557.2619018554688,58.355308532714844,-211.75536709755596,343.89335108066376,0.42375263571739197,0.14111696
14,1,-1.1428413245368059,26.43687887859887,1.1414955854415894,1.9554064273834229,355.0021057128906,-39.79515838623047,0.22270818054676056,4.129473686218262,106726.6640625,1.9944192171096802,793.7752075195312,57.12884521484375,-39.22771961718921,-351.6902013965204,0.2233262062072754,0.8957655
14,1,-0.9783763082384039,45.35759787573164,1.1645206212997437,1.8727174997329712,318.55572509765625,-53.62054443359375,0.24652960896492004,1.5506290197372437,147878.625,1.9165502786636353,400.1178894042969,42.0543212890625,-54.33933143002211,-320.1318149685101,0.2453863024711609,0.002910308
14,1,-0.9463051691183503,47.524758504857715,1.1442676782608032,1.952767252922058,-267.54925537109375,219.61407470703125,0.35387662053108215,4.812111854553223,136185.078125,2.0317599773406982,482.7702941894531,54.63042449951172,220.23728137173615,269.4680971146382,0.3553338646888733,0.005445903
14,1,-1.0220141998492465,48.95814080494631,1.1926003694534302,1.9309513568878174,6.3785176277160645,406.21728515625,0.37551671266555786,4.925843715667725,117620.40625,1.9906026124954224,438.64208984375,41.69606399536133,405.12147653478036,-3.874006291738825,0.37489232420921326,0.0016573352
14,1,-0.7904172252154149,43.71645272419469,1.1747111082077026,1.8706269264221191,374.4358825683594,128.08441162109375,0.3786495625972748,0.43824613094329834,107950.484375,1.944601058959961,434.2065734863281,70.35234069824219,124.379902276851,-375.4611431312951,0.3775503933429718,0.014607115
14,1,-1.0473040867773045,38.31350734225497,1.129468560218811,1.8614182472229004,-314.1524353027344,-127.2120132446289,0.2213306576013565,4.960076808929443,106320.0234375,1.9159690141677856,435.5661926269531,39.06150436401367,-129.18498984356486,316.70732010347643,0.22112475335597992,0.049804684
14,1,-0.9921906215138034,47.07499337188054,1.1807572841644287,1.8156425952911377,345.645263671875,-173.21258544921875,0.39268794655799866,4.221805095672607,100988.8515625,1.9547138214111328,427.7781982421875,43.553897857666016,-171.50750650091106,-342.5950714548316,0.3967036008834839,0.0011209366
14,1,-0.228207242403466,35.78443289337353,1.1584583520889282,2.0202529430389404,61.930912017822266,345.9193420410156,0.22920703887939453,1.532878041267395,151477.453125,2.048287868499756,646.8909912109375,382.49322509765625,346.04701771955524,-63.3921420489205,0.22781258821487427,0.57368994
14,1,-0.7751286001006015,44.870596253796464,1.1151286363601685,1.9202041625976562,27.873014450073242,-369.128173828125,0.22431211173534393,1.5471993684768677,151477.453125,1.9619064331054688,445.7359924316406,74.8080825805664,-369.36543588809235,-23.7101472451634,0.22781258821487427,0.0095607275
14,1,-1.1044753177664977,44.65779585625168,1.1568846702575684,1.8704535961151123,204.51995849609375,-317.2765808105469,0.3748525083065033,0.4223165214061737,107950.484375,1.9355802536010742,427.1188049316406,33.5793342590332,-322.44877546060263,-207.53380906576,0.3775503933429718,0.011515898
14,1,-0.3106275098833568,49.11295870351645,1.1858454942703247,1.9504201412200928,152.55142211914062,-339.8930358886719,0.34245967864990234,3.205641984939575,149855.59375,2.011563301086426,473.23419189453125,231.44532775878906,-339.7437541862382,-153.15623134314552,0.34416326880455017,0.0021203859
14,1,-1.1833320252728088,42.005827562378975,1.0215603113174438,1.8697530031204224,-86.63716125488281,355.32012939453125,0.3625675439834595,3.7050437927246094,139407.421875,1.9948405027389526,462.2380676269531,30.30625343322754,358.1364762996157,91.4855152841764,0.3642174303531647,0.088971406
14,1,-1.336010459633309,39.7597915663065,1.009851336479187,1.8828237056732178,165.8811492919922,363.7029724121094,0.4829181134700775,1.6832832098007202,129143.0,2.0018153190612793,522.46923828125,24.101743698120117,362.7027962245829,-171.92611327382437,0.4783940613269806,0.4553307
14,1,-0.9728979185012272,38.00791943403118,1.1257330179214478,1.877563714981079,-352.05230712890625,158.1470489501953,0.34275341033935547,1.3709309101104736,120707.3671875,1.9852755069732666,521.2998657226562,55.48670196533203,155.45713532554547,348.71951626356,0.33887630701065063,0.21854232
14,1,-1.2215105258380934,36.7529204968802,1.1196234226226807,2.008840560913086,105.86132049560547,314.1669616699219,0.36412397027015686,3.7093658447265625,139407.421875,2.0205190181732178,592.415283203125,35.572509765625,317.40701886493014,-104.30102315517618,0.3642174303531647,0.6364365
14,1,-1.1902448794766547,41.838835247614064,1.181170105934143,1.8207768201828003,-69.87202453613281,382.2416076660156,0.3376300632953644,4.134342670440674,103721.3203125,1.9073154926300049,401.29583740234375,25.895130157470703,382.119117007171,72.04548346460714,0.33511075377464294,0.007341607
14,1,-0.755222739088806,30.312726932744095,1.1583709716796875,2.007599353790283,-335.55938720703125,-229.2168426513672,0.24898280203342438,3.408785104751587,121083.546875,2.037187099456787,709.527099609375,124.66539001464844,-227.30215009132783,335.62021611799287,0.2526404559612274,0.858126
14,1,-1.4591578266710248,32.89321736714212,1.1877565383911133,1.9846680164337158,-324.5406188964844,-101.07791900634766,0.4501882791519165,5.929154872894287,135078.84375,2.1449027061462402,926.4463500976562,32.18556213378906,-105.98516006123344,326.7532189223762,0.4497491121292114,0.78421724
14,1,-1.0722520641932936,36.833490979044804,1.1912695169448853,1.9424030780792236,-353.7207336425781,-114.09480285644531,0.269976943731308,3.925250768661499,103916.5859375,1.9812061786651611,549.1038208007812,46.49448776245117,-113.34976268124738,353.7358417405107,0.268218070268631,0.20918772
14,1,-1.3202528466008017,36.00282531990177,1.187760591506958,1.9958175420761108,195.29837036132812,271.7981872558594,0.45218902826309204,5.934393882751465,135078.84375,2.162593126296997,869.2620239257812,41.581180572509766,266.44834383738356,-194.74063656574103,0.4497491121292114,0.59961283
14,1,-1.0439796674846527,42.39953527168604,1.1494746208190918,1.9974478483200073,-331.89898681640625,256.4610900878906,0.2687453031539917,3.915555953979492,103916.5859375,2.0040345191955566,482.8334655761719,43.63316345214844,256.50354098302046,332.2449897794204,0.268218070268631,0.052092023
14,1,-1.1981361980766794,45.2858303652089,1.1531654596328735,2.0461480617523193,-251.9562225341797,303.6470642089844,0.25222352147102356,3.392390012741089,121083.546875,2.103761672973633,601.3500366210938,38.10570526123047,302.7235276004577,249.69868635848678,0.2526404559612274,0.024315005
14,1,-0.2832690733909417,47.66521322589404,1.1749401092529297,1.871311068534851,-3.290128469467163,-412.23590087890625,0.27857232093811035,5.261812686920166,114174.390625,1.918500304222107,381.02166748046875,198.46337890625,-418.54474065134485,8.601657042953908,0.27596408128738403,0.0007931897
14,1,-0.9595533957157757,44.582307444252166,1.072952389717102,1.8759164810180664,-340.5008544921875,-98.82577514648438,0.3954019844532013,6.021104335784912,110657.859375,1.9817122220993042,493.3907165527344,54.15477752685547,-101.4265444086201,340.12113541005624,0.3937698304653168,0.017618688
14,1,-1.0699072386648896,46.31719789039763,1.1476740837097168,2.0524165630340576,216.8961944580078,-288.82928466796875,0.280765563249588,2.0109658241271973,131144.03125,2.0926637649536133,570.2224731445312,48.544071197509766,-288.5305874462965,-222.47953035885303,0.27532511949539185,0.025292771
14,1,-0.9355566577394349,35.11303636569775,1.1150987148284912,1.8539823293685913,323.4558410644531,121.03174591064453,0.18016260862350464,1.1431998014450073,102646.203125,1.9091520309448242,484.8724060058594,56.243202209472656,121.14441547029642,-323.0234929077052,0.1808852255344391,0.25903916
14,1,-1.1093504325962704,45.71873689821821,1.1931387186050415,1.9252833127975464,-380.8658752441406,48.30538558959961,0.2450120449066162,0.26564136147499084,107192.515625,1.933164119720459,415.7071533203125,32.31734848022461,47.07396042341215,379.4232365598512,0.2455921173095703,0.004361431
14,1,-1.2447413165845034,29.939091725356388,1.1518219709396362,1.8902612924575806,-334.8945007324219,-0.22408927977085114,0.28525465726852417,2.5694217681884766,110574.8828125,1.9468146562576294,634.0536499023438,36.089717864990234,2.1472511410345785,333.2826237085104,0.28076714277267456,0.8135557
14,1,-0.9577275530355465,33.92640774572871,1.090855598449707,1.8009079694747925,-299.4569091796875,289.13238525390625,0.4681260585784912,0.7475382685661316,116261.46875,1.9598792791366577,482.0184631347656,53.12944793701172,283.5187787600914,297.0539850330931,0.46999987959861755,0.6719077
14,1,-1.274849804681982,39.2678407729356,1.0456130504608154,2.026949882507324,386.41046142578125,-141.42901611328125,0.494108110666275,3.7568845748901367,133104.25,2.1248281002044678,664.5233764648438,35.29061508178711,-137.02985350545055,-382.46740129481157,0.49496564269065857,0.6983003
14,1,-0.9699208284487361,43.48224684956223,1.1480581760406494,1.8505494594573975,-341.9237976074219,-50.052879333496094,0.46905505657196045,0.7459263205528259,116261.46875,2.00015926361084,482.489501953125,51.709007263183594,-53.84027372033701,339.1435941100345,0.46999987959861755,0.028934387
14,1,-1.2577536409942947,40.907299475758876,1.07365882396698,2.026949882507324,309.28271484375,263.3298645019531,0.4943174719810486,3.748802661895752,133104.25,2.1301190853118896,693.6158447265625,38.31459426879883,266.20449589907713,-306.0883955971543,0.49496564269065857,0.52166146
14,1,-1.0061012259620747,49.38351608971677,1.1959775686264038,2.029597043991089,215.10316467285156,358.3288879394531,0.24445874989032745,1.9514820575714111,118798.03125,2.031543731689453,491.0825500488281,48.42307662963867,358.3314464576847,-217.7625746867316,0.24313421547412872,0.0028264122
14,1,-1.464220255010374,39.013475100340635,1.0392484664916992,1.9900282621383667,245.67138671875,328.26397705078125,0.3382578194141388,3.3741862773895264,156804.78125,2.1392674446105957,722.420166015625,24.8066349029541,330.3625760622922,-245.05923081678196,0.3385395109653473,0.51228696
14,1,-1.174623298372441,48.62355356090966,1.1822203397750854,1.9218285083770752,409.534423828125,29.781208038330078,0.4285970628261566,0.5348274111747742,124008.828125,2.033458709716797,502.1773681640625,33.59174346923828,26.302409629264115,-413.3468615735833,0.4268355667591095,0.0046910644
14,1,-1.182039553256873,28.58890080435896,1.1743792295455933,1.8454498052597046,-46.586158752441406,399.9158935546875,0.41673925518989563,1.1007708311080933,127372.7265625,1.9600721597671509,748.7379760742188,49.23675537109375,399.10128349235384,43.81093629232045,0.41539421677589417,0.85881054
14,1,-0.8306459729746147,45.57545230880943,1.1829135417938232,1.8414709568023682,-40.54692459106445,353.6966247558594,0.38338837027549744,5.37784481048584,131570.40625,1.9810073375701904,445.6300354003906,65.81544494628906,351.23378982098427,41.513931943364696,0.3870235085487366,0.002233912
14,1,-1.256036869694322,43.22240834767215,1.110440731048584,1.9116995334625244,-352.4350280761719,82.7122802734375,0.42796438932418823,0.535461962223053,124008.828125,2.0488650798797607,560.7313232421875,31.096860885620117,79.33459624035494,349.6460107542901,0.4268355667591095,0.075807765
14,1,-1.2328148223384963,40.42915117933775,1.067580223083496,2.0040981769561768,211.37416076660156,320.6982421875,0.4244154691696167,1.8544821739196777,124865.2734375,2.0664267539978027,592.033935546875,34.63622283935547,322.0890083953824,-214.77881266799724,0.4210863709449768,0.48343498
14,1,-1.0483547759862584,44.7090644094143,1.1477185487747192,1.9875739812850952,314.8410949707031,-160.856689453125,0.24163071811199188,1.937152624130249,118798.03125,2.01448917388916,498.353515625,44.58428192138672,-161.49691568691787,-314.6550924820608,0.24313421547412872,0.017968094
14,1,-1.2973764818751872,39.32464325791602,1.0257185697555542,1.872946858406067,369.7315979003906,-42.75217056274414,0.3299825191497803,3.1489436626434326,113587.703125,1.9301068782806396,438.6816101074219,22.119279861450195,-37.38479877309391,-370.92792858850123,0.32755523920059204,0.22850297
14,1,-1.3081374626501616,25.560638345892762,1.1799973249435425,1.8629703521728516,-323.62298583984375,-236.28213500976562,0.35202667117118835,1.0823675394058228,104122.4765625,1.987982153892517,820.3682250976562,40.35248565673828,-236.68320565552165,320.4427281163782,0.352911114692688,0.8965522
14,1,-1.0940243205976434,43.061599955413215,1.1332299709320068,1.9990248680114746,-305.2464294433594,168.7997589111328,0.2846749722957611,6.0765910148620605,118410.9921875,2.0475406646728516,554.765380859375,44.677005767822266,167.2719943111562,305.6570608431471,0.28186771273612976,0.040688228
14,1,-1.4953675802805972,43.194721476662004,1.1653648614883423,1.8742607831954956,-291.9093933105469,256.4897766113281,0.4616985023021698,0.752154529094696,104258.8046875,2.0149331092834473,504.2489929199219,16.116649627685547,252.71701290228933,288.3312739520151,0.459180623292923,0.034886744
14,1,-1.1987172266166812,44.316686543857145,1.1688072681427002,1.8812464475631714,381.0660705566406,82.3841552734375,0.46100571751594543,3.733090400695801,111823.5390625,2.0237741470336914,517.4733276367188,32.74684143066406,84.69667495176401,-377.75572334161063,0.4596070945262909,0.015472442
14,1,-1.559569157351676,37.57676125649458,1.086812973022461,1.8328830003738403,-100.39527130126953,407.750732421875,0.32637742161750793,3.152090072631836,113587.703125,1.943450927734375,456.7581787109375,12.592551231384277,410.7400652072269,100.05751726896767,0.32755523920059204,0.18134333
14,1,-0.9802175864843776,46.065654967536794,1.1392313241958618,1.8190563917160034,125.81156921386719,294.7968444824219,0.35243090987205505,1.0852124691009521,104122.4765625,1.957359790802002,400.7244567871094,41.939884185791016,291.0514356916191,-129.483100756735,0.352911114692688,0.0031907521
14,1,-1.32242902433889,36.216106902336165,1.1575099229812622,2.0223710536956787,-387.536865234375,66.92892456054688,0.28006553649902344,6.074715614318848,118410.9921875,2.0193631649017334,627.6345825195312,29.872831344604492,63.03481867141709,388.634529286318,0.28186771273612976,0.4931649
14,1,-1.506244332510043,37.37266233971366,1.0940052270889282,1.9312399625778198,-400.4752197265625,38.10870361328125,0.45780032873153687,0.7548255920410156,104258.8046875,2.0168910026550293,563.2015380859375,17.555654525756836,34.177109579973944,397.89626921790625,0.459180623292923,0.6168917
14,1,-1.2539093580691456,37.10709001801243,1.1789402961730957,1.9859431982040405,323.7388916015625,169.4197235107422,0.4577474594116211,4.891242027282715,155324.890625,2.0828254222869873,725.6736450195312,40.44184112548828,168.90933401271138,-321.1885354353342,0.4607618451118469,0.524505
14,1,-1.4000372249517492,28.272421632336822,1.1812959909439087,2.0136961936950684,405.6560363769531,78.36756134033203,0.4099361300468445,4.385763168334961,127873.546875,2.0626258850097656,857.6627807617188,34.141143798828125,79.42866791424595,-403.628954314903,0.411734402179718,0.8963154
14,1,-1.140069693081824,46.1438185149568,1.1808109283447266,1.9859431982040405,-387.3869934082031,94.4254150390625,0.45812758803367615,5.489824295043945,138459.234375,2.09291672706604,585.5777587890625,42.414451599121094,90.56598163690941,391.63650208846224,0.45668235421180725,0.018253744
14,1,-1.238064910813668,44.85399209052415,1.1103403568267822,2.0305285453796387,386.6495056152344,7.118771553039551,0.41209450364112854,4.3749680519104,127873.546875,2.0734989643096924,579.4179077148438,33.490814208984375,9.752082199280864,-382.9059163167278,0.411734402179718,0.087278455
14,1,-0.9334564725955792,33.48302686792319,1.1560593843460083,1.944549560546875,368.8450622558594,-49.000850677490234,0.25496354699134827,1.3712021112442017,133399.859375,1.9817510843276978,600.19287109375,69.95741271972656,-47.99802892406733,-370.013506110488,0.25338035821914673,0.66005653
14,1,-0.8825607423175916,48.419751465922154,1.1579314470291138,1.9440464973449707,-88.98918914794922,-361.82421875,0.45782747864723206,5.4835662841796875,138459.234375,2.0305049419403076,461.83856201171875,60.52415466308594,-364.7275664246792,93.42970192288801,0.45668235421180725,0.0054242006
14,1,-0.7959228436174065,46.757205682904356,1.0734944343566895,1.855509877204895,16.408580780029297,-365.6611022949219,0.2879088521003723,1.8120588064193726,116605.359375,1.8425770998001099,344.20654296875,55.0675163269043,-366.09231861166154,-18.940397646896013,0.2806549668312073,0.004465895
14,1,-1.1664565679411716,46.70820112806073,1.1765234470367432,1.9188904762268066,-42.27226257324219,416.6029357910156,0.2687809467315674,0.10669701546430588,126880.734375,1.975069522857666,420.700439453125,28.675756454467773,413.04896919356764,40.22293501430074,0.2648577392101288,0.0038866154
14,1,-0.7023634911973917,43.66870893010996,1.174635648727417,1.810325264930725,-345.7319641113281,161.2150421142578,0.18127739429473877,4.367300510406494,108626.8828125,1.8467278480529785,358.8386535644531,71.20903778076172,160.719867274319,347.5465060661721,0.1788068562746048,0.00095132575
14,1,-0.8151256240647908,44.612746547179015,1.17836594581604,2.004363775253296,-195.4427032470703,-258.6575927734375,0.40631231665611267,4.379786491394043,127873.546875,2.038965940475464,529.5703125,81.05829620361328,-257.7585128844776,198.62336896783665,0.411734402179718,0.03654447
14,1,-1.025351598694568,44.27143877002771,1.1499701738357544,1.9658926725387573,205.8199920654297,-252.26312255859375,0.2503863573074341,1.367708683013916,133399.859375,1.9987354278564453,501.0035705566406,47.2594108581543,-253.18025862386622,-207.2410399747974,0.25338035821914673,0.018498514
14,1,-1.011114036835329,46.84883041380895,1.1779831647872925,1.9224121570587158,-319.24102783203125,-176.6100311279297,0.25536513328552246,5.368015766143799,112954.4921875,1.9560983180999756,410.2747497558594,39.990760803222656,-181.10127332396166,320.0234449623273,0.2546739876270294,0.0016709196
14,1,-1.50598496486248,41.5480057630912,1.0111724138259888,1.8283995389938354,416.255859375,-40.30998611450195,0.3375188410282135,4.530647277832031,128126.3203125,1.9457696676254272,427.8850402832031,13.345623970031738,-39.55358851288293,-414.64935523558097,0.33820784091949463,0.05823103
14,1,-1.4054660519979412,43.25651079025417,1.0760138034820557,1.984715223312378,266.3060607910156,-288.0898742675781,0.4204540550708771,5.9203782081604,135476.359375,2.071781873703003,604.112548828125,23.74925422668457,-293.21952330149503,-264.6518544404028,0.4212605953216553,0.12450524
14,1,-0.810463150956538,36.77774128343263,1.197725772857666,2.0869193077087402,-223.52784729003906,319.1605224609375,0.2796737253665924,4.821714401245117,155015.53125,2.069685935974121,720.0582885742188,111.40485382080078,316.7372182659176,225.09760707065894,0.2818430960178375,0.54155403
14,1,-1.7152117928214026,41.82066094526005,1.1361448764801025,1.9820255041122437,189.43177795410156,-312.80816650390625,0.42110323905944824,5.923983573913574,135476.359375,2.1390695571899414,732.0169067382812,14.102828979492188,-317.60362314876505,-188.2462541184785,0.4212605953216553,0.1281803
14,1,-1.8205320825928732,31.25290977343905,1.1834707260131836,1.815241813659668,-270.83001708984375,211.09649658203125,0.3420814573764801,4.521960735321045,128126.3203125,1.927617073059082,569.0338134765625,8.602029800415039,212.22171903889554,272.9693719870513,0.33820784091949463,0.56843376
14,1,-1.1288137582694902,46.008234979569565,1.1359319686889648,1.9030561447143555,-213.46148681640625,-341.9381103515625,0.20048220455646515,5.320273399353027,105319.875,1.9001351594924927,373.479736328125,27.762062072753906,-343.0534392492272,213.92917840245653,0.20752407610416412,0.0019818745
14,1,-1.1367016775246745,47.58138877533282,1.1884595155715942,2.047821283340454,364.43145751953125,183.80625915527344,0.37652021646499634,3.196441888809204,116463.5546875,2.0851545333862305,545.8629760742188,39.845645904541016,187.564859224418,-364.784259272485,0.37636885046958923,0.0149722835
14,1,-1.1817240996017,47.024448799272946,1.1204851865768433,1.8189799785614014,-373.3882751464844,-30.906021118164062,0.20631016790866852,5.338068008422852,105319.875,1.8906790018081665,357.24078369140625,23.509050369262695,-33.15209330976746,374.90785561229785,0.20752407610416412,0.0005686111
14,1,-1.1858421944076403,42.10470906991102,1.093281626701355,1.9931225776672363,-261.4617919921875,-265.29156494140625,0.37608304619789124,3.1999473571777344,116463.5546875,2.0120811462402344,507.56329345703125,33.086185455322266,-261.92920337085104,259.40352313653324,0.37636885046958923,0.1845215
14,1,-1.0449392503646608,43.29761204662145,1.0763959884643555,2.0047168731689453,359.9449462890625,-2.8191840648651123,0.203796848654747,4.179449558258057,156199.734375,2.114408254623413,657.35498046875,59.27341842651367,-1.585029530711889,-358.60715227600167,0.20050252974033356,0.051141053
14,1,-1.3286535695805843,41.058673471280926,1.110195517539978,1.8345507383346558,-133.47573852539062,-291.1729431152344,0.36193257570266724,5.651488304138184,106447.7421875,1.9603255987167358,471.88909912109375,22.14034652709961,-292.34087953258927,136.56499740502224,0.3623545169830322,0.028605303
14,1,-1.396559718159675,40.45741059582556,1.041960597038269,1.8662867546081543,346.0752868652344,214.23995971679688,0.21525456011295319,0.5651018619537354,109304.6484375,1.9204988479614258,426.5260314941406,17.115251541137695,212.98224245171934,-346.4379923392796,0.21556508541107178,0.07903605
14,1,-0.9551048193055627,44.94553697651837,1.130731225013733,2.1112060546875,319.33978271484375,-72.64852142333984,0.2012612521648407,4.154667854309082,156199.734375,2.1627655029296875,692.7094116210938,76.81494140625,-71.03078502358963,-317.310997085674,0.20050252974033356,0.050587405
14,1,-1.1724335036732187,42.81390501995976,1.1978188753128052,1.8412730693817139,-263.1614074707031,250.53343200683594,0.20611968636512756,5.323334217071533,105319.875,1.9445215463638306,448.181884765625,30.13140296936035,249.93332121622726,264.68531462280333,0.20752407610416412,0.0016856615
14,1,-0.9956790829405118,40.47292066502609,0.9514064192771912,2.0878794193267822,-277.2359924316406,224.11566162109375,0.19804520905017853,4.153357028961182,156199.734375,2.0931880474090576,619.2239990234375,62.54145812988281,224.326579404718,278.1487304834547,0.20050252974033356,0.57442313
14,1,-0.7489579221426022,46.74708832295594,1.1066229343414307,1.8800098896026611,-81.53062438964844,383.992431640625,0.45416519045829773,0.41219794750213623,128355.828125,2.008054494857788,426.7731018066406,76.07440185546875,385.3031083805253,78.35686594042251,0.45729050040245056,0.01512405
14,1,-1.232721988661952,31.156876313611566,1.1841892004013062,1.9743894338607788,-47.193302154541016,415.0654602050781,0.42594113945961,0.39987698197364807,148934.6875,2.079036235809326,841.0183715820312,49.213314056396484,409.57919120305434,45.56495815046203,0.42797383666038513,0.863978
14,1,-0.871846565286367,37.670408768845604,1.1050509214401245,1.8249655961990356,308.6706848144531,-205.19454956054688,0.45654168725013733,0.4165251553058624,128355.828125,1.9805607795715332,544.5501708984375,73.14602661132812,-209.74250020908187,-309.69197994697276,0.45729050040245056,0.3219971
14,1,-1.2985803466373094,34.469671474176934,1.0955430269241333,1.9455188512802124,257.6514587402344,-279.6451416015625,0.4417458772659302,2.378422260284424,110746.5390625,2.0774970054626465,732.4052734375,36.82730484008789,-276.5955545847067,-259.07251742541956,0.4461389183998108,0.79345345
14,1,-1.5357443151779062,42.77011549019869,1.135782241821289,2.055511713027954,-241.70254516601562,337.56201171875,0.3690726161003113,4.330415725708008,118260.9765625,2.1238443851470947,662.50146484375,19.2947998046875,338.25465249040104,244.796218503955,0.37246933579444885,0.16251072
14,1,-1.0776339859657469,43.7591599047418,1.1056052446365356,1.9651732444763184,-352.2977600097656,23.662752151489258,0.49010801315307617,1.0134904384613037,129070.21875,2.161717414855957,684.8682861328125,57.27595138549805,21.719184101711836,349.5068965165212,0.4918377697467804,0.14760667
14,1,-1.0680296857512757,41.20957418658864,1.1445420980453491,1.8193334341049194,350.4938049316406,-103.84331512451172,0.38186272978782654,0.6476216912269592,121657.8359375,1.9499706029891968,484.9227600097656,41.46119689941406,-106.67607542530271,-352.78367632481365,0.3810591697692871,0.03190888
14,1,-1.4925707289952568,43.4041416210648,1.1135296821594238,1.904176115989685,154.25112915039062,308.6888427734375,0.4998643696308136,2.9034817218780518,113603.6875,2.0799400806427,581.277587890625,18.69866180419922,314.08719719882333,-154.2975934405785,0.4975746273994446,0.07474739
14,1,-1.1757450300044887,40.265680270084424,1.1688345670700073,1.9827756881713867,247.82623291015625,-315.0469970703125,0.44832146167755127,2.38093900680542,110746.5390625,2.00163197517395,532.396240234375,35.52128982543945,-311.3727466112128,-250.44381183287368,0.4461389183998108,0.2710327
14,1,-1.1101175999128223,43.221719864982816,1.1438651084899902,2.0194685459136963,-275.0278015136719,257.5477600097656,0.24522949755191803,4.057034969329834,125802.3125,2.0445778369903564,530.5640869140625,41.17363357543945,256.9200426231118,275.60844863862496,0.2453784942626953,0.04224894
14,1,-0.8377821410768064,48.5021307691435,1.1751387119293213,1.8061779737472534,-322.5464172363281,-170.66781616210938,0.38694286346435547,2.13265061378479,131718.140625,1.9256811141967773,394.3238830566406,57.28886032104492,-170.08229593708938,317.7712190586516,0.3859853148460388,0.00080969225
14,1,-1.3456441953973948,40.10410205964282,1.012345790863037,1.8647366762161255,122.66426086425781,323.7273254394531,0.40420112013816833,0.0927983745932579,101131.609375,1.9263794422149658,426.12091064453125,19.225887298583984,319.2059525971847,-122.7048214619448,0.40208327770233154,0.30807155
14,1,-1.1046332740357898,44.23840667759258,1.1842600107192993,2.0464539527893066,-216.31446838378906,-281.6351013183594,0.2901196777820587,1.4940582513809204,137657.546875,2.030125617980957,538.2093505859375,42.2977180480957,-279.471356830094,216.4098490256589,0.28716155886650085,0.044474505
14,1,-1.0143213479216553,42.17972431906234,1.0477710962295532,1.930400013923645,-109.04739379882812,397.4607238769531,0.43523910641670227,2.628216028213501,115756.625,2.0155317783355713,525.462890625,50.8416748046875,400.6072438999344,107.29645305482167,0.4373948276042938,0.1996047
14,1,-0.9344096815219125,37.95592099629808,1.0705173015594482,1.9089019298553467,-409.9161682128906,-44.19546890258789,0.4322529137134552,2.6252148151397705,115756.625,2.0120222568511963,548.1605224609375,63.752525329589844,-41.20417333634515,408.37574842835244,0.4373948276042938,0.49587068
14,1,-1.2976244793511968,45.0477872038543,1.1917881965637207,1.8217741250991821,366.9377136230469,170.6583251953125,0.40642228722572327,0.6513471007347107,105097.4140625,1.8383339643478394,331.2791442871094,16.69425392150879,172.88400018246364,-368.47052967772163,0.4032979905605316,0.004356891
14,1,-0.6914669949535412,49.817276087983,1.1316096782684326,1.8088493347167969,-319.24468994140625,176.14669799804688,0.40358737111091614,0.0887993648648262,101131.609375,1.931988000869751,367.9356994628906,74.86940002441406,173.00809629564284,318.156999626863,0.40208327770233154,0.0012468377
14,1,-1.3573379467542919,40.847683739834935,1.1245912313461304,1.9988240003585815,209.49583435058594,-360.3423156738281,0.40026819705963135,5.303708553314209,147454.1875,2.111539363861084,707.0906982421875,31.0553035736084,-363.06101893015483,-206.77609134470475,0.4013444483280182,0.22591178
14,1,-1.1669717886447106,39.11044272917477,1.0048208236694336,1.828643560409546,352.1344299316406,-140.0164794921875,0.24338124692440033,4.204026699066162,111109.015625,1.8761323690414429,394.0202331542969,26.825332641601562,-138.9113037110295,-348.9006806536051,0.24580614268779755,0.10640375
14,1,-0.8141689614559543,37.32575795512594,0.8939656615257263,1.8029448986053467,228.42478942871094,-312.35247802734375,0.18048392236232758,0.23808807134628296,125849.0625,1.8560206890106201,410.7713317871094,63.01304626464844,-315.7105018289684,-227.06355960114723,0.18165536224842072,0.3928319
14,1,-0.9910544913803727,45.79462592929151,1.1826515197753906,1.8574556112289429,-54.24348449707031,318.8337707519531,0.23821225762367249,4.109453201293945,120898.25,1.900853157043457,369.2750244140625,37.69591522216797,320.7858877991158,57.83304214145206,0.2339945286512375,0.0010825885
14,1,-0.6019054798752884,46.44982884586183,1.1688753366470337,1.824340581893921,212.71929931640625,-285.1660461425781,0.21948258578777313,0.5725715160369873,109716.40625,1.8529623746871948,351.9776916503906,88.025634765625,-285.91714989663285,-212.52950215535932,0.2281288504600525,0.00097508094
14,1,-1.0826587758329316,29.876462883121334,1.146151065826416,1.9963467121124268,222.0273895263672,322.23431396484375,0.2861449718475342,6.027237892150879,136384.546875,2.0180771350860596,698.2938842773438,57.72696304321289,319.01939770543447,-220.56785182589795,0.2807130515575409,0.85823494
14,1,-0.7014412106892445,47.11658234156059,1.1498900651931763,1.9786392450332642,-143.19821166992188,-363.37725830078125,0.43824461102485657,6.184348106384277,151270.875,2.1173229217529297,604.7984008789062,120.27325439453125,-366.98507969874703,144.1862019051236,0.4368361830711365,0.012436733
14,1,-1.0845298133020411,36.85256056127815,1.1918588876724243,1.8806520700454712,-301.1960144042969,-214.32305908203125,0.418536901473999,0.9768903851509094,122023.453125,1.9941668510437012,637.4136352539062,52.4675407409668,-218.33009215584528,300.48159484176614,0.4214283525943756,0.29987577
14,1,-1.0980854251518761,31.36482832079278,1.140591025352478,1.9714796543121338,-346.964111328125,227.92123413085938,0.2895140051841736,5.819093227386475,125482.1015625,1.98697829246521,621.4710083007812,49.58320236206055,224.12394240940708,347.689287481753,0.2865307033061981,0.8032868
14,1,-1.147136505766425,29.978266574067035,1.0272088050842285,1.8301301002502441,-298.2515563964844,-164.5879364013672,0.1846594363451004,0.2212345153093338,125849.0625,1.8557968139648438,509.2914733886719,36.293487548828125,-167.37226213566072,297.94500030963866,0.18165536224842072,0.8320795
14,1,-1.1069547952414565,39.21568833411285,1.0774236917495728,1.9963467121124268,173.17591857910156,309.72674560546875,0.2835685610771179,6.0187153816223145,136384.546875,2.01589298248291,549.16796875,42.928863525390625,305.6111536122542,-173.66989356053543,0.2807130515575409,0.29809237
14,1,-1.0524375197282323,39.04241540420879,1.1394444704055786,1.8613653182983398,389.70465087890625,97.51005554199219,0.21930474042892456,1.3374557495117188,103033.3671875,1.8670729398727417,406.4033508300781,36.017913818359375,97.58535857844842,-392.08734176386025,0.22038580477237701,0.048208356
14,1,-1.23561986429148,46.12393903108288,1.1464507579803467,1.833026647567749,-249.57470703125,-274.109130859375,0.43526312708854675,2.952444076538086,112629.53125,1.9606021642684937,420.036376953125,24.41547966003418,-270.201550331233,249.87433889914587,0.4321803152561188,0.004580282
14,1,-1.3717249788910535,40.62509033292344,1.1556220054626465,1.8403451442718506,-114.69135284423828,398.4773254394531,0.2552052438259125,4.838226795196533,108388.2265625,1.8797036409378052,387.9727783203125,16.484418869018555,399.36654813952435,115.16618364991096,0.2524392604827881,0.011450053
14,1,-1.2264081726933278,25.87879572338263,1.174939751625061,1.9928392171859741,-387.67083740234375,-45.72693634033203,0.4082750976085663,2.697253465652466,154367.453125,2.100022315979004,1156.9686279296875,68.69304656982422,-43.92844008183294,387.56013891303536,0.4104922413825989,0.9156328
14,1,-1.1253525168478566,25.06473289735932,1.1728825569152832,1.8231338262557983,-89.40743255615234,-356.5551452636719,0.18441151082515717,2.097358465194702,104973.8671875,1.8797229528427124,670.22705078125,50.219058990478516,-356.17901454004124,90.25078478694972,0.18742522597312927,0.87086123
14,1,-0.949081683510227,44.728053789286896,1.092090129852295,1.8117036819458008,-26.111087799072266,333.6558837890625,0.45018818974494934,1.6022392511367798,114473.3125,1.951559066772461,435.42864990234375,48.95921325683594,333.3532918603472,21.04323188382055,0.4546801447868347,0.014796538
14,1,-0.8909448210012033,49.632804843392954,1.1821616888046265,1.844687581062317,-106.64305877685547,-385.6957092285156,0.21190136671066284,5.894618988037109,110852.0078125,1.9436299800872803,394.2756042480469,50.68205642700195,-387.0675181710737,107.50532525259185,0.21465720236301422,0.00016894247
14,1,-0.8479781716553816,45.23320141227363,1.132173776626587,1.8756710290908813,-174.59315490722656,375.4770202636719,0.21257014572620392,5.876631259918213,110852.0078125,1.9359245300292969,405.0400695800781,57.48030471801758,376.6623739326137,173.22389915554186,0.21465720236301422,0.0020192992
14,1,-1.1762757365699201,37.61834440806414,1.137588381767273,1.8607075214385986,-332.12103271484375,-156.71572875976562,0.21978123486042023,1.2894456386566162,103033.3671875,1.8883030414581299,411.04241943359375,27.391090393066406,-155.55879484531133,330.4074529449044,0.22038580477237701,0.09636146
14,1,-0.8649441866277117,45.24422562423642,1.1753730773925781,1.9022878408432007,-93.9312515258789,-357.76568603515625,0.3295929729938507,0.5783798694610596,115241.328125,1.996575951576233,467.0196533203125,63.7368049621582,-360.80092953353835,93.15681835940529,0.3288092613220215,0.0079945605
14,1,-0.8836782581149003,39.31124963818663,1.106002926826477,1.9139199256896973,143.42391967773438,377.4243469238281,0.417386919260025,4.145874977111816,119536.375,2.002141237258911,527.1327514648438,68.90347290039062,376.7830456824383,-138.15254189062034,0.4178529679775238,0.25104997
14,1,-0.8839804580221344,47.00881805084518,1.1860989332199097,1.9345340728759766,-326.4928894042969,236.54238891601562,0.39403730630874634,4.317142963409424,145860.4375,2.0371079444885254,526.7083129882812,68.80010223388672,236.06505638381918,328.48906637380816,0.3914507031440735,0.0047858125
14,1,-1.2168120731059158,42.259696623931895,1.0873607397079468,2.0815460681915283,357.7405700683594,154.9728240966797,0.38655373454093933,1.0388413667678833,157619.203125,2.2035388946533203,812.5475463867188,49.321449279785156,153.4342693157359,-360.0802951439613,0.3840806484222412,0.41507608
14,1,-1.3907229309017548,44.99263543317615,1.126749038696289,1.9947960376739502,59.13400650024414,333.7245788574219,0.25269845128059387,2.467930555343628,103793.4453125,2.017407178878784,504.8446350097656,20.532068252563477,334.78258039545227,-53.966275956997784,0.2553333044052124,0.021687128
14,1,-1.1122696935413745,37.17171698868118,1.0910767316818237,2.071147918701172,-203.1416778564453,-261.1178894042969,0.3776070773601532,1.0611205101013184,157619.203125,2.1568448543548584,809.2901000976562,62.49335479736328,-263.7037405409303,200.17080443961473,0.3840806484222412,0.77767396
14,1,-0.5407444343009841,35.9497782729434,1.089246153831482,1.8014417886734009,341.0546875,134.8098602294922,0.3066574037075043,5.891232013702393,138013.25,1.848829984664917,403.3409118652344,116.1254653930664,131.434084984112,-341.0156625493172,0.309922993183136,0.16983736
14,1,-1.4253418297140226,35.88727187465706,1.0693169832229614,1.826276421546936,379.6578063964844,-134.86614990234375,0.4501812756061554,4.523091793060303,134271.0625,1.9301633834838867,475.6990661621094,17.864383697509766,-135.9273143402791,-374.90238271504904,0.4498765766620636,0.48981968
14,1,-1.028782801242089,37.66553914096142,1.0727895498275757,1.817281723022461,353.87762451171875,166.58206176757812,0.308907151222229,5.87329626083374,138013.25,1.842617392539978,385.5646057128906,36.0838737487793,161.88344553538207,-352.011395763827,0.309922993183136,0.11390137
14,1,-0.9983478986201344,36.327857489873374,1.188529133796692,1.8112379312515259,-33.41297149658203,-386.2945861816406,0.38556039333343506,4.089321136474609,100574.640625,1.9065300226211548,506.3986511230469,50.83277130126953,-384.42708675916253,37.81522874863482,0.3847036063671112,0.12122087
14,1,-0.972350143476384,49.29235273519415,1.1565499305725098,1.9780433177947998,-321.0285949707031,222.18710327148438,0.48495742678642273,4.060079574584961,111551.171875,2.0588502883911133,500.32684326171875,53.32155990600586,223.96804333207837,326.8371129486759,0.4854692816734314,0.008099896
14,1,-1.0714591770164543,34.51371532072555,1.1476720571517944,1.8245244026184082,169.52215576171875,-332.35943603515625,0.4956326186656952,6.129441261291504,116906.265625,1.9448167085647583,556.4747314453125,47.2047119140625,-337.05552801405776,-168.70261012007003,0.49690529704093933,0.47693178
14,1,-0.913722981477906,41.945695951092006,1.1613171100616455,1.855880856513977,-67.74967956542969,-322.89617919921875,0.3732258677482605,3.884000062942505,113803.5859375,1.9568920135498047,444.637939453125,54.23538589477539,-320.45310167586666,70.9068691902454,0.37540876865386963,0.018941522
14,1,-1.1037300790376277,37.820206978423535,1.0622787475585938,1.9330625534057617,-349.26678466796875,13.603547096252441,0.37496939301490784,3.867902994155884,113803.5859375,2.005693197250366,573.9490356445312,45.200401306152344,16.48046559328276,353.3799605520364,0.37540876865386963,0.4857916
14,1,-1.2174036009823608,47.2010618172792,1.1435668468475342,1.8001821041107178,90.67943572998047,-389.35577392578125,0.49955084919929504,6.1262664794921875,116906.265625,1.9915472269058228,462.5436096191406,28.03803253173828,-392.7790342854013,-89.85784994486444,0.49690529704093933,0.0021399374
14,1,-1.1510367872147165,44.7247687985753,1.1162909269332886,1.9328479766845703,397.17169189453125,79.88140106201172,0.24343439936637878,5.8741021156311035,117884.4140625,1.9846752882003784,441.92889404296875,31.211469650268555,76.33082595859474,-395.5138281339516,0.24307569861412048,0.0077864025
14,1,-1.1834751327810147,41.122333049304515,1.1125515699386597,1.9598264694213867,365.343994140625,-43.69082260131836,0.4953766465187073,6.118869781494141,116906.265625,2.0264089107513428,573.3943481445312,37.58176040649414,-50.38858858042599,-362.8491881043512,0.49690529704093933,0.23001893
14,1,-0.9041963291780473,46.936945688370045,1.1635246276855469,1.9483460187911987,-327.9541015625,12.419035911560059,0.2357541173696518,5.882693767547607,117884.4140625,1.9763526916503906,459.1875915527344,57.252315521240234,9.067183221441423,327.21112676287504,0.24307569861412048,0.0021588986
14,1,-1.8261711562275058,33.452404630191836,1.1736253499984741,1.8029881715774536,-346.1280822753906,45.330665588378906,0.40377119183540344,1.8199440240859985,120739.171875,1.9621212482452393,581.2366943359375,8.673150062561035,46.1312503422844,344.3932822749811,0.4033215641975403,0.46612775
14,1,-0.8361890660544922,46.96976149060135,1.1863316297531128,1.9931310415267944,345.57122802734375,-196.93930053710938,0.3197234570980072,2.6699512004852295,137344.21875,2.0104830265045166,470.12957763671875,68.55322265625,-190.78596569724556,-345.1814070051661,0.3140031099319458,0.0075521716
14,1,-1.447106282243056,39.932682442413224,1.086143136024475,2.0127182006835938,340.6482849121094,-218.8061065673828,0.4050065279006958,1.810831904411316,120739.171875,2.0294737815856934,524.808349609375,18.745288848876953,-217.1772617263363,-343.67753901281594,0.4033215641975403,0.49342042
14,1,-1.04542580741207,46.495403057495736,1.1990731954574585,2.0245614051818848,347.0455627441406,78.14374542236328,0.22335094213485718,1.5045863389968872,123820.609375,2.021195650100708,476.5079040527344,42.91837692260742,77.91227122167668,-346.5244182598461,0.22181466221809387,0.0073767006
14,1,-0.9846288867635015,45.47956361025116,1.18293297290802,2.0340774059295654,84.16741943359375,409.27166748046875,0.3204353451728821,2.637943744659424,111441.765625,2.1125924587249756,597.9954223632812,61.9538459777832,411.19984225183765,-84.01213431412026,0.3246762752532959,0.024201348
14,1,-1.05390598561392,41.4970732752953,1.0906627178192139,2.059537887573242,6.543488502502441,411.5304260253906,0.2140701711177826,2.7113959789276123,142108.390625,2.0592751502990723,557.419677734375,49.23516845703125,411.8335728147787,-6.020666731272623,0.2120780497789383,0.20531791
14,1,-1.0457854982781143,46.94684532783946,1.1449953317642212,2.022531747817993,9.223758697509766,395.4731140136719,0.32861191034317017,2.6399765014648438,111441.765625,2.0566372871398926,522.4608154296875,47.018341064453125,398.8442736488589,-9.424609594190112,0.3246762752532959,0.017554263
14,1,-1.5271933465988254,46.84475934754355,1.0486174821853638,1.947967767715454,-160.7680206298828,313.5929870605469,0.31775858998298645,4.481827259063721,129357.4140625,2.0140445232391357,460.4918212890625,13.678088188171387,313.4879140064935,163.85460051602678,0.3204030692577362,0.014851616
14,1,-0.677902934350469,44.130590140096935,1.1123393774032593,1.8925883769989014,-17.566545486450195,340.65570068359375,0.1820201575756073,4.030908107757568,136600.421875,1.9362272024154663,404.7445068359375,84.97232818603516,341.3298779497749,16.06210224531891,0.17640823125839233,0.0050415713
14,1,-1.3397123812509393,39.648981873372435,1.0648292303085327,2.03871488571167,-224.1048126220703,-272.3274841308594,0.21250033378601074,2.699239492416382,142108.390625,2.0677921772003174,613.662353515625,28.06826400756836,-270.7967931284928,224.49364732407946,0.2120780497789383,0.36970776
14,1,-1.2122726112646935,27.359158081358537,1.1952800750732422,1.8871581554412842,-223.1798095703125,246.78408813476562,0.2723366618156433,2.280613422393799,131916.109375,1.9768747091293335,771.843505859375,47.342994689941406,247.79852880593734,222.3321249899613,0.28012239933013916,0.85941106
14,1,-1.0519087984597817,47.84144037424743,1.1680246591567993,1.85890793800354,332.5043029785156,-54.282718658447266,0.34222838282585144,0.2242739200592041,133492.40625,1.9318350553512573,393.57269287109375,34.92327117919922,-60.41520955262665,-331.01119098869407,0.3437032401561737,0.0021019583
14,1,-1.3331783573187026,44.630166120683135,1.1870068311691284,1.8685576915740967,-328.4689636230469,81.8182144165039,0.4758930802345276,3.818594217300415,135054.8125,1.9939393997192383,482.24493408203125,22.39171600341797,84.51851256590963,328.384159532487,0.4920409321784973,0.010324917
14,1,-1.2166869419518687,43.73171284181268,1.184645414352417,2.005068302154541,-87.58733367919922,406.1507568359375,0.35259392857551575,2.7670366764068604,151872.734375,2.129897117614746,657.4482421875,39.91843795776367,408.7836038913659,86.5668654164541,0.353349894285202,0.0431444
14,1,-1.245164197204268,42.090061422492454,1.1943780183792114,1.864137887954712,78.30615234375,344.7576904296875,0.3429814875125885,0.22146658599376678,133492.40625,1.9684181213378906,488.2998046875,27.766477584838867,341.2546079247475,-79.64429455701453,0.3437032401561737,0.018056583
14,1,-1.2073255126088662,34.336577907995085,1.1787890195846558,1.9251415729522705,-87.87004852294922,-351.7903747558594,0.3516664505004883,5.170652389526367,130535.609375,2.0094528198242188,630.6317138671875,39.124534606933594,-356.2472903797363,92.15800794568395,0.35211437940597534,0.52134967
14,1,-1.425173384311854,44.971751175780675,1.1118847131729126,1.949697494506836,-122.96357727050781,306.80987548828125,0.49421316385269165,6.085763454437256,112063.96875,2.050964593887329,507.5909118652344,19.06945037841797,301.40400997691836,123.10197102273032,0.4901888966560364,0.045738135
14,1,-0.6793801773182613,43.03238576396021,1.0692278146743774,2.0111663341522217,-211.17837524414062,-332.81549072265625,0.4599679708480835,4.247140407562256,146681.421875,2.1228184700012207,631.5997314453125,132.14825439453125,-333.2009098702964,217.0100990746475,0.46324971318244934,0.25020346
14,1,-1.1071541203401203,39.494735123466924,1.136229395866394,1.9598309993743896,183.36305236816406,-316.0437927246094,0.3274824619293213,0.9466314315795898,112542.5703125,2.040506362915039,606.8922729492188,47.419456481933594,-317.37606310226806,-185.2577387197555,0.3276108205318451,0.2384293
14,1,-0.9399593532696665,35.044650222010326,1.1646310091018677,2.078125,-324.8477783203125,-101.98107147216797,0.4596872329711914,4.245843887329102,146681.421875,2.1752073764801025,903.1299438476562,103.70279693603516,-100.02767333742254,329.15276209076944,0.46324971318244934,0.8214712
14,1,-1.3005326049925865,42.751973515813404,1.020684003829956,2.001722574234009,-348.2074279785156,142.4651641845703,0.49381938576698303,6.092989921569824,112063.96875,2.0890183448791504,620.5706176757812,31.063987731933594,137.49000154334925,350.07931278508187,0.4901888966560364,0.33873984
14,1,-0.891230709774219,49.34049295374221,1.164202332496643,1.8409348726272583,-372.60101318359375,-166.34451293945312,0.4957210123538971,3.7614951133728027,108718.9453125,1.9551007747650146,380.8674011230469,48.9262809753418,-161.80898888259307,376.448615430056,0.4953213632106781,0.0016192574
14,1,-1.1564524392876527,39.06822009896079,0.9521857500076294,1.9804478883743286,353.7605285644531,-79.40133666992188,0.4548397958278656,2.8515713214874268,154722.421875,2.0597214698791504,588.855712890625,41.07290267944336,-74.57248820615239,-354.6255336143243,0.4535210430622101,0.74107265
14,1,-1.4059401637050046,41.66571773640481,1.0907222032546997,1.9289675951004028,11.129538536071777,-396.3908386230469,0.491568386554718,6.084414958953857,112063.96875,2.0768885612487793,624.2471313476562,24.51402473449707,-401.0408531908561,-9.385296989485209,0.4901888966560364,0.16706982
14,1,-0.9808085959326085,41.87441806240321,1.1244643926620483,1.9701224565505981,-356.229248046875,64.98767852783203,0.2356957048177719,6.0831708908081055,107801.21875,1.9972174167633057,491.3214416503906,51.351871490478516,63.00718069730187,356.48731142240496,0.23760060966014862,0.038540494
14,1,-0.9965782037659827,44.26564226140806,1.1367956399917603,1.8056312799453735,19.11280059814453,405.1842041015625,0.3404432535171509,5.334506511688232,138868.984375,1.8893769979476929,359.6641845703125,36.250816345214844,402.84658097550056,-17.31954366349663,0.3425925672054291,0.0029784234
14,1,-1.4242459101359586,29.16431081238355,1.1315158605575562,1.9202041625976562,251.02406311035156,-247.56561279296875,0.22949934005737305,6.11068868637085,107801.21875,1.9685581922531128,665.039306640625,25.038002014160156,-251.864539525268,-250.1197356907802,0.23760060966014862,0.82409006
14,1,-0.8498102375611725,48.18728473478607,1.1422981023788452,1.8816173076629639,-105.39012145996094,-309.7402038574219,0.24629952013492584,2.118051528930664,114828.875,1.9224950075149536,382.7447814941406,54.08766555786133,-308.28558940831573,102.88389004794976,0.24082297086715698,0.0012784712
14,1,-1.1386746783535502,47.480263475181374,1.1585923433303833,1.9204661846160889,-167.557373046875,275.4804382324219,0.45040833950042725,0.3670470118522644,129545.1015625,2.051252841949463,513.5634155273438,37.317989349365234,271.3360879343543,163.71864075038013,0.45066654682159424,0.010652164
14,1,-1.1693523821754521,40.06310757197446,1.1788804531097412,1.939686894416809,-102.01622009277344,-344.461181640625,0.3647993505001068,1.0343208312988281,103652.3515625,1.9871171712875366,524.2313232421875,35.49517822265625,-346.4135255746926,100.12242920762773,0.3609785735607147,0.13416074
14,1,-1.4567043204265862,33.25901771356624,1.1352217197418213,2.0851616859436035,292.8869323730469,-226.27978515625,0.3925536572933197,5.24948787689209,152702.609375,2.208479642868042,1180.1533203125,41.23187255859375,-228.82855254631386,-289.51381711276315,0.3927949070930481,0.8607063
14,1,-1.3163907055064572,39.047333573649325,1.183892011642456,1.87125825881958,20.64687156677246,345.417724609375,0.2771887183189392,4.235037803649902,117991.6484375,1.8720570802688599,415.1988830566406,20.03841209411621,348.48526261657855,-21.603816225342076,0.2800273299217224,0.03482446
14,1,-0.9405149862748231,44.45201561141201,1.1900591850280762,1.8734318017959595,-114.7557601928711,367.90087890625,0.33504390716552734,4.304496765136719,133389.125,1.9572560787200928,459.45989990234375,52.69043731689453,368.4793742204055,119.4300217413472,0.3360738754272461,0.0040666023
14,1,-0.9219774285525018,34.15497558887137,1.1362262964248657,1.8342335224151611,246.47486877441406,321.73779296875,0.27772367000579834,2.5711143016815186,112494.5703125,1.8550149202346802,415.50408935546875,49.727542877197266,323.45654255996084,-246.97383533740884,0.2793554663658142,0.36293507
14,1,-0.8302478485504726,33.65672891260409,1.1944260597229004,1.914840817451477,-127.23222351074219,-316.34967041015625,0.3132098615169525,5.8474249839782715,144553.78125,1.9891222715377808,669.3958129882812,98.95430755615234,-320.9132080204775,130.16465218418213,0.3142576515674591,0.46367353
14,1,-1.551760975173721,35.01514179783532,1.1503318548202515,2.0962631702423096,50.7324333190918,368.73052978515625,0.39352530241012573,5.245245456695557,152702.609375,2.194749355316162,979.3348388671875,27.489614486694336,365.2057385841064,-48.29101819376147,0.3927949070930481,0.8116143
14,1,-0.9800736892661448,47.631023837362335,1.1349126100540161,1.9428924322128296,-139.80450439453125,-364.1531982421875,0.42221108078956604,2.3438720703125,109041.09375,2.018303394317627,507.6148681640625,53.144683837890625,-362.6863665380404,136.33188344791878,0.423825204372406,0.010687393
14,1,-1.0241565469272085,35.53957087883126,1.11465585231781,1.826481580734253,-404.6891784667969,-27.627334594726562,0.4253373444080353,2.3433637619018555,109041.09375,1.9531978368759155,536.19873046875,50.71873092651367,-23.84023644841375,404.50212714619846,0.423825204372406,0.4481653
14,1,-0.8779883086013717,45.75668255487036,1.1859077215194702,1.8802109956741333,-379.77001953125,147.4431915283203,0.2758903503417969,4.234877586364746,117991.6484375,1.920736312866211,398.6392517089844,52.79477310180664,147.689832904697,381.97442867878027,0.2800273299217224,0.0018137927
14,1,-1.1626396740235276,42.140396528397886,1.1816238164901733,2.061959981918335,-34.36952209472656,331.52557373046875,0.18266676366329193,3.2880165576934814,128283.1015625,2.099289655685425,656.500732421875,45.1434326171875,333.2875987771347,34.497439500942896,0.18034356832504272,0.056920737
14,1,-0.9689117630108479,44.10262400131036,1.1691375970840454,1.8902612924575806,371.656982421875,-43.97527313232422,0.28541505336761475,1.417428731918335,103222.359375,1.9533065557479858,426.7568359375,45.842445373535156,-46.4427447408822,-373.74557148050553,0.28735920786857605,0.0077874903
14,1,-0.8135397827265219,46.79187694266993,1.1522427797317505,1.8811675310134888,-358.84429931640625,-204.288818359375,0.18524745106697083,1.715790033340454,156750.421875,1.9104000329971313,363.9059753417969,55.90473937988281,-205.79984188140733,358.826103015522,0.18862119317054749,0.0013687733
14,1,-1.3339006923237262,40.98275723880541,1.1373178958892822,1.984715223312378,-325.3172607421875,200.77627563476562,0.4230736494064331,1.1601308584213257,134410.453125,2.0823144912719727,629.2138671875,29.16729164123535,198.82607057758867,323.1618735988629,0.4231599271297455,0.26358223
14,1,-1.1629702306534895,31.288679664397822,1.149534821510315,1.904834270477295,155.225830078125,358.339599609375,0.2848864793777466,1.4170892238616943,103222.359375,1.935861349105835,581.9631958007812,39.98749542236328,359.011725143477,-156.5420461069236,0.28735920786857605,0.7790976
14,1,-0.559389105447755,46.89685708542098,1.1967297792434692,1.836186170578003,145.04058837890625,-300.196533203125,0.18891258537769318,1.7119849920272827,156750.421875,1.893589735031128,368.9762268066406,101.76744079589844,-300.49968362480973,-147.84942853975647,0.18862119317054749,0.0004862035
14,1,-1.5694679581609594,42.81854488558085,1.131933331489563,1.8888778686523438,-200.92691040039062,-302.5859069824219,0.5204237103462219,4.058349609375,112853.53125,2.1094112396240234,600.5049438476562,16.182512283325195,-302.5804560969878,205.1824471715182,0.5209649205207825,0.06804338
14,1,-1.0472968383882015,42.27052731038145,1.0169384479522705,1.955698847770691,223.26109313964844,-312.2688903808594,0.4226366877555847,1.1410967111587524,134410.453125,2.0364043712615967,559.9877319335938,50.22047424316406,-315.3526976759093,-227.00608107792746,0.4231599271297455,0.30647862
14,1,-1.1685574714926,48.08340890917328,1.1656144857406616,1.9756646156311035,-245.371826171875,217.2526397705078,0.5234275460243225,4.050194263458252,112853.53125,2.1137993335723877,587.1465454101562,39.82794952392578,220.59669689305278,248.35789348530693,0.5209649205207825,0.014845261
14,1,-1.2288245389553483,41.98078574610183,1.0789343118667603,2.00089955329895,345.58770751953125,-126.5597152709961,0.4195534884929657,1.1653932332992554,134410.453125,2.053529739379883,581.6986694335938,34.3456916809082,-129.0398385709593,-348.2192889955157,0.4231599271297455,0.31280324
14,1,-1.1570961719886697,41.81324513681218,1.199364185333252,1.8965152502059937,-335.71539306640625,47.47907638549805,0.3844749927520752,2.8524954319000244,115467.0703125,2.000188112258911,539.3338012695312,37.56300354003906,50.11764561829308,335.34818539394826,0.3825581967830658,0.027673818
14,1,-1.226361446326322,40.28395690292546,1.1344497203826904,1.9635504484176636,83.23062896728516,352.25897216796875,0.39432135224342346,6.208437442779541,146839.484375,2.0717079639434814,603.4683837890625,35.833717346191406,348.57844517807496,-82.24099862429415,0.3918789029121399,0.16599141
14,1,-1.1038937501029602,46.836858878032466,1.152891755104065,1.9495078325271606,-340.9486999511719,-136.92950439453125,0.44962000846862793,1.8762218952178955,105172.6796875,1.9934794902801514,450.4441833496094,35.460594177246094,-136.20641404698682,338.4350758103047,0.45318397879600525,0.016799819
14,1,-1.456604356196948,37.19373623735791,1.156124234199524,1.9146337509155273,-371.6771240234375,-74.38493347167969,0.19453853368759155,4.179252624511719,113817.1015625,1.9866453409194946,545.88232421875,19.076223373413086,-74.03727164431133,379.8399167781303,0.19286391139030457,0.115295336
14,1,-1.220899542340134,46.64748559188733,1.1948208808898926,1.9091839790344238,-208.05250549316406,281.7705383300781,0.32257986068725586,5.380023956298828,139226.890625,1.9836453199386597,475.94970703125,28.619365692138672,281.2302779084807,212.19861088300152,0.3224864900112152,0.0020084518
14,1,-1.0648323384670764,47.18785492952115,1.1504476070404053,1.8249542713165283,373.06243896484375,-55.26173400878906,0.4329075515270233,4.879427909851074,107151.3359375,1.9831880331039429,441.0879211425781,37.99195861816406,-58.21403794787409,-367.11774036057074,0.43255436420440674,0.0020039768
14,1,-0.9411299597379514,44.54787612285065,1.1492626667022705,2.008232593536377,3.233797550201416,378.285888671875,0.38603273034095764,6.267380237579346,142918.5625,2.151266574859619,672.00439453125,76.95584106445312,373.6662521597026,-5.086736538751869,0.3871215879917145,0.037792876
14,1,-1.0669518637700213,35.423260021163706,1.097485899925232,1.9125642776489258,301.9551696777344,-114.75855255126953,0.44516223669052124,4.047973155975342,146748.84375,2.0355193614959717,602.666015625,51.6563835144043,-112.3474291526734,-296.7469715043772,0.4471190571784973,0.6714062
14,1,-1.1061162478680875,46.40730506033917,1.1868706941604614,1.9358011484146118,-134.31057739257812,341.4464416503906,0.19582022726535797,2.7111337184906006,117628.421875,1.9589933156967163,430.0525207519531,33.682472229003906,343.9611988642,134.41185348066782,0.20104332268238068,0.0020136884
14,1,-1.0869619409083406,30.755012435356605,1.1713281869888306,1.8515576124191284,-350.1781921386719,-8.140069961547852,0.2847408652305603,4.419395446777344,126006.3359375,1.885032296180725,539.186279296875,44.1342658996582,-7.68325793997724,352.7925106728118,0.2882348299026489,0.6581098
14,1,-1.04477706160494,35.43390511245638,1.0499955415725708,1.82032310962677,89.90902709960938,-341.1447448730469,0.3122120499610901,3.0117242336273193,108547.953125,1.899255633354187,438.31805419921875,39.537681579589844,-337.94206972291136,-88.86502821181449,0.30893850326538086,0.41846249
14,1,-1.0333486466428496,49.65518581907634,1.1945303678512573,1.9067533016204834,374.49700927734375,-155.0204620361328,0.5078646540641785,2.8172430992126465,117696.4921875,2.0299954414367676,476.3515625,44.11415481567383,-150.38436245223548,-377.1176019692608,0.5229364037513733,0.0028228061
14,1,-1.0987071508568715,38.1169526601569,1.1827887296676636,1.8662281036376953,-252.32046508789062,217.58517456054688,0.2875184118747711,4.431715965270996,126006.3359375,1.902359127998352,457.70758056640625,36.46529769897461,218.50492983744599,255.15738875422008,0.2882348299026489,0.05479456
14,1,-1.0971510796081834,31.44789629214391,1.1585842370986938,1.9165024757385254,-305.0740966796875,-199.13841247558594,0.4438495934009552,4.04036283493042,146748.84375,2.0343055725097656,749.7398071289062,59.94580078125,-196.53559988842053,309.83350396381365,0.4471190571784973,0.8226651
14,1,-1.066409151759458,45.84864219426626,1.1356135606765747,1.8597229719161987,409.6642150878906,-23.427976608276367,0.20993664860725403,1.4024624824523926,106611.7421875,1.9737839698791504,468.17254638671875,40.17868423461914,-24.165742932735157,-412.5609616447997,0.20820215344429016,0.0022141268
14,1,-1.396091960907734,48.433460630147465,1.1941574811935425,2.0960004329681396,-355.806396484375,145.98211669921875,0.4257371425628662,1.6633319854736328,147813.390625,2.2053403854370117,735.2266845703125,29.534378051757812,147.89247326846572,352.05552879836176,0.4257032573223114,0.028129945
14,1,-1.0740666936906413,48.68743442074331,1.149444818496704,1.8467812538146973,250.2107696533203,-326.88787841796875,0.4775158762931824,1.8324190378189087,115933.046875,1.9828850030899048,434.13201904296875,36.60614013671875,-324.3562206115674,-255.9269957497243,0.4760308563709259,0.002957114
14,1,-1.0006472989421327,38.42918520582187,1.0637319087982178,1.9506452083587646,-303.5365905761719,-145.39976501464844,0.31721827387809753,1.382271647453308,137351.171875,2.0461959838867188,609.3519897460938,60.84434509277344,-147.25412824950803,299.9289239283033,0.3177396357059479,0.44234583
14,1,-1.3906295769511228,40.71728124096489,1.0437089204788208,1.8630132675170898,-304.185302734375,226.86582946777344,0.32275548577308655,3.1563594341278076,113587.703125,1.9082871675491333,419.0336608886719,17.0457763671875,228.54484194123333,303.9679848096274,0.32755523920059204,0.09708941
14,1,-1.3689502972297363,47.03113161188711,1.1237512826919556,1.908913254737854,172.7222442626953,357.5797119140625,0.45531782507896423,0.7507123947143555,104258.8046875,2.0106019973754883,437.7640380859375,18.719207763671875,354.9931063139293,-174.1396625732606,0.459180623292923,0.015375784
14,1,-1.153417791366181,43.93880737505683,1.1269605159759521,1.8832355737686157,42.66176223754883,-363.96710205078125,0.20864969491958618,5.346365928649902,156212.3125,1.9851161241531372,463.2083740234375,32.535484313964844,-365.3689435562165,-40.353411319289926,0.21152517199516296,0.0042208037
14,1,-0.9668801022814821,45.308163114692434,1.1646208763122559,1.804782509803772,344.7350158691406,-115.64533996582031,0.35545453429222107,1.0890834331512451,104122.4765625,1.924432635307312,395.2665710449219,42.65883255004883,-114.38091078516022,-347.6622077922205,0.352911114692688,0.0028026283
14,1,-1.2680111572316326,32.985223137954506,1.1893433332443237,1.9355473518371582,-284.056884765625,-209.287109375,0.2815995514392853,6.072775840759277,118410.9921875,1.9964096546173096,630.09130859375,33.99312210083008,-213.2297460078252,286.47493077143525,0.28186771273612976,0.5508801
14,1,-1.0222618597551283,41.87425622896491,1.0763405561447144,1.9175174236297607,-359.87890625,-117.05485534667969,0.21567076444625854,5.350955009460449,156212.3125,1.9797923564910889,464.2821960449219,44.108184814453125,-119.55637390357921,361.01330443956425,0.21152517199516296,0.031289317
14,1,-1.1556011347544022,48.50931256042952,1.173111915588379,1.8677568435668945,-150.60113525390625,-383.8253479003906,0.30760133266448975,4.451135158538818,123175.4140625,1.970639944076538,413.8547058105469,28.923128128051758,-386.3311606946477,151.1279879939056,0.30695202946662903,0.0007600645
14,1,-1.0902890589421144,41.506998970712594,1.1956154108047485,2.0091497898101807,-404.1004333496094,-73.27303314208984,0.28318285942077637,6.069070339202881,118410.9921875,2.027557849884033,557.2109375,45.26156997680664,-73.61054757740978,404.56587189749104,0.28186771273612976,0.04840444
14,1,-0.8395586945943516,47.03914504596816,1.138395071029663,1.8747464418411255,21.75922393798828,-404.632568359375,0.2620861232280731,2.303250789642334,140719.078125,1.8821109533309937,365.9075622558594,52.94340515136719,-403.46963038037944,-24.114647858412116,0.2668980360031128,0.0020245193
14,1,-1.3610180496088233,32.9572435465435,1.1477692127227783,2.009002208709717,93.68487548828125,-337.3902893066406,0.20874112844467163,5.394322872161865,156212.3125,2.0726780891418457,750.942626953125,32.70298385620117,-338.07793728320024,-92.60556423225216,0.21152517199516296,0.713021
14,1,-1.2564142295359255,38.334404081556805,1.195625901222229,1.9173457622528076,-337.9783630371094,-211.0021209716797,0.3353296220302582,3.062560558319092,116177.8515625,1.9927725791931152,574.2276611328125,31.81768035888672,-207.65316309807528,337.31959387809053,0.3344127833843231,0.12953827
14,1,-0.990314419052053,45.09850321595522,1.1519659757614136,1.8225576877593994,386.251220703125,147.63470458984375,0.3577467203140259,3.0014092922210693,107570.2421875,1.9058078527450562,349.9716796875,35.786338806152344,149.7693910678648,-383.6956884535518,0.3592345118522644,0.003371135
14,1,-1.054841325548665,41.71002296531705,1.1885238885879517,2.0912511348724365,286.5343933105469,-225.46339416503906,0.19701027870178223,4.910350799560547,120940.3515625,2.053926944732666,632.2468872070312,55.72429656982422,-227.32895929943777,-285.44065573867886,0.19877828657627106,0.08322542
14,1,-1.0337763377084754,38.7984040190795,1.0515916347503662,1.9463138580322266,51.30400466918945,346.7813415527344,0.30356112122535706,5.940309524536133,154076.71875,2.0042567253112793,487.2780456542969,45.08162307739258,345.5325078834213,-49.55667049500432,0.3048965334892273,0.29796654
14,1,-1.2740806569681313,40.429474529288754,1.1562261581420898,2.0864148139953613,-307.4363098144531,131.1281280517578,0.261183500289917,4.7638840675354,159963.453125,2.1418635845184326,725.6011352539062,38.60256576538086,129.59650923680363,309.7070396821904,0.25776633620262146,0.24516699
14,1,-0.912739827149169,45.46406282480096,1.1938070058822632,1.859432578086853,0.5093285441398621,-418.7111511230469,0.29587218165397644,4.339642524719238,105307.5,1.9471240043640137,397.7016906738281,48.62019729614258,-420.804644781712,3.6337420212686045,0.29575836658477783,0.0016205745
14,1,-0.8360930817704981,37.488629028436876,0.9870669841766357,1.9960576295852661,-111.06277465820312,-364.9088439941406,0.3879433870315552,5.396539688110352,151111.375,2.091560125350952,663.58056640625,96.78323364257812,-366.56260089142063,114.599612042106,0.3849782645702362,0.73521703
14,1,-1.4066089609523684,28.57519423038859,1.1669169664382935,1.8717397451400757,179.09727478027344,-344.90155029296875,0.3656940460205078,0.6190810203552246,111627.5078125,1.900133490562439,613.3472290039062,24.04892349243164,-347.41944106132,-179.65607622899074,0.3599289655685425,0.86567295
14,1,-1.0894266628236675,38.520408134733806,1.1260837316513062,1.8174010515213013,373.2694091796875,191.3483123779297,0.4564346969127655,3.880394458770752,119734.96875,1.9335436820983887,413.22576904296875,33.63252258300781,194.97031142688814,-371.0377009206874,0.4572972357273102,0.14135697
14,1,-1.3894238753839814,37.032068910667434,1.1260989904403687,1.9954159259796143,-11.805825233459473,-387.1231994628906,0.5148422122001648,0.05185769498348236,115717.015625,2.124706268310547,790.7284545898438,32.25537872314453,-392.58981262532177,12.343065521458644,0.5108112692832947,0.7499739
14,1,-1.0940834749084118,38.85599830319136,1.1617485284805298,2.0831966400146484,90.5297622680664,353.3287048339844,0.25912171602249146,3.899521589279175,157498.59375,2.0885589122772217,651.6070556640625,52.468841552734375,354.98763047030343,-89.79088712016441,0.2597917318344116,0.39165258
14,1,-1.2112020113319582,43.840970095244685,1.117674469947815,1.9175174236297607,175.38262939453125,-321.0658874511719,0.21574172377586365,0.15599989891052246,114772.4375,1.9859386682510376,475.0076599121094,29.207683563232422,-326.85476997660993,-178.42627036601735,0.2178719937801361,0.016127635
14,1,-1.064020005124946,47.38555577373545,1.1820628643035889,1.8650782108306885,-50.69993209838867,361.9370422363281,0.2416888028383255,3.8306825160980225,118600.203125,1.9409685134887695,411.0482482910156,35.470848083496094,361.49952539557313,52.21854497009389,0.2458927482366562,0.0007048989
14,1,-0.8474619531386132,48.10644705317907,1.1608171463012695,2.0791680812835693,178.8527374267578,-308.15814208984375,0.2571345567703247,3.695683717727661,155775.15625,2.1008691787719727,587.9500732421875,83.53682708740234,-307.707628485532,-177.36981449117835,0.25802433490753174,0.010279026
14,1,-0.9656197106055583,43.204251884618905,1.0585074424743652,2.021282434463501,139.5144500732422,-357.34661865234375,0.3877440392971039,6.282924175262451,148327.421875,2.123462677001953,654.3806762695312,70.82884216308594,-359.6026744497926,-139.83302925776576,0.3872772455215454,0.17011254
14,1,-1.432926189107755,29.84050455491443,1.1362498998641968,1.8756710290908813,-326.153564453125,-25.05653190612793,0.213168203830719,0.1487288624048233,114772.4375,1.9313523769378662,578.7557983398438,21.358322143554688,-28.65165187332838,326.33965568192116,0.2178719937801361,0.80341
14,1,-1.1909513217165488,27.363995505266885,1.0341120958328247,1.8336293697357178,312.58270263671875,75.43816375732422,0.3490443527698517,3.310549020767212,147645.296875,1.9339083433151245,546.4259033203125,35.20292282104492,79.28031713023567,-312.1263940197543,0.35538554191589355,0.89804024
14,1,-1.067067702319187,43.73186440778714,1.089151382446289,2.0053439140319824,50.22986602783203,391.9354553222656,0.38396820425987244,6.278560161590576,148327.421875,2.130086660385132,665.15869140625,56.99763107299805,387.6069131118995,-50.160832740314476,0.3872772455215454,0.08989212
14,1,-1.2249775716839335,36.4302134342768,1.0975583791732788,1.960980772972107,-314.7932434082031,234.75421142578125,0.5086264610290527,0.053025078028440475,115717.015625,2.0602619647979736,637.4271240234375,37.97098159790039,228.4872863721982,315.93248347885583,0.5108112692832947,0.76685095
14,1,-1.2309664074850772,45.00874861513085,1.1722382307052612,1.8806520700454712,48.78919982910156,382.446533203125,0.41630470752716064,4.124521255493164,149424.515625,1.9864941835403442,469.5466003417969,27.5873966217041,384.7508318253079,-43.989218092098994,0.41441306471824646,0.0076979445
14,1,-1.0512895806074267,41.99255540751048,1.1222342252731323,1.8662867546081543,-15.117544174194336,360.1091003417969,0.21592754125595093,0.1414014846086502,114772.4375,1.9259397983551025,429.6162414550781,38.175960540771484,356.9087311075922,12.98083130516133,0.2178719937801361,0.018098827
14,1,-1.2353072065432926,29.451705706408042,1.0968739986419678,1.8026459217071533,326.6687927246094,183.7718963623047,0.3513272702693939,3.316903829574585,147645.296875,1.9411273002624512,583.375,33.93433380126953,185.43612627792933,-326.7946840912255,0.35538554191589355,0.8207801
14,1,-1.06669814302751,48.01939645758266,1.1330583095550537,2.017202377319336,21.46322250366211,329.1883850097656,0.2912929654121399,3.626072406768799,153201.296875,2.1148486137390137,593.5557861328125,50.90524673461914,332.27383360876007,-18.876242696475487,0.28673112392425537,0.008397312
14,1,-1.1954624456854015,41.072380617058236,1.1993032693862915,1.9252833127975464,-334.2747497558594,40.7292594909668,0.24489015340805054,3.859285593032837,118600.203125,1.9294098615646362,465.5289611816406,29.681291580200195,42.369943981167424,334.37375023366246,0.2458927482366562,0.018940868
14,1,-1.4051672592879179,43.99553789126179,1.0940312147140503,1.844687581062317,125.37074279785156,-304.7253723144531,0.20868930220603943,3.059058904647827,117223.875,1.9448784589767456,418.2773132324219,16.45486831665039,-304.008743439248,-125.7403758187355,0.21289871633052826,0.004784295
14,1,-0.7074255123511282,40.171078834111874,1.0479726791381836,1.857334017753601,335.2572937011719,221.12266540527344,0.21647514402866364,5.775645732879639,104666.65625,1.8685789108276367,389.02325439453125,76.30438232421875,214.9973347594703,-335.9144682566679,0.21676310896873474,0.0414894
14,1,-1.1611447573997604,34.89584534205919,1.197580099105835,1.8229397535324097,-332.3750305175781,-124.52243041992188,0.4363255202770233,0.5633454322814941,146716.609375,1.9706040620803833,598.8521728515625,41.321285247802734,-129.6962453232832,330.2092803462977,0.43436920642852783,0.37543198
14,1,-0.9942277946790323,47.16547902672753,1.1450082063674927,1.952347755432129,335.666015625,21.31935691833496,0.4801906645298004,4.178752422332764,137049.421875,2.066892623901367,537.4385986328125,54.46283721923828,24.061182108591133,-330.57665394266917,0.47810161113739014,0.0151382135
14,1,-1.1995438920351946,32.92866553163746,1.101106882095337,2.049560546875,56.384849548339844,386.6679382324219,0.5178468227386475,5.9648871421813965,152419.34375,2.2217390537261963,1021.1119384765625,64.49540710449219,381.1523209329256,-55.20574181789929,0.5406457781791687,0.88063216
14,1,-1.223633233229131,30.137297389537576,1.1542874574661255,1.9980971813201904,-99.23674011230469,388.2266845703125,0.31100672483444214,1.798170804977417,120980.390625,2.0521457195281982,799.3521118164062,47.76436233520508,387.5836059016483,96.04573427781153,0.3108387887477875,0.8780306
14,1,-1.041798462220493,48.5134775090988,1.1951665878295898,1.9819140434265137,363.5650939941406,20.256893157958984,0.4590873420238495,2.7201390266418457,134386.3125,2.096146583557129,572.3870239257812,51.986488342285156,23.063275198568068,-363.87318816033786,0.46009427309036255,0.007848607
14,1,-1.2093436091379177,35.62355728815951,1.0422478914260864,2.0167922973632812,-387.04168701171875,152.64845275878906,0.24512580037117004,3.751091241836548,131807.734375,2.010808229446411,580.5930786132812,35.853126525878906,153.9657636722182,389.4781277573654,0.2477470189332962,0.73978114
14,1,-1.3052286747873865,47.140056497563315,1.1934549808502197,1.8964142799377441,313.3520202636719,-249.1787872314453,0.5109068155288696,6.14246129989624,156280.71875,2.0348587036132812,544.817138671875,26.978666305541992,-254.64746001429458,-313.35155873831377,0.5139743089675903,0.0046308236
14,1,-1.7262770426258456,46.67643214598162,1.1766847372055054,1.9986412525177002,280.21807861328125,-173.97833251953125,0.3161884844303131,0.4609875977039337,130025.109375,2.0963916778564453,602.1975708007812,11.309883117675781,-177.49312140081855,-280.72331474940813,0.31438732147216797,0.013187629
14,1,-0.8438561582458574,48.28267750538252,1.13901686668396,1.8221956491470337,-181.5155029296875,299.5467834472656,0.32344815135002136,0.6426437497138977,159049.625,1.8580223321914673,327.91510009765625,46.979061126708984,296.5945436525039,177.95451415064835,0.32455575466156006,0.0012858534
14,1,-1.4154770726272774,32.251478205779215,1.021363615989685,2.0556352138519287,-370.72174072265625,-98.84993743896484,0.1816701591014862,2.2266011238098145,157821.65625,2.068119764328003,724.3945922851562,27.828933715820312,-97.12546330305528,369.01938771469906,0.18175636231899261,0.8858395
14,1,-1.1914664438786362,42.19615699177524,1.168733835220337,1.8558660745620728,-137.4466094970703,-368.3607177734375,0.47505658864974976,3.225022315979004,101705.515625,1.9940106868743896,478.5299072265625,30.792236328125,-363.7810825201053,136.80371427718183,0.4718446135520935,0.033972412
14,1,-1.3676906513278788,43.10211197262718,1.1463314294815063,1.9980360269546509,332.3448791503906,66.62699890136719,0.3546198010444641,2.8529202938079834,113410.3046875,2.0560150146484375,555.8992919921875,23.83985710144043,67.56075233460176,-332.65249378736047,0.3561839461326599,0.07590693
14,1,-1.0267418541806521,43.94436094829555,1.1681338548660278,1.8204152584075928,-378.4363708496094,174.48977661132812,0.4533382058143616,1.010481834411621,121467.4921875,1.9629775285720825,444.50579833984375,41.795982360839844,172.8830028822361,373.9951967587372,0.45263442397117615,0.01142717
14,1,-0.9709381590846353,49.86879471082159,1.1917157173156738,1.8515576124191284,-116.73394012451172,310.53094482421875,0.2865177094936371,0.44965654611587524,146006.71875,1.8872385025024414,335.01361083984375,35.819793701171875,307.2299011211192,118.02125972054084,0.2876545488834381,0.0005162974
14,1,-1.2505722944838984,41.079023272616965,1.1807351112365723,2.0828206539154053,304.2507019042969,169.09725952148438,0.18704847991466522,0.17379634082317352,147936.484375,2.0708906650543213,613.131591796875,34.43341827392578,168.20625968786078,-304.4591855980782,0.1842174082994461,0.15840872
14,1,-1.0209070826246185,38.68574635023918,1.1434186697006226,1.869809865951538,371.0888671875,156.1878204345703,0.21270644664764404,3.6401336193084717,106965.5390625,1.9623079299926758,485.2608642578125,46.245262145996094,157.13664251761926,-367.63461814314655,0.21250037848949432,0.043822456
14,1,-0.9374620169179653,44.57435706935805,1.0485403537750244,1.935516119003296,268.9956970214844,-280.6833801269531,0.48173436522483826,6.13585090637207,124107.78125,2.082974433898926,614.0867919921875,70.91973876953125,-284.4060638046272,-267.91737061052424,0.48003464937210083,0.076926276
14,1,-0.8278747726976503,39.93000948972524,1.150042176246643,1.9789315462112427,-166.9623260498047,285.04852294921875,0.29239577054977417,0.3705861270427704,143548.21875,2.0480971336364746,584.759765625,86.91649627685547,281.2083259111133,166.3778821571176,0.29216641187667847,0.19302087
14,1,-1.0424698508734345,39.984331244970534,1.1693660020828247,1.8953800201416016,-127.02008819580078,-352.6231689453125,0.21405097842216492,3.6367547512054443,106965.5390625,1.956148624420166,500.0971374511719,45.35065460205078,-351.0728279072159,126.80155733787434,0.21250037848949432,0.024674477
14,1,-1.1964518767318588,30.21625480894204,1.1675245761871338,1.97249174118042,-286.44561767578125,-304.3873596191406,0.4500693678855896,4.425320625305176,148327.5625,2.0829689502716064,864.5367431640625,54.9959602355957,-302.42588754992494,292.17415621079994,0.4458102881908417,0.8732033
14,1,-1.1996089334813136,35.555730188620835,1.177984356880188,1.8911724090576172,-303.9681091308594,-284.26031494140625,0.2676999270915985,3.7621560096740723,130022.265625,1.9260040521621704,500.1393737792969,31.584989547729492,-281.532164242542,306.04449274325344,0.2705751359462738,0.23310265
14,1,-1.3805035830925827,32.46030823626315,1.1844854354858398,1.8149906396865845,78.12305450439453,378.0407409667969,0.3218870460987091,4.91775369644165,110207.4296875,1.8383980989456177,473.7110595703125,19.724578857421875,374.89851295605644,-75.60339222699865,0.3200134038925171,0.38956162
14,1,-0.9609665340170073,40.3590234434863,1.0916396379470825,2.0309548377990723,-321.2611083984375,23.426422119140625,0.2917839586734772,0.3779032528400421,143548.21875,2.0838358402252197,610.7161254882812,66.81472778320312,20.299568231298867,320.8636012106054,0.29216641187667847,0.37146136
14,1,-1.1151694739911366,39.17961590011379,1.0926295518875122,1.935516119003296,-2.2933359146118164,359.2787170410156,0.48142513632774353,6.1323676109313965,124107.78125,2.090683698654175,653.6763305664062,50.140933990478516,352.309741659405,4.019142109266451,0.48003464937210083,0.36961576
14,1,-1.1017169594023482,35.523325930572526,1.0567266941070557,1.9544609785079956,305.9947509765625,-121.77025604248047,0.4455561935901642,4.43156099319458,148327.5625,2.092108726501465,652.9896850585938,51.664058685302734,-122.2154664976917,-301.62788509790806,0.4458102881908417,0.7686027
14,1,-1.16787240455407,42.75702085266331,1.1162195205688477,1.8887109756469727,359.3008728027344,-7.70013427734375,0.25125977396965027,3.677177667617798,111947.5390625,1.946785807609558,436.0693359375,29.626590728759766,-6.596958994814525,-357.2335971391682,0.24884356558322906,0.014446699
14,1,-1.2544638704094835,41.832380880094156,1.1691023111343384,1.905200719833374,-323.63995361328125,-172.259765625,0.18540127575397491,3.97806978225708,103980.5625,1.9481487274169922,452.3306884765625,25.17621612548828,-172.74763822521226,325.4897119695548,0.1855708509683609,0.009081162
14,1,-1.023644130839599,41.3478801737621,1.1299870014190674,1.894299864768982,383.14794921875,-119.44587707519531,0.2473328560590744,3.6888740062713623,111947.5390625,1.9442886114120483,420.36029052734375,39.80855941772461,-119.23915425315629,-381.3215797584213,0.24884356558322906,0.024948006
14,1,-0.7852423118423201,45.595512807448614,1.1540371179580688,1.8493986129760742,207.95120239257812,-283.8990173339844,0.3343411087989807,2.460891008377075,117215.21875,1.909125566482544,373.0704345703125,61.17131423950195,-281.9047484626669,-211.44344642139416,0.3371211290359497,0.0034920317
14,1,-0.9981383057330423,33.950561537939244,1.199557900428772,2.0063066482543945,-298.6346435546875,-220.39041137695312,0.3661920428276062,5.172996520996094,118358.796875,2.0403008460998535,648.396728515625,65.11811828613281,-222.1452605666991,304.1258452216799,0.36559537053108215,0.69882053
14,1,-1.1411664992314794,45.24309601958778,1.193184733390808,1.9326248168945312,-185.06304931640625,338.7736511230469,0.2500925064086914,3.6628453731536865,111947.5390625,1.9965647459030151,471.3722229003906,34.05620193481445,340.4617218949889,185.6335964039766,0.24884356558322906,0.0036686098
14,1,-1.0146827736941832,44.897105135842374,1.1380411386489868,1.8669475317001343,189.9684295654297,-319.515380859375,0.3364761769771576,2.4525699615478516,117215.21875,1.9782929420471191,450.6942443847656,43.57107162475586,-318.14633782518723,-193.52190078640226,0.3371211290359497,0.007061919
14,1,-1.2639044127075998,27.668564538419666,1.1505358219146729,1.9974478483200073,339.44903564453125,28.663484573364258,0.26778027415275574,0.0519893579185009,130584.953125,2.0010416507720947,825.1791381835938,44.94101333618164,24.670364802272744,-340.70320763083413,0.26427096128463745,0.9062142
14,1,-1.3102865047918528,40.36501704856232,1.0758929252624512,1.8837083578109741,-205.78814697265625,350.76568603515625,0.25616759061813354,1.3305121660232544,116314.4609375,1.8858674764633179,387.32794189453125,18.9578914642334,358.2695037278733,206.32398504765322,0.2568071484565735,0.08529601
14,1,-1.2170806169370405,43.02173002283303,1.1804982423782349,1.9237726926803589,214.61712646484375,342.08709716796875,0.35877081751823425,4.7629194259643555,140537.03125,1.9986615180969238,488.0618591308594,29.606889724731445,340.05054426640675,-210.1535647944408,0.3599366843700409,0.018524166
14,1,-1.3167238519716356,40.13478277685352,1.1180542707443237,1.8167225122451782,-25.822568893432617,392.3201904296875,0.34518665075302124,0.12214089930057526,112008.703125,1.8902331590652466,367.79498291015625,17.73697280883789,389.35724322588624,27.126211085146252,0.34556087851524353,0.056027852
14,1,-1.4795841277431225,43.90101749076317,1.044660210609436,1.9473506212234497,-54.168216705322266,-372.1112976074219,0.3806052803993225,2.050651788711548,104696.4921875,2.0258278846740723,512.6566162109375,16.991819381713867,-370.220555175614,50.10675033603969,0.3774299919605255,0.10013522
14,1,-0.8584992996950349,44.11327988129893,1.1942706108093262,1.8836078643798828,-282.5024108886719,232.01292419433594,0.5112712979316711,4.998630046844482,155400.71875,2.009075880050659,515.0364990234375,71.3408203125,229.23526147301044,293.754172503664,0.5097697973251343,0.016105354
14,1,-1.2683993355788676,42.539639858886034,1.1486456394195557,1.808580994606018,-377.10906982421875,-167.36572265625,0.3325108289718628,3.4488072395324707,112259.375,1.859330654144287,348.50750732421875,18.784969329833984,-165.57771644239872,377.2196170111928,0.33313608169555664,0.00691908
14,1,-1.2728912829358676,42.62565302124531,1.1438758373260498,1.9263972043991089,296.4122619628906,-162.29396057128906,0.347777783870697,0.11609368026256561,112008.703125,1.9467260837554932,430.1416015625,22.946596145629883,-165.04786845586844,-297.5189975021336,0.34556087851524353,0.05446035
14,1,-0.8137114847968286,42.008973777329246,1.1704587936401367,1.8894462585449219,259.7249755859375,308.27508544921875,0.5096508264541626,5.01002836227417,155400.71875,2.016838788986206,516.552978515625,79.32367706298828,304.81288403467875,-254.6299265303546,0.5097697973251343,0.05641219
14,1,-1.4041831387384085,43.94627057242315,1.0614815950393677,1.8560131788253784,127.18871307373047,-311.32598876953125,0.35501039028167725,2.0397510528564453,104696.4921875,1.980563998222351,466.6545715332031,18.399669647216797,-311.09655689484845,-127.8175787366722,0.3774299919605255,0.02505537
14,1,-1.0094874513101748,41.79597648784815,1.0622339248657227,2.020191192626953,-19.634248733520508,343.45013427734375,0.4093685448169708,0.8423473238945007,141249.296875,2.15386700630188,738.8118896484375,72.28460693359375,341.3814237782894,16.917610111474055,0.4070553779602051,0.3986673
14,1,-1.1356612327801279,40.744331210682006,1.165120244026184,1.9812984466552734,337.5046081542969,-169.55303955078125,0.40847066044807434,0.8396445512771606,141249.296875,2.133408784866333,767.8358154296875,56.18318557739258,-173.49681866444124,-338.7213631395654,0.4070553779602051,0.21924119
14,1,-0.8612178204209473,38.177502377038515,1.0114033222198486,1.828643560409546,288.8968200683594,-251.47198486328125,0.24378152191638947,4.218807697296143,100915.75,1.876875638961792,403.0405578613281,55.47919464111328,-251.72482475704942,-285.7998605160886,0.2404688447713852,0.15023665
14,1,-1.1232543594041904,43.22143852780225,1.1614842414855957,2.0042731761932373,-359.7776184082031,-159.46334838867188,0.19897279143333435,5.755475044250488,122571.3515625,2.0027499198913574,462.9107360839844,34.853118896484375,-161.11408295251064,361.282128117564,0.1980341076850891,0.017508179
14,1,-1.288219708524693,34.2466295000197,1.155141830444336,1.896061658859253,-77.76390075683594,359.683349609375,0.2399989664554596,4.203662395477295,100915.75,1.9371254444122314,538.2467041015625,27.717885971069336,361.2062217019874,79.36161655823238,0.2404688447713852,0.38185754
14,1,-1.0582907951347726,38.732827640090825,1.102420449256897,2.071446180343628,-374.8193054199219,-0.04804821312427521,0.4056236743927002,0.8379443883895874,141249.296875,2.065340757369995,636.8289794921875,55.684104919433594,-3.7687727110842113,371.06617739859297,0.4070553779602051,0.6957257
14,1,-0.9967015231531542,44.36518578902993,1.19662344455719,1.8843661546707153,-365.56048583984375,193.69821166992188,0.25685980916023254,1.4553189277648926,112916.65625,1.869086742401123,343.3515930175781,34.59682846069336,188.02748968601023,361.5279188629454,0.2577044367790222,0.0038952683
14,1,-1.2794084073589156,36.2161105186011,1.110683560371399,1.8662281036376953,-67.20121765136719,-374.354248046875,0.2848595380783081,3.137913942337036,105625.40625,1.9037832021713257,433.57843017578125,22.785436630249023,-372.2330255771094,68.40398918634475,0.283152312040329,0.28070122
14,1,-1.3484587152520122,36.64635879538118,0.9926656484603882,1.942138671875,283.1232604980469,-287.83807373046875,0.2879159152507782,3.1581621170043945,105625.40625,1.9378178119659424,477.8531799316406,21.420703887939453,-276.0510432396568,-270.2509959425005,0.283152312040329,0.6608116
14,1,-0.9664579859307258,46.71165007645756,1.1678361892700195,1.8555494546890259,249.92611694335938,282.84613037109375,0.4895247220993042,3.5688164234161377,111065.1640625,2.0113754272460938,471.1639404296875,50.89946365356445,287.3026068919077,-250.6475036236103,0.49307170510292053,0.0050481553
14,1,-0.9026817286003049,49.44181357926957,1.1831676959991455,2.0733888149261475,328.5363464355469,235.578369140625,0.36432039737701416,2.2250847816467285,150788.15625,2.0623557567596436,520.3516845703125,65.10503387451172,237.05558884072542,-329.79912144999,0.3684321641921997,0.010542841
14,1,-0.9715354111093285,43.06766662126985,1.0240776538848877,1.820702314376831,-314.9962158203125,-247.31228637695312,0.36600619554519653,2.719373941421509,120597.2421875,1.8557970523834229,324.86993408203125,34.6874885559082,-245.28199966347742,316.0310156764356,0.3720583915710449,0.034782957
14,1,-1.1725434993956037,41.75579060473797,1.113926649093628,1.891269564628601,-345.4443054199219,-181.6112060546875,0.30776771903038025,1.86888587474823,119460.71875,1.979081630706787,465.2129211425781,31.26848793029785,-181.9487849438147,344.1918075531243,0.3081853985786438,0.04457918
14,1,-0.5975070154563416,42.72453124629813,1.1949131488800049,1.8117036819458008,-359.0854797363281,-197.4734344482422,0.4534338712692261,0.25532829761505127,104748.796875,1.9503090381622314,447.4945068359375,113.05253601074219,-201.10732276402518,359.57245557928053,0.4567369520664215,0.014554295
14,1,-1.234753890514977,47.295185817393865,1.1523672342300415,1.9463138580322266,-356.2357482910156,-59.15402603149414,0.30661213397979736,1.8728315830230713,119460.71875,2.008502960205078,483.8689880371094,28.182035446166992,-59.774030386275555,353.993355735795,0.3081853985786438,0.005420868
14,1,-1.1827005255258456,44.37514762059695,1.175614356994629,1.8580052852630615,338.80816650390625,31.856304168701172,0.3239232897758484,2.407409191131592,107584.1015625,1.9693576097488403,456.7449645996094,29.98967742919922,35.298942076139554,-342.9246203397773,0.3211374282836914,0.0047995998
14,1,-1.0526305031474412,45.37219610647372,1.156821608543396,1.8307470083236694,-124.1780776977539,298.6192626953125,0.41468536853790283,5.660427570343018,124012.3984375,1.9326915740966797,423.1207275390625,37.482852935791016,296.61284944256965,126.77220010049331,0.41402363777160645,0.0033797799
14,1,-0.7865431929416288,47.954363332279264,1.0995951890945435,1.995420217514038,-314.4979553222656,-272.96978759765625,0.3093787133693695,1.8616297245025635,119460.71875,2.0171620845794678,443.467529296875,72.49666595458984,-275.0417386073024,310.68727558617303,0.3081853985786438,0.012984967
14,1,-1.4461139252045037,41.657015516432985,0.9771562814712524,2.0573830604553223,372.9244689941406,59.63188171386719,0.5061674118041992,3.5079777240753174,152878.8125,2.2097251415252686,829.4364013671875,29.693931579589844,63.70098762719659,-370.33974490327876,0.5065879225730896,0.68421614
14,1,-0.9567918610768544,46.385992419040356,1.1191657781600952,1.989295244216919,226.41224670410156,309.60504150390625,0.3986585736274719,1.4119174480438232,144939.46875,2.072695732116699,580.9463500976562,64.17169189453125,308.99737014304566,-230.98196370561863,0.41031932830810547,0.03445401
14,1,-0.9541847204234873,30.396266936181988,1.1457303762435913,1.9722228050231934,309.6332092285156,-228.4409637451172,0.43740272521972656,2.196126937866211,145296.484375,2.0738954544067383,872.1959228515625,96.92345428466797,-225.16715025946408,-311.4438571084456,0.4366464614868164,0.8845378
14,1,-1.0900150029124793,45.16196233864828,1.162176489830017,1.9128246307373047,-52.348575592041016,407.85626220703125,0.2307608276605606,0.28696224093437195,117055.65625,1.9377317428588867,410.5865478515625,33.372474670410156,404.31688398667194,53.25638821967597,0.22591088712215424,0.0058821645
14,1,-0.7599250067129217,39.52582597164658,0.9992104172706604,1.9403687715530396,228.9749298095703,-316.75970458984375,0.43854838609695435,2.2043862342834473,145296.484375,2.0434906482696533,574.7109985351562,99.89047241210938,-312.81879447832677,-230.95937578088993,0.4366464614868164,0.56682014
14,1,-0.8668952913840763,36.90752469540934,1.0227553844451904,1.82468581199646,291.5386657714844,273.6849060058594,0.39524319767951965,1.00826895236969,113329.4375,1.925255298614502,452.8336486816406,61.52373504638672,272.2461277014958,-294.3386523825569,0.3954247534275055,0.48383057
14,1,-1.2810986935257438,35.976297599736235,1.1863203048706055,1.9643031358718872,-228.67604064941406,236.89523315429688,0.47377699613571167,0.7979723811149597,139980.5,2.0831334590911865,706.2040405273438,36.9683723449707,233.20049736971734,224.9742907945047,0.47353455424308777,0.65816534
14,1,-1.1526642218697687,46.723527159553214,1.0860066413879395,1.9854321479797363,-370.84039306640625,104.18218994140625,0.4760902523994446,1.6016370058059692,147246.390625,2.092341661453247,534.8997802734375,37.63631057739258,103.032665624602,367.240336936703,0.47925302386283875,0.060120344
14,1,-1.103117239927251,37.53127131899156,1.08932626247406,1.851909875869751,164.4580841064453,371.3130187988281,0.4794051945209503,1.5875459909439087,147246.390625,2.0038933753967285,557.8211669921875,43.9923095703125,371.28215452488797,-169.37270171241033,0.47925302386283875,0.44217646
14,1,-0.9924869464135806,41.767285101093094,1.0679582357406616,1.861348032951355,220.88526916503906,-317.5772705078125,0.4650444984436035,1.5690895318984985,105122.3125,1.937827467918396,401.7559814453125,40.87656021118164,-318.4643984079289,-224.69248731070644,0.46226418018341064,0.13029587
14,1,-1.5925086743501924,40.892392686751684,1.1698603630065918,2.010326385498047,-333.71978759765625,157.11013793945312,0.434947669506073,1.3055998086929321,132125.875,2.1214523315429688,697.2019653320312,17.817529678344727,157.97843067090702,326.2697764072932,0.4357107877731323,0.27776515
14,1,-1.3304963147257955,41.658850155212804,1.1625758409500122,1.7976109981536865,369.2115478515625,-16.499723434448242,0.4407099187374115,1.561657190322876,111411.921875,1.9514074325561523,444.36798095703125,20.760812759399414,-16.038658734896387,-374.9876821465992,0.44129514694213867,0.021294126
14,1,-0.9768329449079142,37.44676787110763,1.04738450050354,1.8535875082015991,155.1856689453125,-343.72637939453125,0.2824752628803253,2.939582586288452,113641.0546875,1.8674235343933105,397.1155090332031,41.88734817504883,-341.73583527643115,-157.0878308351972,0.2847869098186493,0.26091737
14,1,-1.100241672627756,46.33399817700317,1.1814734935760498,2.0382449626922607,135.16551208496094,392.4914245605469,0.23925969004631042,1.774131178855896,152393.21875,2.1009106636047363,576.7227783203125,45.785133361816406,391.87834159059753,-137.6984409187729,0.23647521436214447,0.011931898
14,1,-1.0133751626163299,42.65378163899043,1.11773681640625,1.852929711341858,198.08480834960938,328.7551574707031,0.2807919979095459,2.966930866241455,113641.0546875,1.8901004791259766,402.9619445800781,39.07398986816406,329.6603755420584,-197.49669352055565,0.2847869098186493,0.0124902
14,1,-1.0889396382574903,44.53591108307433,1.1977744102478027,1.8943977355957031,162.06527709960938,-351.7461853027344,0.3638421297073364,3.047366142272949,110273.9140625,1.9716837406158447,466.4917297363281,38.01046371459961,-348.5317099873434,-161.23314249930584,0.36043617129325867,0.0068317247
14,1,-0.7634721742156894,43.38924225286984,1.1394400596618652,1.867085576057434,288.6742248535156,303.7738342285156,0.3286684453487396,0.38802066445350647,108806.546875,1.9638177156448364,420.1663513183594,72.43500518798828,300.89389069154623,-290.8006455612521,0.3272123634815216,0.016912472
14,1,-0.7127809447901907,41.22142512495397,1.056317687034607,1.8137060403823853,228.48037719726562,-315.42718505859375,0.36434677243232727,5.131570339202881,117978.3359375,1.8776775598526,372.24945068359375,72.11946868896484,-316.59709954108774,-227.23308376147537,0.3652333915233612,0.039255593
14,1,-0.9343133448370405,46.87008512824395,1.1759727001190186,1.9309604167938232,7.317357540130615,-365.4444580078125,0.32366499304771423,0.37783122062683105,108806.546875,1.9879508018493652,462.5146789550781,53.80360412597656,-367.51408328124387,-8.81084322957903,0.3272123634815216,0.00580229
14,1,-1.0094878708314015,43.203429164345884,1.1133627891540527,1.8496466875076294,-2.6794257164001465,-376.3247985839844,0.4960290789604187,0.05713803321123123,101199.0546875,1.9687339067459106,456.3389892578125,44.64766311645508,-379.42199817268363,3.730571878370264,0.4992559254169464,0.058677502
14,1,-0.9577297729002604,46.64267573298773,1.1155582666397095,1.9923919439315796,366.2385559082031,33.31814193725586,0.4379085302352905,1.173406958580017,151382.140625,2.089620590209961,590.2997436523438,65.064208984375,30.919675133147972,-369.3492465464941,0.43787074089050293,0.043066915
14,1,-1.1460302523623351,42.93733778588032,1.1534805297851562,1.8787131309509277,320.48907470703125,20.283201217651367,0.46163079142570496,0.4158794581890106,121617.84375,2.0394744873046875,545.1001586914062,38.944393157958984,15.814384810891713,-322.02977924431787,0.46074047684669495,0.048293427
14,1,-0.8694656804436378,40.03174925945319,1.1430654525756836,1.9432064294815063,-333.5785217285156,118.99280548095703,0.436671644449234,1.1786059141159058,151382.140625,2.032073974609375,569.5966796875,76.93096923828125,116.98204165493942,330.3289571095691,0.43787074089050293,0.26158956
14,1,-1.175765757050071,38.12559890946544,1.1502764225006104,1.9658926725387573,-281.3627624511719,-275.02996826171875,0.24960696697235107,2.597604751586914,142566.546875,2.0004379749298096,578.6236572265625,38.60373306274414,-273.01147609798477,280.0010913310566,0.24966460466384888,0.22585651
14,1,-0.9955412114894334,43.5502321135648,1.1258093118667603,1.8482097387313843,-26.39875602722168,362.1872863769531,0.27030909061431885,1.4325168132781982,122812.8828125,1.842387080192566,353.54296875,35.71903991699219,362.16385696775757,24.200418110534564,0.27233344316482544,0.008278497
14,1,-0.8823396577222137,49.683711163892276,1.1997100114822388,2.0281920433044434,232.51123046875,-309.5636291503906,0.27984797954559326,1.0677505731582642,140413.09375,2.0272810459136963,480.9582214355469,63.061893463134766,-308.91453194657566,-233.49379955125593,0.28076040744781494,0.0033927618
14,1,-1.017703298301142,45.03292063650496,1.1634804010391235,1.85542631149292,-188.65948486328125,-348.6233215332031,0.3427400290966034,1.7507003545761108,101564.734375,1.9573286771774292,437.6171569824219,42.01361083984375,-349.63294498593916,183.63948374055502,0.34160277247428894,0.005034637
14,1,-0.7334594932860775,48.9732031568748,1.1341499090194702,2.004701852798462,142.79725646972656,-361.115478515625,0.2823447585105896,1.0726737976074219,140413.09375,2.0229814052581787,490.4137878417969,90.59468078613281,-363.33835891783684,-144.31943743577622,0.28076040744781494,0.0064971643
14,1,-1.4148378916114528,49.98432308278246,1.1335837841033936,2.0111663341522217,-241.36068725585938,-212.4442596435547,0.4603881239891052,1.1103233098983765,133026.203125,2.1185996532440186,583.1774291992188,22.436798095703125,-215.6188385644876,238.61989346145944,0.45657238364219666,0.013880302
14,1,-1.1849212462288465,36.03007712109157,1.153184175491333,1.8198801279067993,84.121826171875,358.99932861328125,0.5026327967643738,5.25556755065918,122497.1484375,1.9816316366195679,559.7637939453125,36.56641387939453,355.9531846163751,-78.75836028937368,0.5023573637008667,0.32687968
14,1,-1.2001628617842057,40.179870139680055,0.9406237602233887,1.8079043626785278,333.2571105957031,-37.242156982421875,0.43590015172958374,3.7211365699768066,123187.1484375,1.94532310962677,457.6728515625,28.86627769470215,-36.57464228694962,-331.2005814591684,0.436100035905838,0.27611813
14,1,-1.1109258620971894,42.674768405617634,1.1727192401885986,1.9014966487884521,-194.86984252929688,-283.754150390625,0.43694257736206055,0.18243223428726196,131374.40625,2.0032267570495605,511.1607360839844,39.5941047668457,-289.1556204314128,192.97743448183104,0.4357837438583374,0.05156333
14,1,-1.1479470798896916,35.45127371407912,1.1867491006851196,2.035454750061035,-25.11827850341797,-381.1743469238281,0.1775490790605545,2.949340581893921,138516.6875,2.1090128421783447,742.62548828125,52.8228645324707,-380.1617680269769,24.866264193851197,0.1756715029478073,0.49322528
14,1,-1.2439356385442564,44.0632408051467,1.1820536851882935,1.9664300680160522,-153.00997924804688,-347.72918701171875,0.4843154549598694,2.2968900203704834,115119.078125,2.0886552333831787,561.5831909179688,32.024112701416016,-345.00872842228614,152.7712537472113,0.48559606075286865,0.05806138
14,1,-1.0051313160767874,41.747528262065046,1.1006137132644653,1.869132161140442,265.38946533203125,200.7464141845703,0.3080945312976837,4.948239803314209,145612.046875,1.9522172212600708,463.3549499511719,45.7911491394043,199.5384411735968,-261.58436166454703,0.3081270754337311,0.026985096
14,1,-1.2071419008530744,27.7522732958107,1.1169288158416748,1.8553025722503662,-25.831348419189453,403.3669738769531,0.35910773277282715,1.9057224988937378,109656.3359375,1.9589786529541016,670.1192016601562,41.59193420410156,406.37260139786963,21.981265045460805,0.359144926071167,0.8849391
14,1,-1.2719944461178985,35.21298459686574,1.1852748394012451,2.025050163269043,142.35986328125,346.228515625,0.17766210436820984,2.9379823207855225,138516.6875,2.1142969131469727,787.98681640625,42.12340545654297,346.3566587207825,-142.71942152967938,0.1756715029478073,0.49580637
14,1,-1.0829307614121133,47.61972393256586,1.1691031455993652,2.01249361038208,9.03698444366455,347.0422668457031,0.42379340529441833,3.9380366802215576,129698.59375,2.122218608856201,616.7908325195312,50.9572868347168,350.78757796216985,-6.22113587863346,0.4253036677837372,0.014520683
14,1,-1.2613017503963182,43.97009970557979,1.1998707056045532,2.0640311241149902,-389.1378173828125,121.98096466064453,0.18180662393569946,2.918806314468384,138516.6875,2.1262035369873047,674.0,36.9281005859375,121.49101304285298,390.05421270452354,0.1756715029478073,0.022164606
14,1,-1.2467530606628634,31.137793802511105,1.1113054752349854,1.8905048370361328,-347.0589904785156,217.7294921875,0.35722264647483826,1.9122639894485474,109656.3359375,1.9910026788711548,626.94580078125,35.520225524902344,219.87299332386985,345.21984116234614,0.359144926071167,0.8316962
14,1,-0.7979500732582916,45.07073819416478,1.1946896314620972,1.9224121570587158,-397.13604736328125,-61.5914421081543,0.2554053068161011,5.3607378005981445,112954.4921875,1.9491825103759766,393.7320251464844,62.69746398925781,-63.52211330024989,400.628178031095,0.2546739876270294,0.0028557682
14,1,-1.347972392854142,46.43988404425419,1.1415801048278809,1.964179515838623,-95.60002136230469,-308.59735107421875,0.26413795351982117,0.09809108823537827,126880.734375,1.9937636852264404,478.3841857910156,21.468534469604492,-310.674525585824,97.22907980675141,0.2648577392101288,0.010399183
14,1,-1.02100886508368,45.238888580368894,1.1815717220306396,1.860205888748169,409.15069580078125,6.0716633796691895,0.23006251454353333,5.526085376739502,114778.671875,1.8646970987319946,358.47564697265625,34.154624938964844,6.082979790645888,-404.06530595113304,0.22727692127227783,0.0011218693
14,1,-1.0741655574961047,41.16911438459469,1.0960930585861206,1.9663259983062744,385.83770751953125,1.2265188694000244,0.25541651248931885,1.3564680814743042,133399.859375,1.9891092777252197,493.937255859375,41.639469146728516,1.4268070209294237,-388.7957939476747,0.25338035821914673,0.12481266
14,1,-1.2890546826832405,45.01036237680021,1.1447008848190308,2.0844244956970215,-161.55764770507812,386.0476989746094,0.26600950956344604,0.09858866780996323,126880.734375,2.0554304122924805,521.604248046875,26.80925941467285,384.5629661144644,160.70735147610714,0.2648577392101288,0.072434545
14,1,-0.5406280757385197,38.585663419778484,1.0553374290466309,1.9124529361724854,345.2957763671875,-34.339202880859375,0.3868767321109772,1.8778069019317627,149754.453125,2.0013327598571777,533.8088989257812,153.72958374023438,-32.06542639429321,-349.6967077826991,0.38962221145629883,0.42897817
14,1,-1.0202532620022569,42.03194122167169,0.9499791264533997,1.8365793228149414,298.4564514160156,223.1396026611328,0.4484510123729706,2.349594831466675,100219.53125,1.8920434713363647,387.2896728515625,36.96421432495117,225.06203380899532,-300.77835635116185,0.4541422426700592,0.20609345
14,1,-0.9277447936645628,46.198259094559184,1.0895676612854004,1.9363765716552734,410.9748840332031,-73.41259765625,0.359266996383667,6.031728744506836,125761.1640625,2.0426924228668213,520.7470092773438,61.50087356567383,-75.60626194601649,-409.4901915334188,0.3624418079853058,0.012300759
14,1,-1.061206139616228,32.73528451581948,1.1079270839691162,1.9024075269699097,-65.98856353759766,-404.4368896484375,0.3891744911670685,1.8823843002319336,149754.453125,1.9865528345108032,632.3148803710938,54.91948699951172,-404.4358984780032,62.34375779595613,0.38962221145629883,0.7965812
14,1,-0.8557557252541338,41.53087527576617,1.112734079360962,1.8014417886734009,-303.49786376953125,177.27503967285156,0.30830055475234985,4.934523105621338,147108.265625,1.8462328910827637,337.7058410644531,47.07408905029297,175.07303400710268,306.2089900518273,0.30986297130584717,0.010484133
14,1,-0.9523263736660734,38.83977113260751,1.111566185951233,1.8574086427688599,217.84251403808594,304.7464599609375,0.3875928819179535,1.8771138191223145,149754.453125,1.9792982339859009,534.8901977539062,59.694942474365234,303.9334343380354,-220.2545397641423,0.38962221145629883,0.17659086
14,1,-1.4659010898670983,41.80719986116964,1.0943938493728638,2.0524165630340576,412.0872497558594,33.33078384399414,0.28193989396095276,1.1101278066635132,118321.6796875,2.0882375240325928,602.8541870117188,20.620969772338867,32.142075483297965,-413.68642403351896,0.2826893925666809,0.2576066
14,1,-0.9171301683850646,46.08774783193156,1.1710366010665894,1.9574058055877686,-283.7796630859375,228.18051147460938,0.34135618805885315,2.9716598987579346,151190.1875,2.0193231105804443,486.2754821777344,58.850677490234375,230.6495392130658,283.24720972677306,0.34440240263938904,0.009080905
14,1,-1.1061090784367005,42.79336813573858,1.1537258625030518,1.8865835666656494,298.8042907714844,-160.30007934570312,0.5154685974121094,3.3146872520446777,126599.7734375,2.0071074962615967,489.43267822265625,38.33387756347656,-155.22927755203003,-298.46986325103705,0.5148013234138489,0.05677845
14,1,-1.1380072620523813,43.77767674159665,1.1043530702590942,2.007599353790283,-92.7414321899414,387.796630859375,0.2506325840950012,1.5829073190689087,117255.7265625,2.03631854057312,522.778564453125,38.0460319519043,387.43264541109124,91.01516923749497,0.25241759419441223,0.058273368
14,1,-1.1019232654311166,45.60248843639536,1.1637043952941895,2.018073797225952,-339.7773742675781,127.55504608154297,0.29251739382743835,4.192663669586182,145407.359375,2.0743231773376465,569.4678955078125,45.03446578979492,126.99001415660601,341.2248551938943,0.2935376763343811,0.015982771
14,1,-0.7678096468053659,35.630871778200756,1.1942299604415894,1.8780156373977661,389.8930358886719,-62.46284866333008,0.17724297940731049,4.868005275726318,108666.421875,1.9526065587997437,558.4913940429688,95.32490539550781,-63.16850735201149,-387.28702918483765,0.17394503951072693,0.08418621
14,1,-1.2528072613353605,38.5344522370489,1.0870469808578491,1.8064543008804321,261.5686340332031,195.85025024414062,0.5023764371871948,4.655550003051758,148134.25,1.9693374633789062,484.2292175292969,27.054662704467773,194.62774880974007,-258.775426061015,0.505338728427887,0.20884675
14,1,-1.180855001037684,33.24075215566667,0.9214715361595154,1.9348654747009277,142.20193481445312,-347.04791259765625,0.20342524349689484,4.874509334564209,137693.21875,2.005094528198242,585.0049438476562,38.57477569580078,-348.90263933155177,-140.23368115782927,0.2059871405363083,0.8374581
14,1,-0.8360256717129632,43.329630306141134,1.1963309049606323,1.8693389892578125,272.3592834472656,271.50042724609375,0.49924030900001526,4.694725513458252,108258.7109375,2.0224971771240234,563.0640258789062,82.13562774658203,270.0364596354355,-263.26698627505016,0.496506929397583,0.017775696
14,1,-0.8592332105853149,40.88398188333376,1.0370004177093506,1.9637688398361206,124.10454559326172,371.3770446777344,0.2043382078409195,4.884652614593506,137693.21875,2.018925189971924,502.87213134765625,69.53824615478516,371.5406316610416,-122.4059476134669,0.2059871405363083,0.12283577
14,1,-0.8945551636042764,44.86019285721505,1.1580743789672852,1.8064543008804321,-229.11679077148438,-276.130615234375,0.5032973289489746,4.6610426902771,148134.25,1.9630351066589355,439.56561279296875,56.03608322143555,-278.0157233694069,233.27187092489152,0.505338728427887,0.00626949
14,1,-0.28049955446752295,38.88297103280299,1.1472043991088867,1.858551263809204,-123.69225311279297,-303.11676025390625,0.28963130712509155,3.882838487625122,112882.8046875,1.8964827060699463,431.36883544921875,226.12522888183594,-300.17527103364887,126.55063145194573,0.2898751497268677,0.054907564
14,1,-1.034101993380339,40.59020978983696,1.152480125427246,1.8280452489852905,123.03752136230469,-344.9606018066406,0.38367122411727905,0.947019636631012,110344.140625,1.9663368463516235,488.5238342285156,45.163002014160156,-345.6395073436094,-126.19982354254061,0.38289716839790344,0.042388104
14,1,-1.0846369041829829,41.52889127706472,1.197993516921997,1.8738508224487305,110.27767181396484,340.64996337890625,0.2872503101825714,5.160785675048828,102401.1015625,1.9431995153427124,459.4652099609375,37.81068801879883,337.56939007325263,-107.32764303730683,0.28219762444496155,0.00883108
14,1,-1.0415779966296543,31.935427819699722,1.1635782718658447,1.8196377754211426,349.95782470703125,-190.86410522460938,0.2025546431541443,3.1990878582000732,125759.203125,1.8695310354232788,468.70074462890625,42.59088134765625,-188.34113356576466,-350.8026205579561,0.19991731643676758,0.38775796
14,1,-1.035318351007284,43.511924032631484,1.1170917749404907,2.0762736797332764,26.59822654724121,-412.66033935546875,0.2846343517303467,0.031075788661837578,143136.71875,2.1292431354522705,661.0775146484375,60.944332122802734,-414.8551393159185,-26.446900420677764,0.2855410873889923,0.16508955
14,1,-1.569445775429656,45.30903598147587,1.1363879442214966,1.9050120115280151,-56.390316009521484,366.41064453125,0.20885412395000458,1.808672308921814,106832.390625,1.99148690700531,453.975341796875,12.234407424926758,366.36641729305046,53.93088462367767,0.207669198513031,0.004525276
14,1,-1.186376187982047,45.93722043144544,1.103712797164917,2.0825345516204834,-276.5350341796875,-186.3826141357422,0.5068042874336243,3.103515863418579,148484.484375,2.228971004486084,800.5202026367188,52.11890411376953,-182.33174325060313,275.84524314209494,0.5073153972625732,0.18191989
14,1,-1.0543293839841748,44.77460817575435,1.1463066339492798,2.026949882507324,-3.5553319454193115,400.32513427734375,0.49519240856170654,1.3764442205429077,129375.1171875,2.1290059089660645,662.7623901367188,58.48274230957031,399.9231364845351,1.1180660124405706,0.4992199242115021,0.13109058
14,1,-1.2751114524604494,46.37670993448666,1.172432541847229,1.9217276573181152,99.9181137084961,-396.873291015625,0.3943674862384796,3.59745717048645,151146.921875,2.014302968978882,487.3382263183594,25.86528968811035,-392.9938246410023,-98.81076752803952,0.3916829824447632,0.0066896435
14,1,-0.7222304653348005,39.31696930714458,1.0862113237380981,1.8887109756469727,30.986515045166016,402.2756042480469,0.24849772453308105,0.07565753906965256,128567.984375,1.954346776008606,472.12921142578125,89.50141906738281,400.63845664492186,-30.698880516049993,0.25174811482429504,0.13951367
14,1,-1.128655385559595,34.57876622381738,1.1699752807617188,1.8458596467971802,106.79583740234375,310.3852844238281,0.24261488020420074,0.5391587018966675,108269.921875,1.8579076528549194,530.6615600585938,39.46036911010742,308.06884559918507,-104.93885768151684,0.24332614243030548,0.26989803
14,1,-1.315454042042239,45.80595435131988,1.1747514009475708,1.9690310955047607,-347.20208740234375,191.10775756835938,0.3892071545124054,3.6145098209381104,151146.921875,2.0375325679779053,543.0352783203125,26.264694213867188,195.02592893274758,349.2902859763136,0.3916829824447632,0.014395524
14,1,-0.9876169539681929,35.360253582084816,1.141066074371338,1.9663259983062744,90.95854187011719,-341.0698547363281,0.2531503140926361,0.12782873213291168,128567.984375,1.9861210584640503,592.5160522460938,60.96526336669922,-343.7645551875603,-93.51485148385639,0.25174811482429504,0.5788411
14,1,-1.4492733334755699,42.60841983627066,1.0938267707824707,1.9546200037002563,346.14276123046875,91.6954116821289,0.5144286751747131,5.5134429931640625,131913.03125,2.1403610706329346,686.1432495117188,24.385950088500977,84.87463498192083,-343.8691200238084,0.5170910358428955,0.17258021
14,1,-1.174691982865019,47.82339175931554,1.1768076419830322,1.9111552238464355,320.795654296875,62.315086364746094,0.2909497320652008,3.0320727825164795,109178.3828125,1.9409321546554565,401.8648986816406,26.877351760864258,63.676953954610305,-319.91088994719007,0.2933703362941742,0.0017175807
14,1,-1.0146184633648412,27.054089202249823,1.1078859567642212,1.8080713748931885,198.197998046875,290.9844970703125,0.464218407869339,0.13250494003295898,115599.59375,1.883538007736206,542.4414672851562,52.44856262207031,284.21541021562086,-201.2976993081483,0.46265000104904175,0.89823717
14,1,-1.4596036242213177,44.5940857681815,1.1777732372283936,1.9116458892822266,-286.8871154785156,297.2433776855469,0.5170912146568298,5.497226238250732,131913.03125,2.0972166061401367,609.9998168945312,21.170154571533203,292.6901067459971,290.8820213936891,0.5170910358428955,0.021706317
14,1,-1.1247977737382941,46.87176751625211,1.1810640096664429,1.8788807392120361,280.5341491699219,-159.49380493164062,0.2936100661754608,3.010894775390625,109178.3828125,1.9608725309371948,411.5012512207031,30.872512817382812,-158.6194918488374,-280.9940237818344,0.2933703362941742,0.0016143383
14,1,-1.847199394688456,44.49614849143942,1.1095075607299805,1.9819563627243042,-327.1122131347656,29.30073356628418,0.41899675130844116,2.1514976024627686,150499.15625,2.1340465545654297,657.4081420898438,9.346113204956055,31.241062807785,323.1209732543729,0.4184168875217438,0.078325585
14,1,-1.2627651031847826,46.2073935033908,1.0625932216644287,1.9701899290084839,319.5418395996094,37.82906723022461,0.515019953250885,5.511849403381348,131913.03125,2.0885887145996094,553.7564086914062,30.23794174194336,33.879947552190856,-316.3281746710043,0.5170910358428955,0.0652843
14,1,-0.9846472030854904,37.92883319424291,1.150728702545166,1.9689112901687622,-21.560800552368164,-354.5877380371094,0.33119672536849976,0.6789833307266235,139249.234375,2.041929006576538,647.4375610351562,67.07335662841797,-356.7252243009101,21.065018455372282,0.3344470262527466,0.38842517
14,1,-1.1937419404232177,46.76072171258332,1.1514310836791992,1.8734318017959595,384.6468811035156,-76.19429779052734,0.3332911729812622,2.3158671855926514,110337.703125,1.9479343891143799,392.10589599609375,25.09918975830078,-73.39188845567257,-384.98870403788817,0.33126911520957947,0.0030878214
14,1,-1.0082247297714866,36.70115870336074,1.1215330362319946,2.0213353633880615,297.97705078125,234.28379821777344,0.334138423204422,0.6761391758918762,139249.234375,2.0730514526367188,683.0781860351562,67.0262680053711,230.6307976269997,-298.5939335038909,0.3344470262527466,0.67772275
14,1,-0.8418985935714836,44.02383545274259,1.153821587562561,1.8672077655792236,-4.122204780578613,-349.2099304199219,0.185696080327034,2.7973735332489014,109722.1015625,1.9164814949035645,397.36236572265625,57.185691833496094,-349.46292993854877,3.888103358624204,0.18596577644348145,0.0028765805
14,1,-1.046951452911573,37.09921654274426,1.1072882413864136,1.9839693307876587,-52.967185974121094,384.2428894042969,0.3342270255088806,0.699242353439331,139249.234375,2.0412018299102783,595.8367309570312,53.47798156738281,379.73313419364496,51.89116741985198,0.3344470262527466,0.5972486
14,1,-1.1394377561982145,32.28684630548053,1.134939193725586,1.8239431381225586,353.4079284667969,106.08277130126953,0.2805970013141632,4.710424423217773,103810.9609375,1.8476364612579346,469.3742980957031,34.04711151123047,104.88900327107217,-351.57050415085826,0.2843962013721466,0.4986021
14,1,-1.0060654542578367,43.728805710598934,1.1272621154785156,1.8580052852630615,-327.1076354980469,254.46160888671875,0.32788434624671936,2.3226583003997803,110337.703125,1.9684041738510132,425.35186767578125,41.945159912109375,255.94789909664115,324.7664662726455,0.33126911520957947,0.011237375
14,1,-1.2100366515845453,43.698095494644924,1.1831188201904297,1.8720567226409912,75.03964233398438,344.5785827636719,0.3351956605911255,0.6081655621528625,101815.1640625,1.9731261730194092,456.6377868652344,28.153581619262695,341.62312970041415,-76.30599531046033,0.3338930904865265,0.009961176
14,1,-1.2305090171961603,43.40280085666177,1.185401201248169,1.8580052852630615,-267.3702087402344,-311.37908935546875,0.32560670375823975,3.2615480422973633,110258.3203125,1.9626529216766357,452.9366760253906,26.63954734802246,-309.2409824007056,268.766124583978,0.32958197593688965,0.005901505
14,1,-1.0754478924451316,44.9982794745613,1.0969163179397583,1.8965152502059937,386.1247253417969,-38.848243713378906,0.3822997510433197,1.2077488899230957,118525.15625,2.0069081783294678,487.48101806640625,40.974037170410156,-40.912502747411104,-389.5473307215306,0.3823792040348053,0.023992736
14,1,-0.9561839658235672,44.88652477731487,1.1863985061645508,1.8416138887405396,-356.7477111816406,-174.20350646972656,0.2770543396472931,5.068340301513672,100241.609375,1.8443968296051025,338.1492919921875,37.404457092285156,-174.75477980113345,360.9469367459046,0.2781669497489929,0.0014059446
14,1,-1.4820613220343375,36.92086146012001,1.1704280376434326,1.9945117235183716,285.2360534667969,194.74339294433594,0.3265276253223419,4.724025249481201,137183.875,2.1371703147888184,766.4219360351562,25.258344650268555,192.9464040891843,-280.8175029955991,0.3319452404975891,0.42032567
14,1,-1.1816439525845086,42.00790428761031,1.0181282758712769,1.8352712392807007,-296.9509582519531,202.5373077392578,0.38836926221847534,1.202743411064148,118525.15625,1.9573898315429688,447.2275695800781,29.436294555664062,201.84824206188853,292.83420845978395,0.3823792040348053,0.0942307
14,1,-0.7376749353673903,37.98055276844229,1.090497374534607,1.9804893732070923,314.4517822265625,-236.6315460205078,0.38687658309936523,5.355041027069092,139416.90625,2.138633966445923,778.2386474609375,142.37625122070312,-239.5243064904996,-310.5585057129124,0.3837220370769501,0.5037745
14,1,-1.4197803070397805,28.90549280518775,1.1787304878234863,2.0823636054992676,272.9356384277344,304.2435607910156,0.23102658987045288,4.45391845703125,152187.890625,2.1594290733337402,1061.0703125,40.361080169677734,302.2820365572231,-272.97526339248236,0.2305651605129242,0.8908375
14,1,-1.1840042640468205,43.1086091626297,1.1674861907958984,1.8811675310134888,-314.2594909667969,140.38636779785156,0.18740306794643402,5.919274806976318,106664.53125,1.9001892805099487,389.0679626464844,25.469446182250977,133.84914708809976,316.18766444905225,0.18747669458389282,0.0029734264
14,1,-1.330024286166914,38.754644749666376,1.1706422567367554,1.81130051612854,-156.75479125976562,-305.4036560058594,0.324568510055542,5.399937629699707,126665.5703125,1.9170640707015991,453.6958312988281,21.219661712646484,-307.98592973721844,157.7243797069013,0.32312867045402527,0.02511117
14,1,-0.9185293529304415,44.27129197224935,1.1974287033081055,1.9401202201843262,-235.25047302246094,279.8533630371094,0.5108658671379089,2.7267863750457764,133195.375,2.0958619117736816,603.4841918945312,72.80076599121094,283.8039981868283,232.18533810908508,0.5113348960876465,0.037722867
14,1,-1.0652970462475717,43.78479873170082,1.1481454372406006,1.8592239618301392,-21.97526741027832,-411.5777587890625,0.37028661370277405,0.8749539256095886,102666.921875,1.9327518939971924,419.58795166015625,36.10145950317383,-414.46744405359806,21.827761757107734,0.3737490475177765,0.014502093
14,1,-1.14618969880873,43.55272932224572,1.1755298376083374,1.872946858406067,-19.65110206604004,-329.8282165527344,0.3282286524772644,5.880365371704102,104619.0,1.9366002082824707,447.3937683105469,31.95206069946289,-333.2107461139887,22.075075436587966,0.32469624280929565,0.0055687292
14,1,-1.0351416448041717,46.850760713185274,1.1623963117599487,1.916634202003479,-310.1368408203125,138.51939392089844,0.5028881430625916,0.3809089958667755,113700.53125,2.0363597869873047,515.1196899414062,47.50787353515625,131.92208386366764,307.6984168107794,0.49916955828666687,0.017421665
14,1,-1.43974840152736,40.840959374433844,1.006883144378662,1.9968657493591309,302.34259033203125,279.93328857421875,0.4095796048641205,2.7534704208374023,139358.15625,2.0932791233062744,623.7315063476562,22.659345626831055,283.0801557612284,-302.2238354055475,0.4097963273525238,0.50894195
14,1,-1.1301765128750523,48.64262442160245,1.1312675476074219,2.019380569458008,-319.05438232421875,101.34825897216797,0.3880414366722107,5.96199369430542,159736.4375,2.1600871086120605,636.4927368164062,47.16458511352539,97.41156455667027,318.9655109457236,0.38900721073150635,0.009696363
14,1,-1.0615032314903239,44.27239412016103,1.136709213256836,1.894299864768982,380.82916259765625,165.38650512695312,0.24684666097164154,3.873884439468384,130545.734375,1.9386060237884521,403.7425842285156,35.042903900146484,167.1330290032027,-379.91636419825045,0.24771572649478912,0.0059533603
14,1,-1.093884778294285,32.454634080337655,1.1601033210754395,2.008232593536377,248.34629821777344,-334.7182922363281,0.3880002200603485,5.960068702697754,159736.4375,2.1444029808044434,988.222412109375,79.61032104492188,-338.643415162887,-246.5337662532467,0.38900721073150635,0.8164756
14,1,-1.2842965244950448,35.753961634186005,1.166711688041687,1.9312399625778198,95.41170501708984,349.2770080566406,0.4585755169391632,6.2475738525390625,109768.6796875,2.0114455223083496,590.0570068359375,30.661685943603516,343.19099686881157,-94.08889175949393,0.4615038335323334,0.51975244
14,1,-1.0769619195503708,39.00831259114205,1.0199452638626099,1.9239568710327148,-147.66554260253906,-360.31280517578125,0.46416914463043213,6.243651390075684,109768.6796875,2.0078678131103516,497.6960144042969,41.68705368041992,-364.91817607697493,148.67887915326074,0.4615038335323334,0.48028356
14,1,-1.1737268197090414,40.59887658481609,1.113948941230774,2.0646615028381348,-74.96087646484375,389.8463439941406,0.3225248456001282,1.9598151445388794,124447.5859375,2.064417600631714,575.2125854492188,38.5567512512207,389.66234516760795,72.38713732776556,0.32745161652565,0.3903913
14,1,-0.9918889175736357,34.82047703165262,1.058205485343933,1.867085576057434,-303.97808837890625,-162.54202270507812,0.32966527342796326,3.0016794204711914,155296.140625,1.9605544805526733,541.9364624023438,55.21520233154297,-158.8799968126051,303.15111715014234,0.3305016756057739,0.604515
14,1,-1.1085811237092418,34.31776798910972,1.188805103302002,2.086993455886841,-230.802978515625,-269.6100158691406,0.23464573919773102,4.587333679199219,152425.0,2.088493824005127,785.7500610351562,61.193119049072266,-269.56886297903907,232.9207521325488,0.2357281893491745,0.7207093
14,1,-1.1559328906294397,43.38533626947063,1.157697319984436,1.989999532699585,-5.7754740715026855,337.327392578125,0.3617093563079834,0.374024897813797,119543.3828125,2.056105136871338,578.1802368164062,40.376556396484375,333.93734734291047,4.544028784088507,0.3613344728946686,0.07498038
14,1,-1.069830656567918,36.72716828575655,1.1708869934082031,1.8579442501068115,-320.51910400390625,-82.1339340209961,0.3783707916736603,6.1141357421875,106718.3359375,1.9275786876678467,458.0323181152344,38.999977111816406,-86.96616392177924,325.33090416352167,0.3727503716945648,0.15771258
14,1,-1.106133825934444,38.871924186446634,1.192578673362732,1.9399608373641968,120.90380096435547,315.2048034667969,0.35609593987464905,0.3697609305381775,119543.3828125,2.0185649394989014,609.6657104492188,47.74820327758789,312.09303564665584,-121.90545310397356,0.3613344728946686,0.19355337
14,1,-1.4784134177157031,43.64694116737363,1.182354211807251,2.0111663341522217,339.4993591308594,-22.326446533203125,0.4578949809074402,3.6144416332244873,129374.015625,2.1215829849243164,675.9146118164062,22.463451385498047,-18.695705407842027,-336.727220410697,0.45591604709625244,0.08469932
14,1,-1.2866161516529446,38.85489869829122,1.1321395635604858,1.9430423974990845,-129.57920837402344,-321.9411315917969,0.38061732053756714,0.024174071848392487,156779.234375,2.048969268798828,652.01904296875,33.70100402832031,-326.94996342452055,129.26045193734137,0.3797689974308014,0.34599018
14,1,-1.0576763067908286,39.20300731240285,1.1960663795471191,2.0730483531951904,-232.11817932128906,-330.13970947265625,0.37845155596733093,0.035148922353982925,156779.234375,2.1242594718933105,793.6883544921875,69.49812316894531,-333.4058064853452,231.04845232192386,0.3797689974308014,0.48736662
14,1,-1.184013483080847,33.392307876152465,1.1129436492919922,1.97738516330719,406.4066467285156,-43.40127944946289,0.3892747461795807,0.24618910253047943,141683.6875,2.035858631134033,672.7781372070312,44.04102325439453,-43.929513486826146,-409.6121611823349,0.39436835050582886,0.8376493
14,1,-1.1190461436433368,43.12124069580764,1.1467812061309814,1.9517154693603516,-119.718017578125,-340.9283752441406,0.4022153317928314,3.0456738471984863,147848.65625,2.1054484844207764,644.67236328125,49.010826110839844,-338.0305894705164,120.74339798760671,0.40297138690948486,0.05771369
14,1,-0.9490610546226466,43.329132136834765,1.1669141054153442,1.8595964908599854,406.1080627441406,28.13057518005371,0.3022500276565552,3.09668231010437,106260.828125,1.9460697174072266,444.41131591796875,49.97159194946289,29.841569032108225,-407.313370584735,0.2980461120605469,0.0066352137
14,1,-1.354590714584241,48.42792777259165,1.175978183746338,2.0063974857330322,-349.97076416015625,69.50485229492188,0.3887653052806854,5.816447734832764,150713.015625,2.0790834426879883,558.9517822265625,24.704830169677734,67.20114164633073,350.78414360386654,0.3951815664768219,0.005902761
14,1,-1.0850056561019623,40.056458366105744,1.03476083278656,1.9802906513214111,269.9065246582031,-276.39764404296875,0.4025980532169342,3.0563762187957764,147848.65625,2.1227073669433594,682.6425170898438,56.12894821166992,-273.27683837464696,-270.81309283558664,0.40297138690948486,0.4798355
14,1,-1.2104699998719928,40.9031694868218,1.1767641305923462,1.9752172231674194,28.278690338134766,347.81207275390625,0.3073747158050537,1.7704640626907349,138963.59375,2.014522075653076,534.0695190429688,32.89474105834961,346.66668178193316,-31.560454347970435,0.30363425612449646,0.094749376
14,1,-0.8941353127982651,41.18568808156019,1.0944815874099731,1.8598754405975342,343.2933654785156,-97.4781494140625,0.29063454270362854,1.5132954120635986,115619.328125,1.850352168083191,368.82568359375,47.063575744628906,-99.26369468525299,-344.1724131291618,0.29560503363609314,0.04467731
14,1,-1.2221106624090212,31.890346593142354,1.0862022638320923,2.0226504802703857,-222.1496124267578,-338.189208984375,0.3904365301132202,0.23419992625713348,141683.6875,2.054363965988159,722.2727661132812,43.31013870239258,-341.31345978531897,222.5697954067341,0.39436835050582886,0.89452153
14,1,-1.5023669964576873,29.33552380140367,1.1562530994415283,2.005544900894165,-351.6360778808594,95.28407287597656,0.3978557288646698,5.823381423950195,150713.015625,2.0549423694610596,933.528564453125,29.36020851135254,91.47336904663642,352.6566051208808,0.3951815664768219,0.88427216
14,1,-1.0847124633056835,48.21260756236768,1.176599383354187,1.8057539463043213,-365.6717834472656,-84.7271957397461,0.3461246192455292,5.991067886352539,102142.4296875,1.80901038646698,284.36639404296875,23.39720344543457,-88.25787888427712,366.14659348393474,0.3505810797214508,0.0004136929
14,1,-0.9862036352664496,47.60114640701632,1.174452781677246,1.828643560409546,277.2582702636719,210.91725158691406,0.24587319791316986,5.816951751708984,111287.5546875,1.8760840892791748,348.7575988769531,36.0013542175293,211.60091812763923,-275.7026790342341,0.24969463050365448,0.0003659008
14,1,-0.8056851703144705,48.695906489620846,1.116227149963379,1.9954159259796143,78.87125396728516,-372.9667663574219,0.5164233446121216,1.265984296798706,134954.78125,2.121595859527588,644.7952270507812,100.86400604248047,-372.59135145627357,-84.21449377060841,0.521960973739624,0.030669421
14,1,-0.934592600971332,40.6650245201205,1.0603665113449097,1.8213865756988525,184.70693969726562,-323.35516357421875,0.2967257499694824,1.5216015577316284,115619.328125,1.8703346252441406,365.1160888671875,42.4460563659668,-324.51795205774744,-186.54109373029485,0.29560503363609314,0.052204493
14,1,-0.943146120348937,46.18460485563139,1.1499700546264648,1.8403499126434326,-263.45770263671875,-281.88916015625,0.18264788389205933,0.7631011605262756,131596.390625,1.8610070943832397,342.8193664550781,39.07672119140625,-282.8279986550989,264.6010823843012,0.18385539948940277,0.0012150174
14,1,-1.298822178674903,35.21416406592574,1.0062447786331177,1.9517154693603516,-280.4600830078125,-162.03053283691406,0.4022177457809448,3.0443246364593506,147848.65625,2.108222723007202,727.5322875976562,36.561912536621094,-157.74819255584876,281.53986265033757,0.40297138690948486,0.8157179
14,1,-1.246656897418805,34.34720667221636,1.1909348964691162,1.8519737720489502,354.68255615234375,-224.1805877685547,0.3004509210586548,3.1188175678253174,106260.828125,1.9126962423324585,493.72589111328125,27.978694915771484,-224.48861641191237,-351.3178308966149,0.2980461120605469,0.2844499
14,1,-1.4635693698111005,39.85466063716839,1.0121101140975952,2.097280502319336,-358.5358581542969,-71.97355651855469,0.5047934651374817,3.5053768157958984,152878.8125,2.1805174350738525,839.0130615234375,28.853456497192383,-67.19344394914569,362.4990329680246,0.5065879225730896,0.79223806
14,1,-0.8803843185674433,47.81189797808323,1.1962577104568481,1.8174010515213013,-263.3177490234375,214.59776306152344,0.4557376205921173,0.26166296005249023,104748.796875,1.9331998825073242,365.944580078125,48.1981201171875,208.07865290184003,260.859213508884,0.4567369520664215,0.001984165
14,1,-1.5211813363616777,38.004630724140625,1.103206753730774,2.0528829097747803,179.12889099121094,340.8818054199219,0.5088187456130981,3.5059375762939453,152878.8125,2.2075841426849365,882.6070556640625,26.581802368164062,343.7795284337478,-176.83106366961445,0.5065879225730896,0.75445604
14,1,-0.8855325717851601,34.20445505208566,1.0408086776733398,1.8345603942871094,9.298068046569824,-391.8463134765625,0.22151754796504974,3.356001853942871,152838.265625,1.8620402812957764,382.87982177734375,49.83437728881836,-389.79534665111936,-8.834974628152658,0.22449548542499542,0.48083138
14,1,-1.1788943689168034,46.183968117483715,1.1256581544876099,1.8446509838104248,321.4263916015625,-4.45963191986084,0.371436208486557,2.712001085281372,120597.2421875,1.952449917793274,420.8421325683594,27.875539779663086,-1.647854751900896,-324.74912243375496,0.3720583915710449,0.004339587
14,1,-1.1632904573345102,37.81806056683511,1.1202027797698975,1.9880236387252808,-301.21539306640625,-169.65940856933594,0.3066146671772003,1.8686745166778564,119460.71875,2.027186632156372,628.28662109375,43.13862991333008,-168.57644516831712,298.24593783867334,0.3081853985786438,0.45644656
14,1,-1.3328057203005608,46.34835527332583,1.0851225852966309,2.0049569606781006,386.9266052246094,-86.27424621582031,0.5060455799102783,3.5077898502349854,152878.8125,2.1840360164642334,691.3887329101562,32.130332946777344,-82.43310147368709,-384.3944622271997,0.5065879225730896,0.08413628
14,1,-1.3120256011125344,40.9728851319079,1.1095479726791382,1.9918431043624878,-290.9038391113281,-263.6153564453125,0.3388304114341736,2.288656234741211,138637.453125,2.1151962280273438,689.3014526367188,33.603328704833984,-261.84836284888075,288.35733220473736,0.33742818236351013,0.21801694
14,1,-0.8798028887566779,35.143457856894415,1.027809739112854,1.8203279972076416,-16.997333526611328,-331.84295654296875,0.330099880695343,0.16310280561447144,117380.8828125,1.8688595294952393,434.53814697265625,57.30918884277344,-335.41007015252234,15.795365212740867,0.32946813106536865,0.57916844
14,1,-0.9089277069258928,45.470271922323306,1.190592885017395,1.9531713724136353,279.8823547363281,302.7539978027344,0.38074031472206116,3.7677245140075684,154496.25,2.0352699756622314,509.21136474609375,62.80145263671875,304.9274774402775,-276.8324875556448,0.3853199779987335,0.010716983
14,1,-1.1816543322600128,38.77083710391934,1.1123247146606445,2.017772912979126,-357.449462890625,-214.36741638183594,0.33582013845443726,2.3080010414123535,138637.453125,2.144775152206421,728.3170776367188,47.93638229370117,-212.349861045807,355.26423212158716,0.33742818236351013,0.47514516
14,1,-1.0335417117850292,44.32166123826424,1.1163668632507324,2.057805061340332,343.9947204589844,-104.01280212402344,0.5056058168411255,2.78676176071167,136233.921875,2.0693399906158447,544.41064453125,50.39460372924805,-98.90535338353203,-345.3578999589006,0.5070464611053467,0.23505813
14,1,-0.6732749553483212,42.04407246852972,1.0998704433441162,2.034217596054077,45.64345169067383,-335.1238098144531,0.33459246158599854,2.2862765789031982,138637.453125,2.0892672538757324,646.3758544921875,137.15443420410156,-335.3493403103857,-47.05637845095146,0.33742818236351013,0.22846112
14,1,-1.262810640245028,28.715423971657973,1.1703859567642212,1.9199209213256836,250.2125701904297,200.8142547607422,0.30137696862220764,2.902583599090576,102108.1171875,1.9863091707229614,733.5138549804688,40.04945373535156,202.25784548085943,-250.3009304209561,0.3022507429122925,0.8600855
14,1,-1.3238083424471603,41.32220648665109,1.1045594215393066,2.0785579681396484,130.8800506591797,-395.63470458984375,0.4472273886203766,6.179231643676758,128152.8984375,2.1480414867401123,702.6718139648438,33.3382568359375,-400.0777559551544,-130.77284130770133,0.4481580853462219,0.42944852
14,1,-1.2219013173964732,39.955492599335344,1.1661090850830078,1.868144154548645,-164.27658081054688,291.63153076171875,0.2998558282852173,2.8837010860443115,102108.1171875,1.9686087369918823,495.541259765625,29.728776931762695,294.2226163123502,162.49702036168665,0.3022507429122925,0.036502723
14,1,-1.0609768790276355,34.38945856120401,1.127343773841858,2.0309548377990723,-325.6795654296875,-235.16018676757812,0.2919268310070038,0.3755320608615875,143548.21875,2.09116792678833,744.6990356445312,64.7147445678711,-237.50241106311893,325.2352975004594,0.29216641187667847,0.7949795
14,1,-1.0253467161625216,37.12973606475239,1.1902791261672974,1.842785120010376,-385.2006530761719,-4.579758644104004,0.24082529544830322,0.7300962805747986,117337.6484375,1.8843363523483276,434.0679016113281,40.94585037231445,-8.12034631500782,384.8872563058781,0.24048584699630737,0.067893215
14,1,-1.082431582766471,43.20605915430206,1.1032613515853882,2.0623512268066406,331.2935485839844,197.01626586914062,0.44946128129959106,4.434493541717529,148327.5625,2.101039409637451,604.9013671875,50.03248977661133,199.114965618889,-327.27801055999987,0.4458102881908417,0.2665299
14,1,-1.513772143629605,26.621912324283343,1.0663033723831177,1.8486101627349854,381.9528503417969,-27.103376388549805,0.272922158241272,3.745100498199463,130022.265625,1.9448668956756592,638.4284057617188,19.558603286743164,-25.372202302958858,-380.87266880831805,0.2705751359462738,0.89344823
14,1,-1.234486722744237,36.928688636217935,1.127476692199707,1.9089345932006836,-300.83905029296875,-239.99339294433594,0.27122101187705994,3.7420859336853027,130022.265625,1.989099144935608,573.9973754882812,33.45198440551758,-238.9896081318866,301.75861238882493,0.2705751359462738,0.25033265
14,1,-1.3289466329716768,40.633441451269505,1.0292750597000122,1.9812064170837402,211.05795288085938,-336.95489501953125,0.4307650029659271,1.8621928691864014,124865.2734375,2.126887559890747,678.9413452148438,31.8334903717041,-335.2243406264597,-214.39567985484808,0.4210863709449768,0.49297038
14,1,-1.8584797047549864,44.16174252832311,1.1102677583694458,2.0977792739868164,-335.1646728515625,-175.8031463623047,0.336679607629776,3.3771581649780273,156804.78125,2.171494245529175,739.633544921875,10.245488166809082,-172.25246537518078,335.73463433642894,0.3385395109653473,0.16335219
14,1,-1.035274250314908,42.653342093003374,1.156968116760254,1.8866772651672363,409.6455383300781,-85.95487976074219,0.244439959526062,2.243046998977661,120220.25,1.9014413356781006,396.5043640136719,36.557167053222656,-86.37355393908622,-410.5997942795497,0.24542316794395447,0.010764252
14,1,-0.9481355925299303,49.25924460259822,1.1744526624679565,2.028796672821045,-169.9951171875,317.40692138671875,0.4515114724636078,3.994128942489624,156364.640625,2.175841808319092,661.984619140625,74.59534454345703,320.65402582939436,171.80313346664127,0.4538533389568329,0.010185703
14,1,-1.0243963036814172,39.72740810856831,1.0333303213119507,1.9036632776260376,375.2860412597656,112.15949249267578,0.42474979162216187,5.024190425872803,115021.203125,2.0040814876556396,513.9908447265625,48.59126281738281,111.1182125420983,-372.4788015564176,0.42606499791145325,0.3167411
14,1,-1.290891445734364,36.502511657843044,1.0601040124893188,1.8405073881149292,81.0475845336914,-367.7306823730469,0.31736332178115845,4.350283145904541,110137.6796875,1.9752863645553589,524.46875,26.842721939086914,-366.1901490434091,-78.37371653252305,0.31640690565109253,0.30776685
14,1,-1.3043222488603692,28.65703367212257,1.1862244606018066,1.8443349599838257,190.61691284179688,-325.32916259765625,0.34180814027786255,1.4481083154678345,107019.6875,1.955986499786377,793.7404174804688,39.387203216552734,-324.66572757207507,-194.75898413363134,0.3417625427246094,0.82793057
14,1,-1.207298640640905,38.81275536271563,1.1329914331436157,1.984715223312378,-337.3211975097656,-181.02865600585938,0.42326462268829346,1.8497933149337769,124865.2734375,2.0809149742126465,671.7488403320312,41.678035736083984,-182.9527892979673,333.9936797209461,0.4210863709449768,0.46728113
14,1,-1.010970775287788,35.726314212632865,1.0918387174606323,1.8383116722106934,294.41162109375,-143.39633178710938,0.4153081774711609,1.1104456186294556,127372.7265625,1.9835178852081299,594.4059448242188,57.957763671875,-145.2047336895199,-300.23558265568386,0.41539421677589417,0.5195514
14,1,-1.2011021074837749,42.677951467069946,1.1821268796920776,2.07816743850708,-391.26409912109375,120.37342071533203,0.18840114772319794,0.1619333177804947,145943.859375,2.1492910385131836,685.7586669921875,43.15868377685547,116.6968865747751,391.2245081699029,0.18647071719169617,0.0791722
14,1,-0.8946137754036534,40.62484583656164,1.107945442199707,1.8703954219818115,-251.85104370117188,305.5963439941406,0.4255426824092865,5.028665065765381,115021.203125,1.9900656938552856,516.4248657226562,65.82527923583984,304.15361616755365,255.78053912411863,0.42606499791145325,0.090904824
14,1,-1.6912486438949914,39.92116192119757,1.1357218027114868,2.0977792739868164,-286.763671875,190.07156372070312,0.33584362268447876,3.3754913806915283,156804.78125,2.170393228530884,807.4490356445312,16.438562393188477,191.75078995302437,288.6673569299656,0.3385395109653473,0.47979558
14,1,-1.0428657961101917,40.22084335743083,1.1535924673080444,2.043687582015991,-255.6860809326172,322.74090576171875,0.1895529180765152,0.1743815541267395,145943.859375,2.1463005542755127,749.7885131835938,67.93167877197266,320.46191214844515,253.91942457060176,0.18647071719169617,0.18960148
14,1,-1.0520729489025895,40.66110356891256,1.1568598747253418,2.0372397899627686,-338.90032958984375,39.71085739135742,0.3126286268234253,1.8675391674041748,123175.109375,2.0817489624023438,643.2013549804688,57.052310943603516,39.8689430166762,337.4082988155911,0.3150591254234314,0.23332651
14,1,-1.258838664011409,34.52346223729175,1.1931493282318115,1.9619659185409546,300.7423400878906,-175.64727783203125,0.374881386756897,6.113577365875244,120148.03125,2.009922981262207,682.1043090820312,37.58469009399414,-178.5434258533122,-300.24879369213966,0.37658077478408813,0.5628643
14,1,-1.3013972022290083,46.146357262543326,1.1924021244049072,1.857779860496521,-353.5025939941406,-78.99944305419922,0.36486655473709106,2.2353713512420654,104244.5859375,1.915248155593872,388.3439025878906,19.400684356689453,-75.84669849185788,350.87562296783267,0.362001895904541,0.002613877
14,1,-1.0593223261453248,41.05916081171968,1.1698886156082153,1.9796894788742065,-389.1405334472656,23.636791229248047,0.31432512402534485,1.873506784439087,123175.109375,2.0511293411254883,527.917724609375,46.051414489746094,23.510789559902342,385.4779174596226,0.3150591254234314,0.102499835
14,1,-1.2534771094684043,40.17913817858616,1.0791481733322144,2.0975048542022705,-41.04328918457031,414.7257385253906,0.22759036719799042,2.032829999923706,151239.421875,2.1272571086883545,659.904541015625,36.81313705444336,413.6558646975527,38.37730338337583,0.2304544895887375,0.4609887
14,1,-1.2384862190289623,45.818746341115364,1.190730094909668,1.9289638996124268,140.0354461669922,346.1286315917969,0.4616869390010834,4.232578754425049,142124.96875,2.083116054534912,576.2179565429688,33.2735595703125,345.9603338466523,-137.7146670720032,0.4621700942516327,0.011049284
14,1,-1.3593241070384632,47.46748420590774,1.1896933317184448,1.94484281539917,-267.3387756347656,-253.2581024169922,0.4073283076286316,5.950201034545898,129855.796875,2.0458357334136963,522.2786865234375,22.83370018005371,-257.53902640636153,269.21395746504356,0.41091009974479675,0.0039592753
14,1,-0.8739312394860219,44.99021286430527,1.1372922658920288,1.996675729751587,-226.6423797607422,-346.3787841796875,0.35124677419662476,5.9364142417907715,131867.15625,2.0659260749816895,546.615234375,73.07181549072266,-346.5502530322272,227.78600545142965,0.3524467647075653,0.025439752
14,1,-0.9990850559477824,44.69612694867317,1.1440447568893433,2.020289659500122,83.21485900878906,407.953125,0.3803412914276123,6.226382732391357,151519.671875,2.1229138374328613,634.5009155273438,63.583805084228516,404.5691131496608,-84.20602950425224,0.38016408681869507,0.041698758
14,1,-1.1220138890465852,47.977205209292535,1.1893466711044312,1.9549717903137207,-301.4996337890625,229.6576690673828,0.4078121781349182,5.958179950714111,129855.796875,2.031191825866699,488.89239501953125,36.91460418701172,226.3243858068871,303.999163740523,0.41091009974479675,0.00367734
14,1,-1.315865421160993,47.972255517991094,1.1938109397888184,1.9898184537887573,-328.37445068359375,-119.29205322265625,0.3143821954727173,2.6390891075134277,104574.0390625,2.0334901809692383,506.40020751953125,24.469589233398438,-117.59394057717613,327.4185684322575,0.3146438002586365,0.0043627857
14,1,-1.0613601789292044,48.594179412000194,1.1189589500427246,1.981312870979309,-303.2279357910156,118.13652038574219,0.38010096549987793,6.2282395362854,151519.671875,2.116515874862671,550.60009765625,47.805206298828125,114.01226727683078,301.98562718441843,0.38016408681869507,0.006581187
14,1,-1.0825531997140703,43.0029912604366,1.125001311302185,1.9931617975234985,-409.9383239746094,-40.50773239135742,0.4116557538509369,5.949192523956299,129855.796875,2.0416364669799805,506.7588806152344,41.903194427490234,-43.504031236437896,412.85904522215014,0.41091009974479675,0.09316934
14,1,-1.2052619320848659,45.015674472523244,1.1873689889907837,1.8777896165847778,-210.18946838378906,-285.3644714355469,0.35517430305480957,1.6052331924438477,114777.8828125,1.994603157043457,470.9521484375,29.357114791870117,-284.15849583538665,205.33284795270083,0.35270455479621887,0.0057930597
14,1,-0.9248406778334585,32.49086859494565,1.1875110864639282,1.995420217514038,-346.9653015136719,128.77774047851562,0.3122060298919678,2.6388893127441406,104574.0390625,2.0161802768707275,701.173828125,83.36514282226562,130.93355572434683,345.47842903725694,0.3146438002586365,0.78453815
14,1,-0.9828610860485316,44.77436987726759,1.1231619119644165,1.938909888267517,133.91107177734375,334.5088806152344,0.36251845955848694,4.416051864624023,143379.546875,2.0198097229003906,505.2909851074219,52.56293869018555,333.879242877191,-128.89889461461806,0.36257120966911316,0.020216107
14,1,-1.1458054567544118,46.05063731736602,1.0867613554000854,1.8799985647201538,-130.03085327148438,331.9985046386719,0.4319152235984802,6.047994613647461,116995.6171875,2.006558418273926,472.00531005859375,33.73961639404297,327.6462233292046,130.82478069607407,0.4332940876483917,0.010820766
14,1,-1.1531588918637916,44.50415818031571,1.1150773763656616,1.8383116722106934,184.03916931152344,-334.3853454589844,0.4147260785102844,5.556900501251221,149986.234375,1.975817322731018,455.1348571777344,31.98746681213379,-337.48998085736616,-181.02510807038453,0.4167483448982239,0.00864225
14,1,-0.9608721959186426,49.664988923455006,1.1339713335037231,1.8848488330841064,259.4704284667969,-207.18980407714844,0.4941249191761017,5.62794303894043,102761.3515625,1.991786241531372,485.5051574707031,53.12767791748047,-213.62732530599897,-256.9490177478679,0.4918418526649475,0.0026112315
14,1,-1.2577970923227755,34.42434585055468,0.9163058400154114,1.82032310962677,114.76155090332031,-344.880615234375,0.31060537695884705,0.30820298194885254,103254.6328125,1.8927241563796997,429.166015625,23.704259872436523,-347.9397510605626,-119.52793411627617,0.3127274513244629,0.77786607
14,1,-0.5177484020954168,43.95385038073762,1.180100679397583,1.8320049047470093,-123.51602935791016,367.8524169921875,0.21317994594573975,2.8582005500793457,118934.7265625,1.9244321584701538,398.9797668457031,121.11616516113281,366.19031238062627,124.58889323071838,0.2140662968158722,0.0016542248
14,1,-1.17810387316487,39.66111491844265,1.1076487302780151,2.0754692554473877,186.0889434814453,366.9250183105469,0.28861597180366516,0.03173258155584335,143136.71875,2.081456422805786,617.9552001953125,41.006439208984375,364.7607229141196,-187.36608432464269,0.2855410873889923,0.51438296
14,1,-1.2096024083912895,42.94291201925757,1.1178473234176636,2.0762736797332764,159.80511474609375,348.67510986328125,0.28674471378326416,0.03123064525425434,143136.71875,2.1283953189849854,660.7376098632812,40.7779655456543,345.28308594352853,-160.20731891226,0.2855410873889923,0.20189388
14,1,-1.401977305010028,29.25911178414203,1.1887445449829102,2.0198373794555664,105.34341430664062,-317.8662414550781,0.27562257647514343,5.360031604766846,156763.515625,2.042180061340332,894.4771728515625,35.44791793823242,-319.02581477482977,-104.29789179320093,0.27667349576950073,0.8653806
14,1,-1.1969366077393837,36.10599937342734,1.048245906829834,1.84169602394104,325.3851013183594,-238.6448211669922,0.2438652515411377,0.4466042220592499,153683.4375,1.8938096761703491,428.15386962890625,27.205810546875,-241.25113068468764,-327.88865308356395,0.24084442853927612,0.36811566
14,1,-1.0860830895843736,49.56541242333723,1.172831654548645,1.8800098896026611,49.611507415771484,-363.8881530761719,0.4567253887653351,5.936609745025635,123784.484375,1.9980872869491577,442.16107177734375,36.26571273803711,-368.8124268919019,-46.97199488191435,0.4573763310909271,0.0013263659
14,1,-0.9467386629651152,45.26635786790332,1.094496250152588,1.9036632776260376,-107.84371185302734,-388.3480529785156,0.4262428283691406,1.4791754484176636,142163.03125,2.002169132232666,496.7747497558594,56.15909194946289,-388.7087500766217,101.85919914913563,0.4226955771446228,0.030474402
14,1,-1.4433016552300946,45.95015472280402,1.1927169561386108,1.9993221759796143,-349.02203369140625,178.90042114257812,0.3159467279911041,0.21016813814640045,131715.234375,2.1082303524017334,607.2216796875,21.87981414794922,176.36950134857528,347.09729726634015,0.31787312030792236,0.01573045
14,1,-1.142047419378378,36.39557211843377,1.143202781677246,1.9455007314682007,-348.77325439453125,66.34065246582031,0.41714322566986084,1.4735825061798096,142163.03125,2.0459866523742676,647.1727294921875,46.66291427612305,64.41933270891037,346.77500648101574,0.4226955771446228,0.5931361
14,1,-0.9829448143473727,40.536588278001496,1.1125926971435547,1.8727174997329712,227.7161865234375,-319.10565185546875,0.24272559583187103,0.4739404618740082,153683.4375,1.9163328409194946,398.9586486816406,41.49368667602539,-322.89104045441877,-230.795772717074,0.24084442853927612,0.04843641
14,1,-1.38374083839725,36.70459958414124,1.158089518547058,1.9356924295425415,-373.84613037109375,108.11809539794922,0.46048662066459656,5.9495062828063965,123784.484375,2.040574073791504,644.4297485351562,26.633798599243164,103.67983935509156,375.35123646809285,0.4573763310909271,0.46292832
14,1,-1.3968289037362425,44.23211606155273,1.1490142345428467,2.0646615028381348,176.36595153808594,-278.62353515625,0.32136672735214233,0.21166029572486877,131715.234375,2.0668485164642334,567.1809692382812,22.745256423950195,-282.7298997094061,-176.0774940879508,0.31787312030792236,0.103266716
14,1,-1.1483230610432429,46.209101637935234,1.172791838645935,1.8359274864196777,411.08868408203125,69.84784698486328,0.27165526151657104,1.4005988836288452,122812.8828125,1.928484320640564,389.9820556640625,27.7153263092041,68.52349244250266,-412.08037606767954,0.27233344316482544,0.0014524332
14,1,-1.6573027479441091,49.61751373086465,1.1915215253829956,1.8272565603256226,391.1592712402344,-144.38755798339844,0.5224475860595703,1.9661685228347778,145697.65625,1.9743355512619019,379.45361328125,8.353158950805664,-142.15847024853392,-393.79704980017726,0.5202627778053284,0.0014299096
14,1,-1.04110179886781,32.317777535745286,1.1254571676254272,1.81130051612854,-338.10198974609375,13.292962074279785,0.3262825608253479,3.304047107696533,120574.1328125,1.9143562316894531,527.7338256835938,48.00784683227539,14.907848977376762,340.0211644825059,0.32549405097961426,0.5812737
14,1,-1.060312935976207,41.74896050496822,1.1772562265396118,1.9330774545669556,414.8949890136719,-0.8475826978683472,0.4377020299434662,1.1784942150115967,151382.140625,2.050978899002075,587.2766723632812,51.11271667480469,-1.9823492271519763,-420.26072039483796,0.43787074089050293,0.094138674
14,1,-1.1884804072205417,27.125550984972772,1.1876877546310425,1.8307470083236694,-181.22988891601562,-272.8140869140625,0.41505682468414307,5.96848201751709,137652.921875,1.9335962533950806,751.8580932617188,48.714088439941406,-277.14957967765804,183.1833114207439,0.4172980785369873,0.84932756
14,1,-1.1542231464215795,45.024348849442916,1.165305256843567,1.9312690496444702,-284.7589416503906,232.62939453125,0.5104289054870605,4.77766227722168,140056.515625,2.0725769996643066,596.0370483398438,41.787757873535156,232.20487316808857,291.16873450350107,0.5134727358818054,0.026932599
14,1,-1.1803892501415862,28.786939051695256,1.1977741718292236,2.0040295124053955,-114.41594696044922,-341.1213684082031,0.3582342267036438,3.14058518409729,150910.40625,2.1048972606658936,914.141845703125,60.34254455566406,-338.01959528727133,113.76083691866472,0.35737144947052,0.8860783
14,1,-1.0199599762873297,42.10408774130874,1.1181179285049438,1.9573097229003906,-14.373515129089355,-352.12322998046875,0.5165406465530396,4.7752838134765625,140056.515625,2.081929922103882,595.3322143554688,56.858924865722656,-353.5854170579282,19.61775607689193,0.5134727358818054,0.18975127
14,1,-1.2851630741978992,44.54065713204154,1.1524242162704468,1.9555376768112183,358.6859436035156,215.46475219726562,0.46396034955978394,2.620565414428711,115630.8671875,2.050609588623047,501.3302917480469,25.99915313720703,218.73564687170517,-359.90470924493735,0.4665602147579193,0.047524
14,1,-1.033127761552505,43.049922362807095,1.1439602375030518,1.9954159259796143,-49.750709533691406,352.03515625,0.5165490508079529,4.784606456756592,140056.515625,2.1237330436706543,626.5828857421875,58.05638885498047,350.47874829226754,56.422267238998344,0.5134727358818054,0.15602438
14,1,-0.908622154567122,47.81618766920503,1.1925853490829468,1.8997946977615356,-106.59595489501953,-359.4369201660156,0.3734544813632965,1.8154245615005493,127794.59375,1.9889777898788452,463.63287353515625,57.220455169677734,-356.23974372861744,99.80604415163445,0.37262624502182007,0.0025860781
14,1,-1.052921280471793,49.689711155956665,1.199657678604126,1.9866256713867188,289.3062744140625,-238.24803161621094,0.3599327504634857,3.3784947395324707,139143.21875,2.0831549167633057,556.83203125,49.29490661621094,-236.97111568208985,-289.1769928219384,0.3583836853504181,0.002499715
14,1,-1.227096808879993,34.45996680196043,1.1479642391204834,1.963226556777954,131.85623168945312,354.20068359375,0.3410482704639435,1.1661595106124878,120388.9921875,2.0264270305633545,650.0284423828125,38.53314208984375,352.2557071936394,-134.22918178012105,0.34397685527801514,0.7079085
14,1,-1.3905163905150035,37.7864014814088,1.1751846075057983,1.9185690879821777,-376.830078125,142.61215209960938,0.39866599440574646,2.357010841369629,107944.296875,2.0040268898010254,562.0629272460938,22.870025634765625,144.7551656691976,375.0239628971715,0.3916986286640167,0.28189644
14,1,-1.159828656602116,46.28000797184736,1.169979214668274,2.0128626823425293,358.6365966796875,114.90267181396484,0.3439891040325165,1.16314697265625,120388.9921875,2.1067726612091064,617.65966796875,42.74837112426758,113.30178503205278,-360.3103206086679,0.34397685527801514,0.021264542
14,1,-1.176063591920204,42.87346442286755,1.1380451917648315,1.9934972524642944,207.99229431152344,-260.6072998046875,0.41950368881225586,0.9229986071586609,130422.5625,2.096825122833252,619.5093994140625,41.303157806396484,-263.58472645995334,-211.40439343345975,0.41833263635635376,0.14670186
14,1,-1.1241782701695169,47.39453532394467,1.1541039943695068,1.9906419515609741,110.28852081298828,-341.43609619140625,0.42408210039138794,2.6640796661376953,159745.859375,2.0574793815612793,518.6007080078125,38.96311950683594,-338.9657617636433,-110.53231411186668,0.42456984519958496,0.016623966
14,1,-1.6632125344522413,45.83075297403121,1.1592721939086914,1.9345340728759766,387.57061767578125,33.218990325927734,0.3924737870693207,2.35333514213562,107944.296875,2.034881591796875,504.4241943359375,10.954168319702148,35.034597983695406,-390.25422594048734,0.3916986286640167,0.013051748
14,1,-1.0002632155429987,41.216239935473325,1.1819545030593872,2.104710817337036,319.1584777832031,-169.50796508789062,0.20149683952331543,4.793698787689209,157836.59375,2.0682499408721924,645.2001953125,64.48082733154297,-171.50968192523686,-318.2340729935985,0.20264634490013123,0.13097847
14,1,-1.5724634855975865,26.739222751482192,1.1551333665847778,1.9913668632507324,-279.8642272949219,236.25735473632812,0.34111708402633667,1.0524787902832031,121602.9453125,2.1181135177612305,1057.3233642578125,28.297157287597656,234.7681275555063,276.56212255981393,0.3400886356830597,0.913383
14,1,-1.04839517190459,29.927899164355388,1.167574167251587,1.9504201412200928,132.0390167236328,371.0326232910156,0.34015950560569763,1.0333292484283447,121602.9453125,2.012596607208252,730.5678100585938,65.35287475585938,368.8060794570152,-135.8317258490185,0.3400886356830597,0.8661837
14,1,-1.0383113808072884,43.58577624540708,1.147928237915039,2.006042718887329,293.3434143066406,284.77734375,0.3162311911582947,1.2866066694259644,108528.34375,2.0575220584869385,543.377197265625,49.749549865722656,285.7137135500201,-294.5163522145986,0.3190288841724396,0.06270316
14,1,-1.2564355902915914,46.2562080032033,1.1689057350158691,2.0089681148529053,203.2078857421875,261.4117431640625,0.33934155106544495,1.038177251815796,121602.9453125,2.05570387840271,535.4859008789062,29.669551849365234,261.80133718372696,-205.59298029140376,0.3400886356830597,0.02046365
14,1,-0.7860339380893356,45.968959836680284,1.1248650550842285,2.0323398113250732,-353.5884704589844,-211.8625030517578,0.2622448801994324,2.681896924972534,136111.28125,2.0352120399475098,488.45526123046875,79.94481658935547,-211.2593917156484,353.81466204882884,0.2642965316772461,0.023773808
14,1,-1.2632778008139403,42.24093646341208,1.0880969762802124,2.0250487327575684,165.3096160888672,352.0931701660156,0.4947112202644348,2.444671869277954,139811.71875,2.159391403198242,694.659423828125,37.88724136352539,355.5089621444965,-169.1048198669879,0.4933962821960449,0.3892281
14,1,-1.1560602967529197,41.78210246252456,1.1720260381698608,2.0026674270629883,-330.1832275390625,141.37460327148438,0.31726184487342834,6.2254509925842285,155098.84375,2.086087703704834,620.2116088867188,43.299072265625,137.44104527762548,330.5082243228259,0.3205702602863312,0.061522588
14,1,-0.9013982140225143,40.47798966970308,1.155534267425537,1.805642008781433,322.03607177734375,213.3717803955078,0.48386722803115845,2.168320655822754,141555.984375,1.954200267791748,505.0797119140625,63.381282806396484,214.89683005792872,-327.48059877010155,0.4794319272041321,0.054631446
14,1,-0.9737145059379237,38.8516615973532,1.1249510049819946,1.869796633720398,-297.9765625,-261.3737487792969,0.4046378433704376,0.5276259183883667,106952.1875,1.9077767133712769,448.0199279785156,47.59725570678711,-265.65697011773995,296.17402592576326,0.41082969307899475,0.21651301
14,1,-1.1880499881148225,41.24217728996158,1.1690959930419922,1.9280927181243896,225.8584442138672,290.1937561035156,0.4924674332141876,2.8057332038879395,119136.484375,2.1152405738830566,648.2216186523438,42.04094696044922,293.95270004895025,-228.1154285732643,0.49062687158584595,0.13751516
14,1,-1.1728112188398605,36.68450658815766,1.1720889806747437,1.879638671875,10.370746612548828,-401.7543029785156,0.3150823712348938,2.5652236938476562,106630.96875,1.966409683227539,545.8381958007812,36.66498565673828,-399.6950825893711,-10.230007121364041,0.3128484785556793,0.19956955
14,1,-1.3717002727270633,41.65687944105341,1.1631919145584106,2.0349485874176025,16.561880111694336,-356.2769470214844,0.3231601417064667,6.227144718170166,155098.84375,2.0817182064056396,609.2194213867188,25.88640785217285,-359.21653560802133,-16.46712214443128,0.3205702602863312,0.10581228
14,1,-0.8427681258878099,43.32783456482122,1.0677348375320435,1.810325264930725,-235.4374542236328,258.5654602050781,0.18170194327831268,3.495142698287964,102831.953125,1.8480095863342285,346.1846923828125,49.72088623046875,259.44820344249194,234.3196487297807,0.18431775271892548,0.004206496
14,1,-0.5736139682251387,44.41460561287918,1.0585014820098877,1.867154836654663,-294.42156982421875,281.504150390625,0.18680141866207123,3.5185821056365967,102831.953125,1.8677319288253784,379.87200927734375,101.396484375,284.48530828301557,293.6056577076452,0.18431775271892548,0.0064018043
14,1,-0.7844276076703945,39.36932529492383,1.0747214555740356,1.810325264930725,348.76727294921875,85.14669036865234,0.1809481978416443,3.5130374431610107,102831.953125,1.8497263193130493,346.4605407714844,56.914825439453125,85.21808331740105,-346.08277651896617,0.18431775271892548,0.024567124
14,1,-1.0296097293876294,46.29650292835924,1.1896132230758667,1.9377436637878418,-383.80792236328125,105.73897552490234,0.40440887212753296,6.003869533538818,145050.203125,1.9912067651748657,444.8637390136719,41.554325103759766,101.1230448219427,387.25717262264016,0.40526658296585083,0.0057016728
14,1,-1.1754282429279337,32.1779294790354,1.1899372339248657,1.9018255472183228,-13.389795303344727,-331.3048400878906,0.47656434774398804,3.528973340988159,142478.1875,2.0054471492767334,704.1736450195312,47.01653289794922,-330.1373123536222,14.984412678016675,0.47974854707717896,0.77428323
14,1,-1.3097735588249524,40.4589805163173,1.0682893991470337,2.103395938873291,-368.09478759765625,-73.15950012207031,0.35626792907714844,3.9754984378814697,150692.859375,2.215989589691162,870.2257690429688,42.643943786621094,-70.24671998078286,370.4227728484254,0.3607187867164612,0.5774478
14,1,-0.8513172461502254,43.16440152019663,1.1075788736343384,1.9377436637878418,-4.343541145324707,350.6734924316406,0.4061221182346344,3.412586212158203,133818.359375,1.993543028831482,491.00885009765625,69.14669799804688,352.25534490946933,4.640496448622497,0.40778130292892456,0.069332406
14,1,-1.3338051500717552,30.19244743629408,1.0901271104812622,2.0687355995178223,390.86431884765625,-153.14820861816406,0.36418941617012024,4.008482456207275,150692.859375,2.1461551189422607,918.6908569335938,42.59545135498047,-151.14700073254417,-387.3076446930339,0.3607187867164612,0.9055596
14,1,-1.1598101339762874,44.78747786053914,1.172438621520996,1.8061779737472534,302.0316162109375,153.55511474609375,0.3851665258407593,1.587213397026062,129011.9140625,1.921905279159546,412.45068359375,28.546993255615234,156.20634808228726,-303.46506523909034,0.3865361213684082,0.003668028
14,1,-0.761322727182506,41.70089929244345,1.0873241424560547,1.8527214527130127,332.64404296875,213.0113525390625,0.303453654050827,4.258929252624512,108509.703125,1.9401201009750366,434.2480773925781,75.23407745361328,215.8667179617203,-330.4750693994737,0.3067134916782379,0.027051013
14,1,-1.122571646845633,42.9439849253578,1.0668717622756958,2.0213353633880615,-132.79885864257812,-370.2651062011719,0.33247441053390503,4.412496566772461,145784.546875,2.079739570617676,595.747314453125,44.92514419555664,-369.67835391109406,135.83311854168758,0.3366048336029053,0.15763581
14,1,-1.0728400384382595,43.143076515566435,1.1663867235183716,1.8311389684677124,-320.43023681640625,-59.32215118408203,0.3073180019855499,4.2528581619262695,108509.703125,1.915592908859253,422.1674499511719,35.697967529296875,-60.179543325614496,323.0274403192625,0.3067134916782379,0.004391046
14,1,-1.0660271283097622,41.731309244557416,1.1307250261306763,1.9820255041122437,237.7311248779297,277.6311950683594,0.4232441186904907,0.8200657963752747,154098.109375,2.1377782821655273,703.5740356445312,60.434085845947266,274.73713241539105,-240.2531036197951,0.42303934693336487,0.21595311
14,1,-1.7830193004950436,31.59344635568145,1.1905032396316528,1.8124743700027466,-323.1486511230469,-112.14575958251953,0.2403889298439026,0.6445679664611816,122485.3515625,1.8938804864883423,614.7041625976562,10.130772590637207,-115.26167140219425,321.32988253608914,0.23822633922100067,0.46130118
14,1,-1.0634397140891476,46.85225746010582,1.116166353225708,1.8505494594573975,328.34912109375,-153.1168212890625,0.4697037637233734,1.5250523090362549,122254.265625,2.0075504779815674,457.55657958984375,39.537025451660156,-154.685307566314,-331.89745814809373,0.46908140182495117,0.008802218
14,1,-1.092255274196556,44.88656551889368,1.1160732507705688,1.8693780899047852,230.0394744873047,301.8514404296875,0.46695223450660706,1.533395528793335,122254.265625,1.9987590312957764,469.5562744140625,37.969181060791016,301.51616284649987,-233.6207202713173,0.46908140182495117,0.024595544
14,1,-0.9398319450912699,44.61165386033881,1.1844239234924316,2.104710817337036,-297.3230285644531,-213.0334930419922,0.20102179050445557,6.194336891174316,140860.609375,2.0694420337677,584.1502075195312,67.09527587890625,-215.89072395816495,297.11312906713215,0.20249702036380768,0.025384946
14,1,-1.043394071121511,45.41134309009413,1.1624666452407837,2.0042731761932373,-321.9696044921875,-172.66526794433594,0.2014763206243515,6.198950290679932,140860.609375,2.0041918754577637,473.1099853515625,42.81214904785156,-174.16105280772666,321.5368810298354,0.20249702036380768,0.0063792407
14,1,-1.1953734701231995,41.477162018003305,1.1304304599761963,1.8513109683990479,366.1291198730469,75.49983978271484,0.4182615280151367,2.7740445137023926,103795.6484375,1.9362845420837402,434.9322814941406,27.736177444458008,78.98473816018588,-366.09224566812173,0.41578856110572815,0.048134647
14,1,-0.6950101467267343,47.516841536968315,1.197763442993164,1.837903618812561,73.06675720214844,335.4505310058594,0.4497382342815399,5.9978814125061035,110742.921875,1.848122239112854,302.32952880859375,61.019649505615234,333.2397154783525,-70.80652246020774,0.44741660356521606,0.0012463145
14,1,-1.0495649648140066,33.000940762745756,1.1897449493408203,1.84549880027771,25.880020141601562,355.3533020019531,0.2889794111251831,3.3481948375701904,148214.09375,1.8798054456710815,569.7046508789062,50.825767517089844,358.84257864175555,-25.499304819484497,0.29135406017303467,0.39614213
14,1,-0.9892473601889349,48.02180516248945,1.1421303749084473,1.9341559410095215,-47.1732177734375,-333.4818115234375,0.47045037150382996,2.2887909412384033,125302.6953125,2.0899336338043213,592.617431640625,60.74721145629883,-331.21773291525477,43.53556433552534,0.4696430265903473,0.010451746
14,1,-1.0637084718058107,44.69858313850012,1.186123251914978,1.9301267862319946,49.344966888427734,356.52301025390625,0.47165045142173767,2.293339490890503,125302.6953125,2.0946691036224365,606.8526000976562,52.40514373779297,358.9297471029737,-50.54133718580693,0.4696430265903473,0.025579229
14,1,-1.0131768911594796,40.41972781130969,1.1483283042907715,2.007599353790283,310.3255920410156,135.10057067871094,0.24801164865493774,4.977962493896484,116838.5390625,2.0305962562561035,565.3838500976562,54.8486213684082,134.27871780920998,-307.1661039845955,0.2465973049402237,0.111015916
14,1,-0.7934876468083194,49.27014289172164,1.1653865575790405,1.9212756156921387,-91.29704284667969,361.8802490234375,0.46896684169769287,2.2787020206451416,125302.6953125,2.0801877975463867,515.7084350585938,82.96903991699219,365.2970521544705,89.60421208016925,0.4696430265903473,0.004342516
14,1,-0.992724376472364,46.02952324842219,1.0630122423171997,1.8303393125534058,281.7027282714844,231.97811889648438,0.29609444737434387,3.030595064163208,147117.140625,1.9217675924301147,398.0921630859375,40.48164749145508,229.5748851156579,-283.2008371749494,0.2993120551109314,0.0043456177
14,1,-1.4886215172001118,40.83821498824579,0.9720773100852966,1.9144045114517212,-348.31817626953125,84.62312316894531,0.48237037658691406,0.37909528613090515,100072.453125,2.044034004211426,558.7369384765625,18.137752532958984,79.23305659539638,346.1478020914299,0.4804460108280182,0.51769185
14,1,-0.7428731739174764,37.02277831702335,1.005642056465149,1.9832168817520142,386.42889404296875,65.30880737304688,0.3502071499824524,0.12208972871303558,147476.34375,2.0561115741729736,626.2864379882812,113.21382141113281,60.61199356689967,-388.33697153959577,0.35143497586250305,0.7623427
14,1,-0.9646898932479606,40.517651982096396,1.0490916967391968,1.9782642126083374,170.9628448486328,-290.40423583984375,0.3672303557395935,1.77945077419281,136114.25,2.051286220550537,572.4091186523438,62.08918380737305,-290.33410964057026,-174.55028276470452,0.36828383803367615,0.38279146
14,1,-1.3693677105881596,43.04743706645883,1.0592281818389893,1.9727404117584229,372.02716064453125,7.726858139038086,0.475076824426651,5.104519367218018,120284.125,2.089411973953247,589.8710327148438,25.199251174926758,4.314710221008317,-365.45184953773156,0.47268956899642944,0.19366448
14,1,-0.9959827304458022,45.78345139692797,1.191655158996582,1.8533157110214233,401.1655578613281,120.66206359863281,0.5150670409202576,4.466158866882324,117469.5859375,1.989345908164978,442.7100830078125,44.68231964111328,120.38308008315049,-397.2766688628624,0.5140170454978943,0.005955643
14,1,-1.06691694192525,46.94990539626601,1.1899161338806152,1.968711256980896,285.5050354003906,156.12086486816406,0.4742330014705658,5.11074686050415,120284.125,2.1002259254455566,587.1783447265625,50.33293151855469,151.8998592464885,-281.5889109608638,0.47268956899642944,0.0111085065
14,1,-1.9963639985495363,30.937464148417334,1.0987968444824219,1.9832614660263062,297.1834411621094,-217.41078186035156,0.4833359122276306,0.3622701168060303,100072.453125,2.063465118408203,758.07470703125,7.644381046295166,-223.01736231676634,-299.2164055298144,0.4804460108280182,0.90067697
14,1,-0.9910593987859384,40.91772133727818,1.0933600664138794,1.9758154153823853,164.2761688232422,340.1337585449219,0.35222411155700684,0.1191636249423027,147476.34375,2.0937418937683105,627.7373046875,64.07931518554688,336.816676146241,-164.14504165861757,0.35143497586250305,0.26891968
14,1,-0.8958703826374352,41.509376609412996,1.1373080015182495,2.027479887008667,316.07861328125,-269.9382019042969,0.19029401242733002,2.7321813106536865,151433.78125,2.095616579055786,596.6796264648438,75.83509826660156,-270.68311862176984,-315.13726772662636,0.18887725472450256,0.08647599
14,1,-0.8063739149346245,46.588756208116855,1.1528105735778809,1.8064460754394531,-114.21529388427734,-376.8746337890625,0.1995043158531189,4.4398956298828125,142960.28125,1.8109126091003418,303.28717041015625,47.36736297607422,-379.3424827325233,116.92406408124336,0.1979241818189621,0.00043036585
14,1,-0.8110167604971651,42.78404279416386,1.1528226137161255,1.960953950881958,-325.5202331542969,-74.82173919677734,0.4723531901836395,5.105862617492676,120284.125,2.1054186820983887,639.7008666992188,98.84614562988281,-73.66495348128443,330.409218091968,0.47268956899642944,0.086072914
14,1,-1.3374353800044223,39.91676270490995,1.0965418815612793,1.9254027605056763,-322.8466491699219,-182.278564453125,0.2412910759449005,0.10048046708106995,109882.65625,1.9942457675933838,523.62841796875,24.076093673706055,-185.3126404629402,321.44317016122096,0.24300988018512726,0.1405441
14,1,-1.197383853642484,36.74420872773221,1.0068613290786743,1.9107105731964111,-345.5711669921875,-229.08021545410156,0.24452394247055054,0.09717468172311783,109882.65625,1.949815273284912,459.38232421875,29.16009521484375,-231.20460280323087,344.5174276183004,0.24300988018512726,0.5680265
14,1,-1.3023235568913758,40.1662438237429,1.1947686672210693,1.8024482727050781,303.5788269042969,-191.7899932861328,0.42611271142959595,5.315567970275879,109487.9296875,1.9042960405349731,433.87493896484375,21.629127502441406,-193.33069280310346,-299.20999663843963,0.42163896560668945,0.017930975
14,1,-0.9629043453752357,45.2506745259494,1.1317411661148071,2.0450973510742188,48.74754333496094,-380.12542724609375,0.2360829859972,3.839107036590576,154282.828125,2.0344150066375732,529.2723999023438,57.64665985107422,-380.6076660066375,-48.31650194133773,0.23688973486423492,0.02598626
14,1,-1.1698656860173355,42.70387003811894,1.1902844905853271,1.9931617975234985,-2.123629331588745,404.18621826171875,0.41042208671569824,1.9511317014694214,123287.9921875,2.0392401218414307,535.3076782226562,36.202335357666016,405.91819814127456,-1.0246117061955287,0.4107731282711029,0.08569854
14,1,-0.9931956276495681,42.380449591945826,1.1672419309616089,2.0329456329345703,-352.8854675292969,-145.61483764648438,0.25559574365615845,3.134061813354492,156868.859375,2.0381155014038086,548.0341796875,55.66872024536133,-145.95455280332823,351.6381628803845,0.25645285844802856,0.06733228
14,1,-0.9808658582837332,41.86403720135503,1.1065986156463623,1.9972014427185059,-163.41983032226562,-316.7185974121094,0.32636356353759766,5.137351989746094,115984.65625,2.073986053466797,568.2037353515625,59.37963104248047,-318.26183706677915,168.02549467967683,0.32673606276512146,0.122355446
14,1,-1.0597630242528036,43.68228809771405,1.1573377847671509,1.9392938613891602,-67.58570861816406,352.2781066894531,0.21576911211013794,1.3906060457229614,110874.8671875,1.9918391704559326,491.8405456542969,42.860801696777344,351.19947763206613,66.47247347490985,0.21240434050559998,0.012472715
14,1,-1.0538793917257052,48.8533207713963,1.1538140773773193,1.9314416646957397,302.48260498046875,160.65769958496094,0.27873456478118896,4.551312446594238,114629.90625,1.9831169843673706,424.0154724121094,37.454254150390625,163.1312931534658,-298.87699027260163,0.28223150968551636,0.0014438871
14,1,-1.2060537237789155,48.59270259578582,1.184496283531189,1.8725454807281494,47.405826568603516,-390.750244140625,0.5234520435333252,3.01902437210083,115008.984375,1.9863680601119995,400.2070617675781,24.901716232299805,-387.5800980513246,-48.18662665497027,0.5295906066894531,0.0033383262
14,1,-0.6249609013522308,32.47270083876432,1.0807831287384033,1.8261395692825317,-22.584001541137695,-410.6185302734375,0.4055268466472626,2.6606717109680176,132174.578125,1.849848747253418,471.9206848144531,111.92000579833984,-409.2632450261962,16.298812416603436,0.3973930776119232,0.75260824
14,1,-0.9585399971368913,43.62757059681028,1.0992302894592285,1.9238771200180054,322.2049560546875,-117.90705871582031,0.27938714623451233,3.483393669128418,151812.9375,1.9317092895507812,425.3955383300781,46.800662994384766,-116.22387788304087,-323.2461276516205,0.2817539870738983,0.022964785
14,1,-1.0395537710634641,46.33248939127065,1.1993718147277832,1.9252833127975464,-328.0672912597656,-200.93051147460938,0.24540729820728302,2.234910249710083,127900.2109375,1.934823989868164,421.54119873046875,38.48443603515625,-200.2535702597123,326.3530850474176,0.2648574709892273,0.0023735715
14,1,-0.900091194367749,48.28838545766521,1.1707175970077515,2.0477864742279053,278.9015808105469,-273.3581237792969,0.29149723052978516,2.6560022830963135,134769.546875,2.060579776763916,534.0884399414062,67.2235336303711,-272.0667714578147,-279.23695289302844,0.31029316782951355,0.008409104
14,1,-1.1770474141192886,39.707491239956816,1.1639329195022583,2.014357805252075,319.72735595703125,-225.61502075195312,0.41887736320495605,1.3923348188400269,144047.28125,2.062675952911377,651.2923583984375,43.32390213012695,-226.76382918267242,-323.5234668466757,0.4206937849521637,0.38885042
14,1,-0.8732588073004255,46.86725202208074,1.1545296907424927,1.844435691833496,175.01730346679688,-330.7742614746094,0.26338163018226624,2.227376699447632,127900.2109375,1.8997564315795898,372.5205993652344,49.875885009765625,-327.426059672039,-176.3769227434383,0.2648574709892273,0.0012766777
14,1,-1.0260193576975483,46.35014783770743,1.193576455116272,1.8453574180603027,114.93523406982422,370.93841552734375,0.46096447110176086,4.576596736907959,106788.1484375,2.006915807723999,463.95245361328125,43.69715118408203,370.0497406233199,-110.48171578271155,0.4597962200641632,0.002855152
14,1,-1.0521428511556281,43.57040390661538,1.1998640298843384,1.9752172231674194,414.1971435546875,27.3492374420166,0.3076011538505554,2.646646022796631,134769.546875,2.0156338214874268,529.7237548828125,46.97920608520508,28.67138546187257,-415.0104937724096,0.31029316782951355,0.02070049
14,1,-1.206017956115417,32.00054979108882,1.105029582977295,1.8143337965011597,-227.27308654785156,324.24114990234375,0.4681151807308197,6.254443168640137,109768.6796875,1.977020025253296,593.7752075195312,36.94902038574219,319.2048044162691,227.44985126325554,0.4615038335323334,0.720399
14,1,-1.2584118399843967,40.3201587557847,1.073441505432129,1.994683027267456,-29.768110275268555,-362.1289367675781,0.46457335352897644,6.239493370056152,109768.6796875,2.071326494216919,594.6344604492188,32.797210693359375,-368.925381984205,30.423846825555426,0.4615038335323334,0.41244212
14,1,-1.4334945960801955,43.97424699929022,1.1897215843200684,1.850098967552185,-203.14796447753906,291.7197265625,0.3995078504085541,4.601107120513916,151311.046875,1.9648441076278687,497.720458984375,18.343767166137695,293.02197309693275,207.7491456229877,0.40044376254081726,0.005597288
14,1,-0.6398107706711031,37.31398578831245,0.9877238273620605,1.818031907081604,-69.12984466552734,334.795166015625,0.3229307234287262,2.3831686973571777,131228.5,1.8983652591705322,416.83233642578125,95.53228759765625,336.2229497958749,68.37873368310703,0.3263281285762787,0.37434497
14,1,-1.0576270051779793,46.531100694041406,1.1539252996444702,2.048541784286499,101.22093200683594,342.53900146484375,0.3151271641254425,2.104006290435791,139211.0,2.061126708984375,534.4982299804688,46.80781173706055,342.705907567748,-105.73719126966904,0.31675252318382263,0.025403667
14,1,-1.412373804298991,43.269335765246616,1.1594096422195435,1.8416565656661987,230.05836486816406,-342.70849609375,0.5035976767539978,2.4793701171875,105854.5546875,1.9873496294021606,505.9905700683594,19.577913284301758,-340.0618749993721,-231.0595462203901,0.5026968717575073,0.025564965
14,1,-1.0272532226844149,43.42751945613276,1.169063925743103,1.8151955604553223,288.9443054199219,-191.233642578125,0.43848511576652527,5.898130893707275,107022.015625,1.9386720657348633,465.43902587890625,43.71279525756836,-192.80845331324124,-289.324872331373,0.4414217174053192,0.00640749
14,1,-1.0146564701182683,43.30711262946643,1.1922321319580078,1.8640201091766357,261.9767150878906,224.17794799804688,0.31716388463974,2.3264477252960205,131228.5,1.977867841720581,478.3369140625,46.246246337890625,225.0204483124792,-259.515131289072,0.3263281285762787,0.006608374
14,1,-0.9507869622154138,37.074419167771644,1.1299909353256226,1.8720567226409912,354.82122802734375,-56.12420654296875,0.33154991269111633,2.3779847621917725,131228.5,1.9728769063949585,508.8516540527344,56.990631103515625,-53.48086053520108,-355.4333425640791,0.3263281285762787,0.24810696
14,1,-0.914985894798055,36.86463333284898,1.1326000690460205,1.8717397451400757,220.2388153076172,330.34967041015625,0.36382216215133667,5.178451061248779,117978.3359375,1.9014724493026733,394.29791259765625,47.95541763305664,328.2590896386652,-217.33622756477442,0.3652333915233612,0.2408421
14,1,-1.719504557394617,26.974738944346356,1.1693553924560547,1.8537436723709106,-155.729248046875,-288.554443359375,0.43799474835395813,1.5444093942642212,111411.921875,1.9817508459091187,748.831787109375,14.284882545471191,-288.95120523304104,151.95609510760264,0.44129514694213867,0.8889222
14,1,-0.9979460440324955,43.0650276296075,1.1925586462020874,2.0732407569885254,194.99252319335938,293.38739013671875,0.23675936460494995,1.7770425081253052,152393.21875,2.114095687866211,648.024169921875,65.1095199584961,293.61648154820165,-196.87532600561474,0.23647521436214447,0.06439547
14,1,-1.4333141011265629,46.08545343361938,1.1115009784698486,1.9851030111312866,343.4169006347656,225.0824737548828,0.4374569058418274,1.2983907461166382,132125.875,2.0838592052459717,541.8121337890625,19.977100372314453,224.66970040221062,-346.43784726956727,0.4357107877731323,0.050822984
14,1,-0.9112663347001517,45.1672784538279,1.1565080881118774,1.8559601306915283,-247.30184936523438,218.90150451660156,0.401016503572464,4.938857078552246,136381.90625,1.9351489543914795,415.7743225097656,51.002384185791016,216.03599403368816,252.2530827748693,0.4011446237564087,0.0050665876
14,1,-1.3365926374414314,49.761295494947476,1.1858179569244385,2.010326385498047,333.3377990722656,-58.993019104003906,0.43637174367904663,1.3092480897903442,132125.875,2.12284255027771,598.737548828125,27.583049774169922,-60.697241424883046,-334.9177193506384,0.4357107877731323,0.0077012996
14,1,-0.7984995945173547,45.205246470742615,1.1412841081619263,1.9553786516189575,77.22760009765625,355.77911376953125,0.3270852565765381,0.371504545211792,108806.546875,2.0093629360198975,473.5440368652344,75.31130981445312,350.88045128337234,-78.61272618600144,0.3272123634815216,0.022342507
14,1,-1.1024787368567326,45.55633887314485,1.13175368309021,1.8571940660476685,-277.1524353027344,214.54457092285156,0.23536522686481476,4.5310139656066895,105147.7421875,1.8987728357315063,389.37677001953125,30.753170013427734,212.11852612217783,277.4901964995211,0.23351119458675385,0.0019196596
14,1,-1.173294114711308,36.55464983432868,1.1271213293075562,2.0258045196533203,74.76935577392578,-406.06719970703125,0.2742317318916321,0.575667142868042,146200.359375,2.0844664573669434,709.5388793945312,47.60813522338867,-410.7399133345996,-75.99703890391481,0.2740238904953003,0.6350661
14,1,-1.0281096022608318,33.68807725161174,1.1949772834777832,1.8088759183883667,-324.302734375,-53.58790588378906,0.23540717363357544,4.555874824523926,105147.7421875,1.8181148767471313,435.888916015625,40.856876373291016,-53.999868869898606,325.5298125886762,0.23351119458675385,0.13701254
14,1,-1.1242544796053067,33.25235075581969,1.1598565578460693,2.015385627746582,402.9700622558594,63.080230712890625,0.2760566473007202,0.5720312595367432,146200.359375,2.0164899826049805,697.038330078125,52.360206604003906,59.68791987479225,-404.1810551317375,0.2740238904953003,0.79345226
14,1,-1.348000612422014,35.62603040160583,1.0781092643737793,1.8121837377548218,181.07366943359375,-316.8131103515625,0.4402241110801697,1.5532020330429077,111411.921875,1.9363185167312622,480.53167724609375,21.563507080078125,-320.22223595707413,-183.39990646115533,0.44129514694213867,0.51807135
14,1,-1.0225482296532855,40.422208390474935,0.9459386467933655,1.8717397451400757,-55.624942779541016,-406.61785888671875,0.3661050498485565,5.118118762969971,117978.3359375,1.909885287284851,425.64227294921875,40.410614013671875,-406.4764303511962,57.22324796857186,0.3652333915233612,0.27481097
14,1,-1.4987589399012435,44.12474448901044,1.1555659770965576,1.959575891494751,229.01113891601562,343.55731201171875,0.43421921133995056,1.3028675317764282,132125.875,2.1035773754119873,611.7357788085938,19.400043487548828,341.99320113000925,-233.25406204429595,0.4357107877731323,0.055534773
14,1,-0.928269513082653,39.320096585945926,1.1004791259765625,1.9022878408432007,-99.99740600585938,365.0962219238281,0.3284628987312317,0.38728922605514526,108806.546875,1.993005394935608,494.801513671875,58.366111755371094,361.1819930060345,98.7355682251133,0.3272123634815216,0.20829171
14,1,-1.154925892795879,45.87356324194787,1.1434201002120972,1.9664300680160522,363.9715881347656,46.15899658203125,0.4844675064086914,4.595208644866943,114263.6875,2.0887014865875244,590.1779174804688,41.31007766723633,48.24983652945233,-359.4096695832551,0.48678138852119446,0.030679433
14,1,-1.1081861045651458,33.70956460399236,1.1559107303619385,1.8063225746154785,228.24913024902344,-228.09140014648438,0.44304022192955017,1.5570924282073975,111411.921875,1.9625754356384277,624.2144775390625,48.657169342041016,-227.08459783291732,-232.67078894132814,0.44129514694213867,0.54353577
14,1,-1.2549894171823937,25.627907230600716,1.1965267658233643,1.8151906728744507,-36.57973098754883,318.27886962890625,0.28495705127716064,2.937420606613159,113641.0546875,1.8527917861938477,611.4187622070312,33.9897575378418,322.2557213990578,36.79929749521994,0.2847869098186493,0.8607541
14,1,-1.1781124048059972,45.72784244343061,1.1890792846679688,1.7980343103408813,-134.64779663085938,364.8411865234375,0.40911969542503357,4.5497212409973145,138095.984375,1.8647925853729248,366.7496643066406,24.336355209350586,364.5607503059156,136.91368033445193,0.41131433844566345,0.0014750157
14,1,-1.1807895788645557,45.248781502031484,1.1811935901641846,1.9617908000946045,-78.22490692138672,-396.41278076171875,0.4860133230686188,4.595379829406738,114263.6875,2.0781173706054688,570.2769165039062,37.609283447265625,-396.56302728890785,83.85838671205083,0.48678138852119446,0.026283866
14,1,-0.9259351506524215,45.42993859456724,1.0793285369873047,2.0188281536102295,305.1264953613281,252.0670623779297,0.31492602825164795,0.03128750994801521,127089.8671875,2.0820446014404297,536.7401123046875,63.65436935424805,250.68410056597153,-306.2753599225431,0.31493887305259705,0.07257771
14,1,-1.342589281573909,46.66644930938213,1.1861686706542969,1.8690688610076904,378.42950439453125,55.29486846923828,0.4576304852962494,4.580351829528809,104743.796875,1.9956629276275635,437.8180847167969,19.893089294433594,54.07770761236693,-375.0183011481821,0.4582773745059967,0.003586776
14,1,-1.3594514931182122,40.932617930288096,1.1417819261550903,2.0646615028381348,-355.5366516113281,37.57122802734375,0.3196299970149994,0.03174517676234245,127089.8671875,2.066408157348633,639.4991455078125,27.950328826904297,35.849615056348824,355.31722532549264,0.31493887305259705,0.3364733
14,1,-1.1834266505551612,32.46211099852156,1.1450791358947754,1.9144045114517212,-231.2268524169922,280.4920349121094,0.4844015836715698,0.8155477046966553,119900.125,2.045241355895996,691.3711547851562,45.3193473815918,278.3015991151453,227.80397283823734,0.48493489623069763,0.8324854
14,1,-1.167118335317602,44.472294775569104,1.095397710800171,1.9898184537887573,200.36341857910156,-297.1904296875,0.31355997920036316,0.0354015976190567,127089.8671875,2.0348148345947266,519.7276000976562,35.37172317504883,-299.68263771533015,-201.09592694120153,0.31493887305259705,0.06711309
14,1,-0.7007336675266107,41.22664059033509,1.1597346067428589,1.987021565437317,380.4907531738281,23.050758361816406,0.5141868591308594,1.6178356409072876,113469.40625,2.066535234451294,582.9993896484375,116.12722778320312,24.330862395597272,-385.0897515782321,0.5147215127944946,0.30050045
14,1,-1.04856229119672,41.06674420463472,1.0929702520370483,1.818642020225525,-108.02339935302734,376.2755432128906,0.4809280037879944,0.815591037273407,119900.125,1.9883097410202026,454.7953796386719,40.66798782348633,373.49494669439736,106.4028596811517,0.48493489623069763,0.10361905
14,1,-0.9511863072270043,38.36700110391439,1.0593609809875488,1.918015956878662,-349.4026184082031,57.460182189941406,0.2795677185058594,0.27376458048820496,117432.734375,1.9597806930541992,467.4996337890625,52.311134338378906,55.8368570452797,350.6304470837644,0.2780058681964874,0.35101405
14,1,-1.1930992927406465,48.02542062798781,1.182153344154358,1.8197484016418457,284.8748779296875,-243.38328552246094,0.4433031976222992,4.6615447998046875,108956.1484375,1.98280930519104,421.2298889160156,27.003389358520508,-244.57846082399772,-278.0109021393427,0.44478851556777954,0.0010810862
14,1,-1.1627014756293312,35.478915628474645,1.1757347583770752,1.8980493545532227,26.17726707458496,354.0989074707031,0.3102518618106842,6.193873405456543,121140.6640625,1.9591758251190186,561.6085205078125,38.6127815246582,350.63439503245013,-25.362950838428866,0.31326666474342346,0.2560292
14,1,-1.3933354812954,41.028342914155026,1.1518725156784058,1.9701899290084839,-279.85162353515625,-212.79847717285156,0.5161722302436829,1.61180579662323,113469.40625,2.0841352939605713,658.287841796875,26.61207389831543,-211.63068748186424,275.39345041965737,0.5147215127944946,0.29843935
14,1,-1.0865042899962036,46.578820252965265,1.124818205833435,1.938888669013977,268.9029541015625,182.44442749023438,0.48005738854408264,0.8143698573112488,119900.125,2.052846670150757,541.4116821289062,44.3631477355957,179.18756497718084,-272.1716078640115,0.48493489623069763,0.029805558
14,1,-0.8001048647291005,45.83040106743545,1.124310851097107,1.8453999757766724,14.826492309570312,-320.61175537109375,0.46450570225715637,3.323793411254883,119341.46875,1.9701682329177856,427.78778076171875,67.7833251953125,-317.9815895462079,-12.406989162450538,0.4599558115005493,0.008859637
14,1,-0.9859991600833032,37.022942522984316,1.0680036544799805,1.9238771200180054,399.18353271484375,65.90351867675781,0.2756941616535187,0.2746431529521942,117432.734375,1.9352408647537231,447.3825988769531,46.20393753051758,65.73386617918631,-400.7168087070264,0.2780058681964874,0.48249757
14,1,-0.9065043977051919,44.837531446259334,1.1781649589538574,1.8031789064407349,-373.5305480957031,105.8958969116211,0.3176157772541046,1.069575309753418,140654.40625,1.8899381160736084,351.08697509765625,43.54209518432617,105.55743968796853,372.67426595533504,0.32203614711761475,0.002216975
14,1,-1.32856782237462,42.61855918474639,1.1964987516403198,1.8664724826812744,116.88961029052734,-366.36663818359375,0.3400111794471741,5.8124098777771,102347.5234375,1.9792766571044922,478.6041564941406,22.459842681884766,-367.6918704527919,-118.56913433421025,0.33855825662612915,0.0067046983
14,1,-1.1748778596090423,47.59311090894026,1.1121675968170166,1.9977177381515503,-315.1664733886719,190.11813354492188,0.28154346346855164,0.42810213565826416,153093.671875,2.0183494091033936,465.85394287109375,31.143722534179688,187.93600574009136,315.1826583722703,0.2763722538948059,0.013830641
14,1,-0.8613200034185747,40.24428503630527,1.0711778402328491,1.8780182600021362,317.3436584472656,198.5071563720703,0.3744775354862213,1.9710075855255127,147689.9375,1.9851908683776855,486.19891357421875,66.91035461425781,197.70460341663374,-320.8857535601883,0.37738513946533203,0.16266166
14,1,-0.8571376800375414,40.18154288231598,1.187502145767212,1.8749244213104248,-150.65049743652344,-373.6216735839844,0.5036525726318359,2.2534444332122803,110490.734375,2.0081028938293457,591.4807739257812,82.1868667602539,-371.33636221883535,150.3728011927632,0.5044918656349182,0.11493388
14,1,-1.3606311751804923,37.11873847233153,1.1505662202835083,2.0869193077087402,-33.551055908203125,321.48944091796875,0.2778204381465912,0.4753000736236572,153093.671875,2.0674703121185303,642.10986328125,27.988306045532227,318.89042380314606,33.52249774726739,0.2763722538948059,0.66855055
14,1,-1.604640514094975,30.58475741843831,1.1449636220932007,1.8429598808288574,286.9258728027344,-269.4815673828125,0.3398396968841553,5.781587600708008,102347.5234375,1.9723645448684692,660.2615356445312,16.408649444580078,-273.75508348902497,-285.4342690098762,0.33855825662612915,0.71751577
14,1,-0.684584782026232,42.26660565100958,1.0813043117523193,1.8311389684677124,247.3966064453125,311.85723876953125,0.3044167459011078,0.4029977023601532,111371.0859375,1.9179338216781616,392.5972900390625,81.16372680664062,308.6465864786476,-248.7434006673095,0.30415794253349304,0.027795779
14,1,-1.7116761449811064,25.223630517617934,1.1729148626327515,1.9345340728759766,80.93041229248047,401.56964111328125,0.3936300277709961,0.15905308723449707,146998.09375,2.0341811180114746,942.3342895507812,18.303176879882812,398.7464195930363,-79.66386011337705,0.39499911665916443,0.919444
14,1,-0.860972890374144,44.57849190983539,1.1747426986694336,1.8539823293685913,328.61712646484375,101.15138244628906,0.17829719185829163,2.3424251079559326,122238.7890625,1.9117902517318726,386.90423583984375,53.28804397583008,100.4243600593067,-329.6029057252468,0.18185371160507202,0.0015435882
14,1,-1.2788337748324938,39.525362360609314,1.0385158061981201,2.0158114433288574,366.8238525390625,-54.54594039916992,0.33045005798339844,5.135446548461914,115984.65625,2.106767416000366,672.1319580078125,35.368736267089844,-56.07448883506905,-363.63028393359605,0.32673606276512146,0.47270533
14,1,-1.106251661218002,47.26481261041586,1.119676947593689,2.053987979888916,114.66429138183594,-373.08673095703125,0.46940290927886963,3.9022977352142334,151844.25,2.1901159286499023,718.1287841796875,56.22764587402344,-371.1037405033364,-111.79602317469536,0.47029373049736023,0.056910664
14,1,-1.3118693534071233,41.626428557265406,1.1215198040008545,2.0798487663269043,-170.94287109375,360.47332763671875,0.25502902269363403,3.1250767707824707,156868.859375,2.105609893798828,668.7107543945312,32.611263275146484,362.69802201987056,170.97360611885642,0.25645285844802856,0.21856925
14,1,-1.3150717451047216,48.28875401337444,1.1568574905395508,1.812047004699707,-107.36951446533203,-404.4453430175781,0.41031327843666077,2.519193649291992,100501.21875,1.9030002355575562,358.03082275390625,17.331899642944336,-401.551993863943,104.2273009603882,0.4053973853588104,0.0012404321
14,1,-1.182380164482342,46.89419702508822,1.197847843170166,2.0831966400146484,180.8125457763672,284.7247009277344,0.25745531916618347,3.099076747894287,156868.859375,2.0852372646331787,576.814697265625,37.9013786315918,286.7804499017386,-181.15423738039894,0.25645285844802856,0.013117233
14,1,-0.9787486161048189,43.82715233635687,1.1571664810180664,1.8243541717529297,-253.8040008544922,-256.0611267089844,0.392637699842453,5.938851833343506,132746.6875,1.9585078954696655,442.37548828125,46.45596694946289,-261.4825450811033,254.09585463760223,0.3935074806213379,0.0049814493
14,1,-1.1484142253078728,45.5655028743706,1.1513921022415161,1.8611681461334229,78.89249420166016,347.2489318847656,0.28409913182258606,4.551142692565918,114629.90625,1.9225136041641235,390.0239562988281,27.712486267089844,348.06458804687054,-74.20271716324018,0.28223150968551636,0.0022696308
14,1,-1.1334438295521807,40.0532583989652,1.0403718948364258,2.042886972427368,252.4974822998047,-264.0624694824219,0.47042977809906006,3.9041197299957275,151844.25,2.2072393894195557,829.784912109375,61.02685546875,-262.1970885687839,-248.30640135126683,0.47029373049736023,0.65373415
14,1,-0.3339855775235643,41.069848533572774,1.1127656698226929,2.0745975971221924,386.80206298828125,45.166526794433594,0.2898186147212982,4.865760326385498,158687.640625,2.1153478622436523,672.3577270507812,311.61236572265625,41.81794299558078,-382.8200251025003,0.29244422912597656,0.2724404
14,1,-1.3714094450824033,41.97269229901639,1.1270434856414795,2.0043351650238037,164.82940673828125,-310.6744384765625,0.23115870356559753,3.6001651287078857,107356.3515625,2.0103001594543457,490.4272155761719,20.85273551940918,-308.62576777650133,-164.01361007937544,0.23157668113708496,0.06987894
14,1,-1.206625275505408,45.39052863500023,1.1291581392288208,1.9069634675979614,-337.889404296875,-9.871064186096191,0.23253245651721954,3.5669422149658203,107356.3515625,1.9625614881515503,452.929931640625,28.145191192626953,-8.379677559836816,340.731272431266,0.23157668113708496,0.004466412
14,1,-1.3207550029974788,42.674251046453875,1.1522055864334106,2.003387212753296,11.315972328186035,-346.3826599121094,0.23409754037857056,3.5699727535247803,107356.3515625,1.9982857704162598,491.2417907714844,23.471370697021484,-345.1363031780777,-10.97701395560791,0.23157668113708496,0.04005934
14,1,-1.3753360599258333,25.125241987086078,1.0542545318603516,1.8416138887405396,-390.55401611328125,-125.96615600585938,0.27671119570732117,5.801939487457275,104226.0859375,1.8496310710906982,528.5975952148438,22.273433685302734,-129.59989874173394,389.33371084993763,0.2784262001514435,0.90096396
14,1,-1.3281115243327948,41.091235284986666,1.0093717575073242,1.8444533348083496,-401.7684020996094,42.291595458984375,0.27908581495285034,5.775052070617676,104226.0859375,1.8636515140533447,380.6920166015625,17.883800506591797,38.63721883352706,404.277238402857,0.2784262001514435,0.05277153
14,1,-0.8129223330199278,46.198128884467266,1.1042671203613281,1.8964142799377441,-77.83378601074219,409.19732666015625,0.5131011605262756,0.9813163876533508,136355.375,2.028796911239624,453.95562744140625,69.83778381347656,406.50237145621674,73.41585211942645,0.508223295211792,0.031244665
14,1,-1.2910158315549571,32.62748276495666,1.1870980262756348,1.817497730255127,-284.4401550292969,-301.11492919921875,0.35911065340042114,1.9185757637023926,153705.5625,1.9203357696533203,571.4476318359375,29.238771438598633,-301.49417081646624,280.65234845048553,0.35856935381889343,0.50324357
14,1,-1.3083137375169211,44.99047293440581,1.1993921995162964,1.811539888381958,-346.9980773925781,-80.42010498046875,0.4539775550365448,5.046396732330322,123281.1640625,1.9628874063491821,430.76202392578125,21.17978858947754,-82.23027572556025,350.09253868593606,0.45278897881507874,0.0027265435
14,1,-1.2216279862878145,45.978353362099675,1.101044774055481,2.068037509918213,-389.8988037109375,-56.10702896118164,0.4698227643966675,4.048151016235352,144155.25,2.228083848953247,817.3961791992188,49.068607330322266,-55.86600963791427,395.6247222263079,0.46984073519706726,0.12469388
14,1,-1.5133717708670231,48.89804043656734,1.1709035634994507,1.9645516872406006,-312.04144287109375,-172.19729614257812,0.381329745054245,6.153880596160889,149439.828125,2.13446307182312,614.9813842773438,18.857664108276367,-179.60618547784094,310.67078002554956,0.3851096034049988,0.0028775053
14,1,-1.0537643723392178,48.08949170387746,1.1658737659454346,1.9818562269210815,8.764824867248535,403.6728820800781,0.5033864378929138,1.240926742553711,155036.265625,2.1556615829467773,660.18310546875,58.33098220825195,402.23795853802125,-14.45313361534702,0.5016180872917175,0.019538641
14,1,-0.811672521566656,43.639089475303756,1.175713300704956,1.8687938451766968,-285.3016357421875,-253.6990203857422,0.293944388628006,0.23660419881343842,142274.34375,1.975446105003357,488.8492431640625,75.42266082763672,-256.6694877995768,284.4316112670928,0.29351264238357544,0.008504891
14,1,-0.6758207934610482,39.46508036748538,1.1870975494384766,2.0483407974243164,30.62541389465332,-380.8358459472656,0.1938205510377884,5.009056091308594,153860.671875,2.065070867538452,670.1404418945312,141.3659210205078,-381.56783775792826,-29.611201573984555,0.19385968148708344,0.1324775
14,1,-1.7420289570324414,30.197372896365348,1.18025541305542,2.036423921585083,-376.82391357421875,168.8919677734375,0.38414114713668823,6.15352201461792,149439.828125,2.1777939796447754,1138.3436279296875,20.617799758911133,165.2537226490357,377.1141217643637,0.3851096034049988,0.8720827
14,1,-1.0325265718309693,39.85716135573377,1.1466046571731567,1.902336597442627,-304.1365661621094,249.0355987548828,0.4568230211734772,0.8764384388923645,107171.265625,2.0008931159973145,532.7913208007812,49.4344482421875,247.2686020824719,300.19285935143233,0.4550916254520416,0.2134938
14,1,-0.9461928237323338,49.19712131419186,1.1918139457702637,1.9185858964920044,42.79624938964844,385.8330383300781,0.46957528591156006,4.048739910125732,144155.25,2.137446165084839,626.5205688476562,70.91561889648438,388.08502489204767,-40.54028346828715,0.46984073519706726,0.0026629418
14,1,-0.8945363651683463,44.626311378203425,1.1430853605270386,2.030801773071289,229.9552459716797,276.1357421875,0.26475822925567627,2.672816276550293,136111.28125,2.0387024879455566,516.3573608398438,65.82840728759766,278.06622974294874,-231.28122712648764,0.2642965316772461,0.03504064
14,1,-0.49432954219511593,47.86306712851025,1.1494510173797607,1.9549534320831299,313.22906494140625,229.1878204345703,0.3162052035331726,1.2870001792907715,108528.34375,2.0249814987182617,483.1821594238281,154.80360412597656,228.950247334697,-314.1937614636309,0.3190288841724396,0.005718032
14,1,-0.9721957951269194,36.27579306533311,1.1037378311157227,1.9974478483200073,-354.183837890625,-69.54483795166016,0.26948320865631104,2.6698756217956543,136111.28125,2.0008127689361572,567.9044189453125,60.54506301879883,-66.94729859160815,354.764537703643,0.2642965316772461,0.6045665
14,1,-1.1603288496772919,48.9928785470704,1.1687746047973633,1.9549534320831299,253.736328125,-201.47198486328125,0.3185257911682129,1.2908421754837036,108528.34375,2.0240185260772705,470.2771301269531,32.510501861572266,-200.50774433576555,-255.60120406579756,0.3190288841724396,0.0031106465
14,1,-0.8235046482712577,41.84572724679522,1.1241035461425781,1.964179515838623,316.1319580078125,-117.59622192382812,0.26463064551353455,2.6767418384552,136111.28125,1.9926031827926636,473.2750549316406,71.05724334716797,-116.72415940398874,-316.4495680884778,0.2642965316772461,0.06457743
14,1,-0.7866951778427818,46.404988509084504,1.184667706489563,1.9524201154708862,155.23727416992188,287.9491271972656,0.3189155161380768,1.2767795324325562,108528.34375,2.0410878658294678,496.83294677734375,81.19226837158203,286.4357911810746,-156.66443495478742,0.3190288841724396,0.007045921
14,1,-1.1330756825149324,38.30745419274763,1.1213395595550537,1.8957492113113403,284.92767333984375,-153.92123413085938,0.37674733996391296,3.152606248855591,116867.1328125,1.959480881690979,498.2095642089844,36.67205047607422,-151.2600052243624,-285.89458221950076,0.37507164478302,0.24455594
14,1,-1.359169476515858,36.231208821336054,1.1965962648391724,1.9710032939910889,-388.25640869140625,-65.70869445800781,0.2005602866411209,2.0793588161468506,105308.6875,1.9863924980163574,612.6939086914062,26.796154022216797,-64.8343043869135,386.1383628483166,0.20120421051979065,0.2723561
14,1,-1.0986285244445262,45.2212994825138,1.1163288354873657,1.9869416952133179,-329.61468505859375,-246.56175231933594,0.4563967287540436,2.033770799636841,129958.671875,2.1601924896240234,678.3507690429688,54.053646087646484,-245.70153846681828,327.09486822533444,0.45627325773239136,0.07258106
14,1,-1.3850510798589972,40.38962045569991,1.1622817516326904,1.9710032939910889,74.37393951416016,-378.2261962890625,0.20080533623695374,2.079679012298584,105308.6875,1.995966911315918,553.5211791992188,22.807687759399414,-377.5824932948977,-74.8436104405684,0.20120421051979065,0.0652506
14,1,-0.9999294844173303,49.4636190726697,1.1926839351654053,1.8445098400115967,129.26490783691406,-304.04376220703125,0.5221350193023682,2.8122596740722656,112961.1015625,2.0233888626098633,437.5224609375,43.75925064086914,-299.4665085138164,-130.30638712950267,0.5248051881790161,0.0016246723
14,1,-0.8744196891303904,40.635951719033685,1.1601282358169556,1.920265555381775,-142.77145385742188,-307.03668212890625,0.2693842053413391,0.5527122020721436,123229.6640625,1.9513071775436401,481.5675048828125,64.30382537841797,-311.3225788843397,142.97752958752997,0.2698671519756317,0.059768848
14,1,-1.085881872728541,42.061966963133074,1.1682729721069336,1.8189799785614014,97.94149017333984,406.5388488769531,0.20693984627723694,5.956721782684326,105111.296875,1.8863494396209717,368.78570556640625,30.26152229309082,405.0963280423279,-98.45707182927453,0.20363225042819977,0.0022649006
14,1,-1.1670742575662874,39.76748993761783,1.1309285163879395,2.0067312717437744,-22.207233428955078,397.04168701171875,0.32411447167396545,6.13438081741333,143100.078125,2.1056101322174072,662.8515625,45.117088317871094,394.47099063210345,21.920267653155122,0.3198651671409607,0.22023585
14,1,-1.2856327993546408,25.261829931597802,1.1649014949798584,2.07586932182312,-373.9468688964844,21.214080810546875,0.2309875637292862,3.3950304985046387,120349.84375,2.065762758255005,1001.2703247070312,51.870174407958984,22.689936895787973,377.67061801909955,0.23415441811084747,0.9216861
14,1,-1.330176979297806,40.13928454489644,1.166136384010315,2.0171406269073486,-377.724365234375,149.8887176513672,0.2332027703523636,3.373591184616089,120349.84375,2.0331718921661377,547.7940063476562,25.611711502075195,150.93498670848356,378.59317648555157,0.23415441811084747,0.12710238
14,1,-1.101200805660056,48.04478738613966,1.1841063499450684,1.9252833127975464,-150.43861389160156,291.47198486328125,0.24648980796337128,2.2690682411193848,117061.1875,1.9345743656158447,434.99951171875,34.457733154296875,291.0483277106009,150.420457241459,0.24889129400253296,0.0014536565
14,1,-1.116236290988395,45.21845675957343,1.191538691520691,1.9067716598510742,-259.3675231933594,-283.2011413574219,0.17539629340171814,1.6497985124588013,104140.5,1.882920742034912,373.54180908203125,28.582578659057617,-283.1638251741573,254.60858585496626,0.16998088359832764,0.0021579023
14,1,-0.8637107803372357,46.29128148736607,1.1400648355484009,1.88435697555542,-365.8197326660156,-149.23545837402344,0.26357728242874146,0.24770325422286987,110576.5859375,1.9245635271072388,380.1400146484375,52.027381896972656,-150.19419810128227,366.4432043570505,0.2682342231273651,0.004137067
14,1,-1.1479273047312912,38.6236888512877,1.1659657955169678,1.9452201128005981,80.88506317138672,-359.3694152832031,0.49275293946266174,6.1775922775268555,139923.578125,2.055129289627075,674.670166015625,47.99138641357422,-362.75099268598086,-77.63125892972289,0.49504345655441284,0.31346267
14,1,-1.2138666494060169,43.553774174704685,1.152588129043579,1.9823663234710693,368.76385498046875,-160.70091247558594,0.5159737467765808,1.2532095909118652,134450.125,2.1441028118133545,712.7134399414062,43.555931091308594,-162.22651655959038,-373.8200956076555,0.5170625448226929,0.1437164
14,1,-1.1748633246260187,47.46460627485819,1.1840968132019043,1.801154375076294,154.41873168945312,288.862060546875,0.2944774925708771,4.722144603729248,113781.265625,1.8921458721160889,351.0951843261719,23.472518920898438,284.72140349849985,-149.83093680659388,0.2969872057437897,0.000385588
14,1,-1.3377807877235983,34.11605499379211,1.1691373586654663,1.8547899723052979,221.89315795898438,348.033935546875,0.4964683949947357,6.1776275634765625,139923.578125,2.0465641021728516,689.4487915039062,31.675235748291016,346.73307724705467,-224.0560797871454,0.49504345655441284,0.545914
14,1,-1.0309245124442996,26.380322105804257,1.1528639793395996,1.8416565656661987,-34.704078674316406,-374.5438232421875,0.5032668709754944,4.633625507354736,159533.203125,1.993070125579834,774.6458129882812,72.14031982421875,-373.9566841529151,40.83160197475928,0.5027754902839661,0.8904418
14,1,-1.363994929048106,36.59967821112434,1.183595061302185,1.8213865756988525,261.6328125,219.1389617919922,0.29744020104408264,4.7028374671936035,113781.265625,1.8665521144866943,430.8639221191406,18.635578155517578,218.82630108011506,-258.80570760561585,0.2969872057437897,0.06554629
14,1,-1.0969907266040695,41.44884496847436,1.0655033588409424,1.9218285083770752,350.8365478515625,129.95004272460938,0.427162766456604,0.7681142091751099,105216.21875,2.035339593887329,565.3159790039062,45.216773986816406,127.24363176628725,-352.83517348712195,0.4296801686286926,0.23242061
14,1,-1.2499338824043402,47.5986971303677,1.152938961982727,1.906815528869629,217.158447265625,-338.4308166503906,0.49629637598991394,6.173107624053955,139923.578125,2.0855910778045654,579.1678466796875,32.57386016845703,-342.04013651495654,-215.87466990666664,0.49504345655441284,0.0060228906
14,1,-1.1124728791642844,26.695968536991078,1.1240832805633545,1.927083969116211,249.0543670654297,261.39031982421875,0.4874613583087921,5.712100505828857,117208.921875,2.069391965866089,852.5712280273438,65.80473327636719,253.51164571720096,-245.60711242164123,0.48728665709495544,0.90335363
14,1,-0.9088612528142924,38.34399331000878,1.116329550743103,1.9716355800628662,-249.6959686279297,219.1401824951172,0.20909883081912994,6.114538192749023,155944.90625,2.0373904705047607,598.1946411132812,73.78713989257812,217.7951939350428,249.72765785143832,0.2127109318971634,0.16975623
14,1,-1.2008133940720302,34.76103672845417,1.1528730392456055,1.9728120565414429,-300.0365295410156,-268.8451232910156,0.430982768535614,0.7605357766151428,105216.21875,2.0689666271209717,648.457763671875,40.838260650634766,-273.682404556608,296.9362852413576,0.4296801686286926,0.7617334
14,1,-1.0555858212360634,41.921702986133134,1.1696043014526367,2.0185539722442627,285.5662841796875,187.3260955810547,0.49587714672088623,6.182260990142822,139923.578125,2.0594193935394287,630.8847045898438,55.50899887084961,182.0118127150821,-285.32218362297215,0.49504345655441284,0.19100663
14,1,-1.1621680429977377,28.273327646203516,1.1618149280548096,1.8597229719161987,355.5949401855469,-59.13454055786133,0.21180695295333862,6.1165947914123535,155944.90625,1.9699655771255493,707.576416015625,48.70846176147461,-59.29728903766429,-355.2087951703599,0.2127109318971634,0.77123946
14,1,-1.0679561444328978,47.74837828460266,1.1575396060943604,1.8056312799453735,311.7467041015625,245.6357879638672,0.34091678261756897,4.655057430267334,146448.296875,1.8911577463150024,356.87567138671875,30.518232345581055,243.00859577367885,-310.9396811926024,0.33988943696022034,0.0006642576
14,1,-0.951639167241999,47.31051645476972,1.1430518627166748,1.8930604457855225,335.2416687011719,149.65802001953125,0.49703171849250793,5.3552327156066895,148637.5,2.117398262023926,591.276123046875,66.09224700927734,144.96671554455253,-331.2091988103061,0.5010243058204651,0.006936306
14,1,-0.958987154011967,42.15768710378725,1.102989673614502,1.845098853111267,-391.9882507324219,109.04985046386719,0.3035670518875122,4.227743148803711,114441.5,1.9010035991668701,379.4886779785156,41.70716094970703,109.20835372569206,394.7933569560757,0.303009033203125,0.016690532
14,1,-0.8555332799899678,41.28461074312265,1.1848007440567017,1.8467812538146973,238.22915649414062,-308.9204406738281,0.4765358567237854,3.127082109451294,139366.1875,1.9799211025238037,510.2691650390625,71.16483306884766,-304.52330385213327,-236.4193910077156,0.477926105260849,0.039564352
14,1,-0.9340475699620632,46.37499357032523,1.1760320663452148,1.9401202201843262,294.1065673828125,239.4796905517578,0.5089704990386963,0.9718179106712341,159286.25,2.0995564460754395,626.9656982421875,72.9786148071289,232.33421971813698,-295.8485139135881,0.5094195604324341,0.023394277
14,1,-1.9866677378499602,25.035260548931124,1.0912405252456665,1.8564172983169556,390.0330505371094,-50.52996063232422,0.3791655898094177,2.094223976135254,104223.5234375,1.9854011535644531,771.1397094726562,7.951697826385498,-49.85339820206089,-392.2616690322896,0.38288065791130066,0.9145965
14,1,-0.8486701131990644,45.31449867268537,1.1784981489181519,1.8623533248901367,0.9825543165206909,-379.83135986328125,0.5022166967391968,1.025010108947754,139747.15625,2.0108859539031982,516.7664184570312,73.21896362304688,-382.5112267576051,-3.784441746442873,0.5003504753112793,0.013340227
14,1,-1.492130523841113,31.056843399238844,1.0952399969100952,1.7972780466079712,285.7623291015625,-246.96571350097656,0.3865661025047302,2.0868031978607178,104223.5234375,1.9151874780654907,561.9595947265625,18.095565795898438,-247.1687388914017,-286.6138601047422,0.38288065791130066,0.77481246
14,1,-0.8661641345121873,36.41470716335167,1.0111933946609497,1.8493986129760742,127.31702423095703,325.616455078125,0.3321387469768524,1.254868745803833,112614.875,1.9089033603668213,442.6673278808594,60.24383544921875,324.2189525396796,-126.75360217397802,0.33629563450813293,0.5349022
14,1,-0.9823549145884389,41.94518569135746,1.16913902759552,1.8067641258239746,-361.4889831542969,73.92792510986328,0.3361561596393585,0.09714048355817795,112074.84375,1.8704339265823364,369.7208251953125,38.50506591796875,71.03417537470565,362.4403252271629,0.3388485908508301,0.011692193
14,1,-1.4298911322689187,44.47236579823932,1.0944137573242188,1.9531887769699097,-110.42961120605469,362.16802978515625,0.30032193660736084,3.7764410972595215,100816.609375,2.008495807647705,509.9512023925781,18.951133728027344,364.49285358663786,111.32464678080096,0.30235403776168823,0.026558543
14,1,-1.213759305016746,26.463667508936588,1.1257026195526123,1.8638664484024048,366.1338806152344,-197.85433959960938,0.3236749470233917,5.905725479125977,101788.296875,1.9294663667678833,666.1436767578125,40.71997833251953,-199.6627719105816,-363.2913471293122,0.326413094997406,0.88102925
14,1,-1.2873291493786971,31.5405667150186,1.0515261888504028,2.0220272541046143,114.67499542236328,332.55657958984375,0.22794044017791748,5.776015281677246,134597.578125,2.042158365249634,667.1994018554688,34.4290657043457,330.8017634290426,-113.58317255391627,0.22989389300346375,0.8640905
14,1,-1.2527978505308024,39.66528387743639,1.1080043315887451,1.8746318817138672,-102.796142578125,-398.0605163574219,0.3028642535209656,3.776252031326294,100816.609375,1.972936749458313,490.8712463378906,27.426359176635742,-395.4676273705876,106.33443847771163,0.30235403776168823,0.07802489
14,1,-0.7779921012498427,39.75055863634164,1.1702923774719238,1.9980971813201904,290.72381591796875,-169.61260986328125,0.310256689786911,6.213797569274902,155318.4375,2.0481326580047607,616.6153564453125,102.80679321289062,-174.12852065408515,-289.1576098640233,0.31057652831077576,0.13647301
14,1,-1.4008893984212363,43.9613444320692,1.1224207878112793,1.9728721380233765,-31.48309898376465,-353.1282958984375,0.3628983795642853,2.3875341415405273,136842.5,2.117673873901367,659.5020751953125,26.20143699645996,-349.86208796356715,29.684989942395294,0.3631192743778229,0.055043273
14,1,-1.397650336651344,32.63402226581955,1.1715123653411865,1.8206638097763062,-195.23605346679688,271.0644226074219,0.47485458850860596,5.80936861038208,109735.5625,1.9646490812301636,617.6991577148438,24.72435188293457,269.88487440171355,198.25487805151758,0.4781354069709778,0.59174633
14,1,-0.9541500781403306,47.60450159052142,1.1970806121826172,2.027606964111328,295.8320007324219,277.7889404296875,0.2933726906776428,5.084507465362549,151837.59375,2.1107871532440186,591.3071899414062,65.71468353271484,276.5869363213022,-292.15390615294785,0.2907239496707916,0.004998878
14,1,-1.0890379191659103,43.79172418285708,1.100361943244934,1.988674521446228,208.84326171875,-354.5882263183594,0.2289242446422577,6.019328594207764,106857.8125,2.008044719696045,511.268798828125,41.64955139160156,-357.36946292368606,-207.83008159121275,0.22948797047138214,0.025388079
14,1,-0.9259666657397098,35.5465714856554,1.1688405275344849,1.8847187757492065,-336.501953125,173.20040893554688,0.30313605070114136,5.165464878082275,112920.2421875,1.9627690315246582,574.23876953125,68.09656524658203,170.58257001372027,340.016761238,0.30586329102516174,0.24807256
14,1,-1.4054585915022126,42.505081148497425,1.123422384262085,1.9839977025985718,23.589956283569336,-411.3179016113281,0.3158624470233917,5.729496955871582,136411.09375,2.020813226699829,502.32696533203125,19.748117446899414,-414.1747603290991,-21.013099584501838,0.31695032119750977,0.060826097
14,1,-1.2108518987327541,41.713305114341836,1.1815686225891113,1.9753623008728027,-373.4093933105469,93.40120697021484,0.5037726163864136,6.0780816078186035,114713.078125,2.064319610595703,624.3864135742188,38.42380905151367,89.46565021133758,376.7918161803546,0.5050961375236511,0.1302148
14,1,-1.2094265251416199,37.163119420184685,1.0212174654006958,2.030381917953491,-383.2313232421875,-99.74212646484375,0.22863656282424927,6.0302629470825195,106857.8125,2.0283284187316895,556.3374633789062,34.348716735839844,-98.98691757288597,381.3009373047276,0.22948797047138214,0.6198526
14,1,-0.9628775656864726,39.131314107677525,1.173742651939392,1.8778437376022339,-296.5141296386719,277.3257751464844,0.3040287494659424,5.162789821624756,112920.2421875,1.9594659805297852,517.1602783203125,56.33091735839844,276.6044146639004,300.22702896618733,0.30586329102516174,0.044391032
14,1,-0.8717017772931588,44.658560166752515,1.185472846031189,1.8888853788375854,-373.810302734375,-128.04103088378906,0.45160067081451416,0.6660940647125244,134216.875,2.0009243488311768,488.2256164550781,65.60215759277344,-132.04043619907273,370.53165688262305,0.4563121497631073,0.017112797
14,1,-1.195423635504698,44.25740117310764,1.1297687292099,1.8703954219818115,368.9395446777344,-13.694403648376465,0.42417585849761963,5.906978607177734,128085.1171875,1.995920181274414,513.1015014648438,32.71736526489258,-17.112862159146353,-369.383569175389,0.42667704820632935,0.0127394665
14,1,-1.089989273576841,35.4125001325768,1.0064088106155396,1.9161794185638428,385.5834655761719,141.1450958251953,0.4823567569255829,3.37874698638916,150070.953125,2.042886972427368,551.545654296875,44.83232116699219,146.1454645757402,-384.30928227369566,0.48043888807296753,0.80866104
14,1,-0.5927622217196802,46.60579549582478,1.1904364824295044,1.8213865756988525,360.75323486328125,141.9376220703125,0.2976337671279907,3.229820728302002,106173.3515625,1.8674585819244385,352.09490966796875,89.92843627929688,145.73393420605845,-358.7508654094003,0.29857346415519714,0.00078198395
14,1,-0.78109656366299,41.20740332973604,1.1608415842056274,1.955698847770691,-226.33421325683594,246.1366729736328,0.4226119816303253,5.895514965057373,128085.1171875,2.032761573791504,564.978759765625,93.5265884399414,242.845061019653,227.03629477007956,0.42667704820632935,0.10076808
14,1,-0.9873788926783252,34.84453058296412,0.9942964315414429,1.8171770572662354,-272.1396789550781,-242.06565856933594,0.3750813603401184,4.113436222076416,101229.53125,1.882148265838623,412.8988952636719,42.507328033447266,-240.59202328748017,274.9241297806968,0.38055500388145447,0.6380655
14,1,-1.1913819710789597,40.75134616591889,1.153166651725769,2.077023983001709,-400.1959533691406,-66.44850158691406,0.2675817310810089,0.039706628769636154,131489.46875,2.0962350368499756,629.9181518554688,40.54161834716797,-70.90331107364247,401.04089077154623,0.2685111165046692,0.29845938
14,1,-1.2163008567025162,49.43060888512728,1.192484736442566,1.934716820716858,-137.57431030273438,348.18157958984375,0.5229849815368652,4.360098361968994,101000.7109375,2.0158069133758545,442.428955078125,26.886920928955078,350.08518115334726,142.16574819862876,0.5233470797538757,0.00396345
14,1,-1.0246912019332326,30.026038170920657,0.9035242795944214,1.8333555459976196,139.1730499267578,388.06158447265625,0.4778220057487488,3.3783226013183594,150070.953125,1.9676845073699951,595.2545776367188,56.23552703857422,391.3413619842307,-138.71636596494722,0.48043888807296753,0.90860045
14,1,-1.2367006206873277,41.07124005437907,1.1781504154205322,1.888564944267273,-245.0167694091797,315.7115783691406,0.37144169211387634,4.515487194061279,116112.390625,1.9866068363189697,505.552734375,29.313276290893555,315.2840189211953,249.23982115724812,0.38023462891578674,0.033326656
14,1,-0.9404280326495125,38.20063045180396,1.1800099611282349,1.8524037599563599,338.4327087402344,-5.834115982055664,0.39534303545951843,0.9930403232574463,113329.4375,1.9708424806594849,510.00860595703125,58.49903869628906,-8.361370576886731,-342.7654022045035,0.3954247534275055,0.13426265
14,1,-0.9090652950329813,38.22997846580395,1.0730245113372803,2.0305285453796387,-131.3177032470703,-373.01025390625,0.4137715697288513,1.4323588609695435,144939.46875,2.0802347660064697,630.5791625976562,77.74523162841797,-373.19764915095095,126.02247837197153,0.41031932830810547,0.70626926
14,1,-1.0561109571728742,39.0491867171283,1.086287021636963,1.829425573348999,156.09994506835938,361.6075134277344,0.22500263154506683,0.30032768845558167,117055.65625,1.8747878074645996,396.4429931640625,34.839229583740234,357.8846670585633,-154.90489165067098,0.22591088712215424,0.06700622
14,1,-0.9179082099159783,46.20270659266115,1.1867742538452148,2.0136961936950684,-145.11923217773438,-381.9928894042969,0.40812912583351135,1.4123226404190063,144939.46875,2.066357135772705,559.681640625,67.61331176757812,-383.79813343089705,143.3420604192774,0.41031932830810547,0.0271298
14,1,-0.9626547414474514,44.996627929395835,1.1973896026611328,1.8874592781066895,-365.6868591308594,-75.66546630859375,0.22679074108600616,0.3304036557674408,117055.65625,1.9081833362579346,403.8013610839844,44.00601577758789,-77.53056066484774,364.8342614816913,0.22591088712215424,0.0030291209
14,1,-0.9759921910206732,39.13795804211775,1.0998929738998413,1.8624906539916992,-13.03360366821289,-332.822509765625,0.39595839381217957,1.0069249868392944,113329.4375,1.9626106023788452,541.5748901367188,57.235511779785156,-334.7390192698565,9.39296413554903,0.3954247534275055,0.20461932
14,1,-1.4663661563816488,43.56135627756054,1.1664444208145142,1.978324055671692,-190.60647583007812,320.9491271972656,0.2996344268321991,0.13005225360393524,111941.7421875,2.030855894088745,506.02276611328125,17.290254592895508,317.5420551921436,191.02199395374663,0.30120375752449036,0.039724402
14,1,-0.9992708156129231,45.15823216885264,1.0432944297790527,2.034032106399536,282.9219055175781,207.87103271484375,0.49158599972724915,3.1848926544189453,141330.015625,2.1723408699035645,745.592041015625,74.68439483642578,213.1633666652756,-282.92010215298825,0.491049587726593,0.2224116
14,1,-0.892816086092314,44.34724454100484,1.0831385850906372,1.8629703521728516,215.04876708984375,-311.8539123535156,0.3485231101512909,0.1028294637799263,137098.234375,1.9973831176757812,484.2236633300781,61.976810455322266,-315.54949554487405,-214.26111927324826,0.3484557271003723,0.022687132
14,1,-1.186026555827153,39.889522484876245,1.1983754634857178,2.0709221363067627,-186.4822540283203,313.4718322753906,0.4782024323940277,4.280858516693115,144971.703125,2.197378158569336,895.8373413085938,58.37163543701172,314.3591385346801,190.57139728258983,0.4780404567718506,0.44927126
14,1,-1.3562487603147286,45.476966344597834,1.1976250410079956,1.835438847541809,-301.4597473144531,-145.11312866210938,0.33486655354499817,3.4456944465637207,121695.0703125,1.9152709245681763,363.7650451660156,16.016569137573242,-143.16643442144323,301.15983326865626,0.33367693424224854,0.0016662048
14,1,-1.3926015034735983,46.880410575432876,1.1973979473114014,1.9890778064727783,-15.57022762298584,417.4878234863281,0.3006627857685089,0.13636888563632965,111941.7421875,2.0194830894470215,488.5511779785156,19.783647537231445,414.98480697414624,16.131151993751363,0.30120375752449036,0.008356391
14,1,-0.9235550685964377,48.50511202123448,1.184644103050232,2.0329456329345703,275.78277587890625,233.44540405273438,0.255441278219223,6.221948146820068,138942.5625,2.042274236679077,508.5735778808594,60.64542007446289,229.49890664419163,-278.1488976023926,0.25027909874916077,0.0029318975
14,1,-1.1906286936404697,38.54245916303512,1.1899796724319458,1.896497368812561,-376.8251953125,22.752870559692383,0.48972830176353455,3.1837432384490967,141330.015625,2.1147451400756836,800.4850463867188,51.60879135131836,26.13153687826367,378.37465403323887,0.491049587726593,0.22818682
14,1,-1.0040812293125427,45.1631539901769,1.1748666763305664,1.8209867477416992,-277.36358642578125,314.51788330078125,0.2356809675693512,0.25436729192733765,110518.0,1.8247095346450806,304.4004821777344,30.155231475830078,312.66282495581066,278.12242800288146,0.235757976770401,0.0016703329
14,1,-1.4671318412231087,29.1529902496707,1.1720260381698608,2.0127458572387695,-361.48809814453125,68.1705093383789,0.5231768488883972,0.10533373802900314,134178.484375,2.1536953449249268,1069.2833251953125,36.472015380859375,63.87233663915953,361.5774113680234,0.5297364592552185,0.9093233
14,1,-1.496654061082355,25.15247929596185,1.1986602544784546,1.8821436166763306,-25.889419555664062,327.2713928222656,0.33361905813217163,5.811604976654053,102347.5234375,1.9584702253341675,825.3636474609375,26.302051544189453,323.3755580126416,25.343805958447163,0.33855825662612915,0.8832262
14,1,-0.9770310014767917,31.429624906538493,1.126201868057251,1.8489915132522583,371.6634521484375,-117.5458984375,0.378550261259079,1.9659252166748047,147689.9375,1.8662844896316528,461.3580017089844,48.64141082763672,-119.96452044767427,-378.38132030417944,0.37738513946533203,0.7795599
14,1,-0.8778388555922547,39.61818306024062,1.1234010457992554,1.8179583549499512,368.9429626464844,146.7064208984375,0.3819313049316406,1.9764145612716675,147689.9375,1.9736076593399048,495.2769775390625,65.61582946777344,148.38444197000112,-372.6864517105089,0.37738513946533203,0.06931457
14,1,-1.019203284222523,41.985527316112986,1.1425883769989014,1.8672077655792236,256.2582702636719,-241.1270751953125,0.18742281198501587,5.29249906539917,142306.828125,1.9190926551818848,397.3760070800781,38.01869583129883,-242.48946268399033,-253.69567502721227,0.18773996829986572,0.005847218
14,1,-1.3093777721995403,40.711260620055995,1.0916550159454346,1.994683027267456,332.8189392089844,35.65372085571289,0.46512627601623535,4.061380863189697,120722.0859375,2.0780880451202393,607.1159057617188,29.77778434753418,38.373550133805516,-328.4658559714766,0.46098995208740234,0.39088494
14,1,-1.1325873989013977,37.839670386938465,0.9686511158943176,2.005934715270996,-267.8642578125,296.29388427734375,0.3202182948589325,3.540100336074829,146190.109375,2.0261261463165283,590.1987915039062,43.4920539855957,299.30938028350363,269.09292482220434,0.3244645893573761,0.7301374
14,1,-0.8728990963019437,44.9121032318284,1.1035480499267578,1.8699990510940552,154.84104919433594,302.56732177734375,0.3453287184238434,5.385189533233643,104108.0078125,1.933788776397705,413.143310546875,55.3606071472168,300.180198501533,-150.78294650467922,0.344128280878067,0.0077980524
14,1,-1.430658843386496,33.8499765789936,1.1961199045181274,2.0323398113250732,-10.38991928100586,392.4473571777344,0.2611760199069977,0.11741923540830612,116951.421875,2.027904510498047,732.5213012695312,27.17439079284668,390.6081344918689,9.384995586819729,0.26366299390792847,0.7387116
14,1,-1.4059377724293425,38.655301180036695,1.1497491598129272,1.9958091974258423,-306.4918518066406,-275.4643249511719,0.32317936420440674,3.543114185333252,146190.109375,2.050004243850708,587.6654052734375,23.077590942382812,-272.7024449591185,309.8559337239707,0.3244645893573761,0.31383768
14,1,-1.0026125780551631,42.358975024671196,1.1694114208221436,1.8416266441345215,-291.7842712402344,-296.5005187988281,0.19440504908561707,5.298889636993408,100048.609375,1.9281812906265259,416.50335693359375,41.40043258666992,-298.7572640132123,291.878383649364,0.19302913546562195,0.002653049
14,1,-1.077679263058598,41.059038719839506,1.1601430177688599,1.9134502410888672,-268.3161926269531,204.75816345214844,0.262950599193573,0.12638872861862183,116951.421875,1.956860899925232,474.534423828125,39.681434631347656,201.93912745806406,268.565033755063,0.26366299390792847,0.045932166
14,1,-0.9672996213541224,47.50284800977261,1.172559142112732,1.8727174997329712,-186.6512908935547,-316.2183837890625,0.24383364617824554,2.3378002643585205,118212.359375,1.9192955493927002,374.04425048828125,40.32944869995117,-317.8843480179688,184.9539831064676,0.24879394471645355,0.001025871
14,1,-1.0185931261954053,38.763175758549,1.1346269845962524,1.8876935243606567,300.40277099609375,-177.69061279296875,0.34697073698043823,5.383134365081787,104108.0078125,1.8874489068984985,421.9226379394531,40.4239387512207,-180.47121832396687,-301.7704105349166,0.344128280878067,0.1157096
14,1,-1.0215480294460675,42.69044994079061,1.165808081626892,1.8852927684783936,-313.1084899902344,172.8116912841797,0.1943206638097763,5.333858489990234,100048.609375,1.9303395748138428,433.50933837890625,41.25241470336914,171.64672265786172,314.3212718358604,0.19302913546562195,0.0043517044
14,1,-0.8950951284898689,48.2542821918017,1.195729374885559,1.8267583847045898,184.79417419433594,-294.3675537109375,0.3636294901371002,5.342554569244385,101036.03125,1.8972768783569336,356.86358642578125,45.4366340637207,-296.7104556656696,-178.54023742268936,0.35929274559020996,0.0005193227
14,1,-1.20673970154604,35.52500205107358,1.0493770837783813,2.006042718887329,311.3562316894531,143.29962158203125,0.31750065088272095,3.540524482727051,146190.109375,2.055938243865967,644.6964111328125,40.05110168457031,145.3425653088696,-311.8013718986956,0.3244645893573761,0.7724213
14,1,-0.9568388236562614,44.41660023105493,1.1463080644607544,1.9693752527236938,242.09713745117188,212.02023315429688,0.5105209350585938,3.192596197128296,131241.46875,2.1202595233917236,635.6395263671875,70.20555114746094,215.30540724714422,-241.91764717852104,0.5075100660324097,0.076860696
14,1,-0.7745850168653435,40.727490347660044,1.1417313814163208,1.9674431085586548,-324.0892639160156,254.05482482910156,0.28657665848731995,1.9193274974822998,106116.6953125,1.9990488290786743,472.27862548828125,79.36202239990234,255.58552704881254,322.5668694458882,0.2899775207042694,0.11329214
14,1,-1.1372456550178145,29.790533333063216,1.1738816499710083,1.9885530471801758,25.93454360961914,-407.5546875,0.17997649312019348,5.4412007331848145,127915.84375,2.041076421737671,786.3826904296875,57.33073806762695,-407.2266810322055,-28.377443915588714,0.18081486225128174,0.8127686
14,1,-0.6487641254134536,45.73251598356166,1.189237356185913,1.8014417886734009,-303.74017333984375,-129.5830078125,0.30772510170936584,2.7083027362823486,142627.484375,1.849147081375122,320.1947937011719,71.8868637084961,-126.26165564627813,303.7762889478256,0.3081938922405243,0.0009835284
14,1,-1.0683616680409385,39.963387340608236,1.1716196537017822,2.0693600177764893,-389.91485595703125,-134.9548797607422,0.18427108228206635,5.4324822425842285,127915.84375,2.058058977127075,581.8565063476562,49.711097717285156,-134.18344460141478,391.62668571863605,0.18081486225128174,0.14059837
14,1,-1.084720074167003,48.092275096488436,1.170349359512329,1.9409009218215942,176.8169708251953,349.57586669921875,0.5189348459243774,5.9209489822387695,125290.3203125,2.1189918518066406,540.7570190429688,44.49191665649414,342.24139010173866,-175.38444466173655,0.5221678018569946,0.0074097314
14,1,-1.2919454960314671,31.934652689685,1.173699975013733,2.053497791290283,-230.42291259765625,-270.4602966308594,0.44828975200653076,2.961210012435913,120855.0078125,2.071706533432007,794.034912109375,40.54086685180664,-267.0620097810166,230.6600439082719,0.44924062490463257,0.8787465
14,1,-1.1059635264168663,45.069068151912944,1.109676718711853,2.0663790702819824,-108.23282623291016,-371.6170959472656,0.4497872292995453,2.948929786682129,120855.0078125,2.0880613327026367,568.3117065429688,44.52686309814453,-370.2866579137756,108.43912175202469,0.44924062490463257,0.15894762
14,1,-0.7567153087244003,47.19475731380451,1.1438874006271362,1.8343405723571777,-367.8988037109375,-88.68069458007812,0.32975447177886963,1.6145257949829102,105816.34375,1.9076037406921387,375.3405456542969,65.72180938720703,-87.74170959534996,361.3983609080231,0.32965171337127686,0.0018865123
14,1,-0.8681227722994358,43.837687612575635,1.0796611309051514,1.798034429550171,-15.71955394744873,-417.051025390625,0.41659265756607056,3.809352397918701,111174.390625,1.8833333253860474,364.1563415527344,49.33603286743164,-413.09711998861883,18.246174195938977,0.4150213897228241,0.012600198
14,1,-0.9896710081493441,49.25858664219237,1.1638842821121216,1.8971153497695923,100.6329574584961,-374.09814453125,0.23716825246810913,4.760289192199707,118083.7265625,1.9282742738723755,392.45489501953125,40.18996810913086,-375.20414839804147,-98.45930101962682,0.23655813932418823,0.00056140515
14,1,-1.3642100034035343,29.164441766441065,1.1324150562286377,1.9746711254119873,297.43408203125,-118.44444274902344,0.48570430278778076,1.982451319694519,112660.375,2.08957839012146,896.189208984375,38.742584228515625,-116.93385682262068,-300.9370392052615,0.48602887988090515,0.90358263
14,1,-1.01811059729996,49.32678897927604,1.180812954902649,1.8479183912277222,212.84359741210938,-264.4755554199219,0.32774588465690613,1.61883544921875,105816.34375,1.9747871160507202,437.4193420410156,41.95525360107422,-263.06307212500104,-215.7264503820259,0.32965171337127686,0.00070326205
14,1,-0.9029464144965615,46.300722685503885,1.1205445528030396,1.8367382287979126,227.19801330566406,340.5540771484375,0.4165928363800049,3.8212997913360596,111174.390625,1.9561997652053833,422.37451171875,52.814170837402344,345.24273878585996,-224.46134700672744,0.4150213897228241,0.004631798
14,1,-0.8701048207506543,41.17407506778615,1.0697219371795654,1.953549861907959,-380.876220703125,-101.4153823852539,0.48400282859802246,1.9780656099319458,112660.375,2.073345422744751,603.3124389648438,81.3648681640625,-102.01273145219916,375.6556829369837,0.48602887988090515,0.3590261
14,1,-0.9014967056330414,48.52068993143129,1.1227813959121704,1.9972805976867676,254.6167755126953,222.5555419921875,0.43525296449661255,6.09994649887085,142686.359375,2.151902914047241,608.858154296875,76.38689422607422,217.875472405911,-254.85709792586812,0.43266549706459045,0.011320401
14,1,-1.127843590359068,43.131612669879736,1.0803020000457764,2.0089681148529053,-372.3916015625,124.10987091064453,0.3372357189655304,2.5763120651245117,137359.671875,2.053467273712158,529.9625244140625,39.482120513916016,124.96859723038013,369.4075115549269,0.3365619480609894,0.14064333
14,1,-0.9339301914503155,49.818412290807906,1.1709017753601074,1.8033943176269531,-399.96112060546875,83.4561538696289,0.39890816807746887,5.29837703704834,143869.21875,1.9183217287063599,379.537353515625,44.18993377685547,84.36980638988011,400.9067429844038,0.4002073109149933,0.0003737493
14,1,-1.3191116305250326,33.32440798594517,1.158852458000183,2.0089681148529053,156.86891174316406,-347.7047119140625,0.338887482881546,2.5881781578063965,137359.671875,2.0589702129364014,775.7581176757812,37.20604705810547,-345.5342040366587,-155.95702552234508,0.3365619480609894,0.7995285
14,1,-1.049284742748052,46.995892021980076,1.1896824836730957,1.8493986129760742,-343.182861328125,-147.02310180664062,0.33150359988212585,6.053344249725342,104019.515625,1.9009884595870972,350.9533386230469,31.3302059173584,-151.0218298340021,342.3169735343333,0.3388617932796478,0.0008617493
14,1,-1.1484627414873214,49.79096674547247,1.1373482942581177,1.8409348726272583,279.8669128417969,241.28799438476562,0.49415385723114014,3.5992445945739746,115354.8359375,1.9503140449523926,390.31768798828125,27.73025894165039,246.16401645114632,-278.3331875592751,0.49389928579330444,0.0018157976
14,1,-1.1248471873481156,41.3186277355034,1.1882871389389038,1.7977427244186401,339.5470275878906,96.38732147216797,0.5037499070167542,2.295078992843628,125414.9921875,1.9476670026779175,470.8916931152344,35.324222564697266,98.81146528833384,-343.12751457922866,0.5030975937843323,0.02648463
14,1,-1.051360583762519,46.69425032749743,1.137140154838562,2.106264591217041,270.4439697265625,-246.05364990234375,0.1751895397901535,2.5909578800201416,152974.765625,2.093566417694092,588.6370239257812,52.29813003540039,-244.52181899408524,-273.57373002845947,0.17715391516685486,0.021821117
14,1,-1.562459650680837,40.87298569555887,1.1242027282714844,1.9820921421051025,259.0073547363281,192.78195190429688,0.3021829426288605,4.890146255493164,108463.1484375,2.0100982189178467,536.8490600585938,14.702445983886719,191.74598432301187,-256.97009514297105,0.30013906955718994,0.11955432
14,1,-1.4568226317945348,37.18002857054381,1.0494464635849,1.8082455396652222,-326.4207763671875,-36.10995864868164,0.44416019320487976,4.579468250274658,111019.7421875,1.9294195175170898,470.6979064941406,16.440574645996094,-36.29613617458461,330.5130227950757,0.44754916429519653,0.34060776
14,1,-0.5301860520553981,46.44266213506312,1.1642988920211792,1.8064460754394531,-0.01179366186261177,-338.1295166015625,0.199118971824646,0.39852046966552734,101932.96875,1.8093540668487549,307.40643310546875,90.68311309814453,-339.4217749409609,3.108323413561395,0.1993187516927719,0.0007423341
14,1,-1.005634176142475,47.928228623188446,1.1581158638000488,1.911057472229004,10.72212028503418,-370.05108642578125,0.35511019825935364,4.575633525848389,116072.4453125,2.005687952041626,455.946533203125,45.006866455078125,-366.8225713713028,-6.227101819127462,0.35400742292404175,0.0025025916
14,1,-0.9944360496199939,42.60627183342082,1.0860790014266968,1.9741688966751099,-73.3896484375,365.5926818847656,0.2089921534061432,0.09264256060123444,116367.515625,2.020334243774414,521.776123046875,52.850284576416016,363.67911924759886,71.93527372668962,0.21356292068958282,0.071737476
14,1,-1.3962983913484266,43.57415349721619,1.177396535873413,1.9544581174850464,366.2981872558594,127.45065307617188,0.40009692311286926,6.12619686126709,134110.453125,2.0250906944274902,531.7131958007812,21.348974227905273,124.12861494392907,-365.1055962754125,0.3955575227737427,0.025106136
14,1,-1.4845742815644754,36.78717859195227,1.0841189622879028,1.9325666427612305,-366.80023193359375,-53.80704879760742,0.4261077046394348,4.00227165222168,128425.125,2.017582654953003,649.5032348632812,21.281635284423828,-52.76725752766648,367.5812527909581,0.42697229981422424,0.59992754
14,1,-1.0360795933140625,39.48409814466262,1.1787976026535034,1.845022439956665,276.7071533203125,-308.9822998046875,0.19684891402721405,3.87215518951416,103508.5625,1.8802508115768433,414.4036560058594,38.13667678833008,-309.2017039382741,-273.458416303123,0.2013455033302307,0.011769576
14,1,-1.2459663591196175,46.994628782879225,1.1972465515136719,1.9221618175506592,361.6200866699219,-5.570807456970215,0.2609945237636566,1.2346117496490479,112368.7109375,1.9617429971694946,441.92694091796875,25.083168029785156,-5.604056900986777,-362.98571871012246,0.26139912009239197,0.0023247523
14,1,-0.8076899350681033,43.37301002026717,1.0492877960205078,1.9722228050231934,-262.0085144042969,-249.21490478515625,0.43553704023361206,3.8268771171569824,156842.453125,2.078798294067383,565.5429077148438,88.05928039550781,-246.7797337950148,265.0555453027302,0.4309804141521454,0.17071408
14,1,-1.1355149615231286,37.26748717800198,1.1536388397216797,1.9831132888793945,-99.05775451660156,-348.3602294921875,0.40766024589538574,5.890516757965088,147978.640625,2.1151440143585205,756.9119262695312,55.402530670166016,-351.28665029600364,101.38849643375582,0.4048439562320709,0.46524173
14,1,-0.8752736223054549,42.119807962539056,1.061432957649231,1.950724720954895,-235.95223999023438,306.9132385253906,0.4338976740837097,3.8290302753448486,156842.453125,2.075310468673706,588.4288940429688,78.41873168945312,308.68905449124827,238.3879274981605,0.4309804141521454,0.1990242
14,1,-1.3486093725262598,45.01249851656675,1.1971380710601807,2.0850024223327637,364.8174133300781,-195.58114624023438,0.29062485694885254,4.703160285949707,133790.328125,2.109304189682007,639.5498657226562,28.659164428710938,-195.89988390316262,-361.74010504841164,0.2889174818992615,0.03093511
14,1,-1.0225378726488956,42.98489640759892,1.0860979557037354,2.0883257389068604,-106.71041107177734,391.79632568359375,0.24430765211582184,5.745928764343262,129974.4921875,2.0610828399658203,565.607666015625,53.700286865234375,390.298433236542,107.85073027146868,0.24395227432250977,0.14302975
14,1,-0.9918446795706873,44.38594789652004,1.1377297639846802,1.9869303703308105,-80.3579330444336,-350.3365783691406,0.43315374851226807,3.831087112426758,156842.453125,2.1562509536743164,684.1631469726562,69.71309661865234,-347.55933070254275,83.97517122932588,0.4309804141521454,0.061089303
14,1,-1.54864206780894,40.18369077529817,1.150465488433838,1.9491146802902222,366.7365417480469,194.77857971191406,0.18734286725521088,0.1784086376428604,109517.4375,1.9943125247955322,529.6917114257812,14.97539234161377,194.0616622614736,-367.7397776684884,0.19000349938869476,0.070909135
14,1,-1.0133862949184131,28.417218357844533,1.1552350521087646,1.8388878107070923,-337.3114929199219,220.79945373535156,0.4371538460254669,4.065987586975098,131109.953125,1.935309886932373,614.1227416992188,59.548133850097656,222.26939345629958,341.35270835224736,0.43713250756263733,0.85685205
14,1,-0.9356415483383609,36.08405240633665,1.1541824340820312,2.105181932449341,-296.1488037109375,-189.6841278076172,0.2881045341491699,4.697072982788086,133790.328125,2.069884777069092,703.3168334960938,81.56595611572266,-190.70771435979623,298.26682939949444,0.2889174818992615,0.7145528
14,1,-1.127985991761174,37.09563492186396,1.1664053201675415,1.9823663234710693,95.93392181396484,394.333740234375,0.5143235325813293,6.139441013336182,136862.390625,2.1436691284179688,803.8004760742188,59.86342239379883,387.94918394693394,-94.90801079553218,0.5158898830413818,0.5740929
14,1,-1.0693140608117697,48.564474782466036,1.1503968238830566,1.9177887439727783,-270.0304260253906,225.3483123779297,0.45223698019981384,4.229057788848877,138731.578125,2.0116934776306152,452.68450927734375,38.59050369262695,226.04068852490227,274.697814336678,0.452053427696228,0.0044751605
14,1,-1.311278978836586,45.88399140383307,1.1752352714538574,2.037292957305908,-239.6024627685547,340.7080383300781,0.2857307195663452,4.689878463745117,133790.328125,2.113813638687134,616.2472534179688,30.093629837036133,340.98084158109,242.00096437731708,0.2889174818992615,0.014388069
14,1,-1.2447171059679774,44.101760941712115,1.1580188274383545,1.8915971517562866,-236.9909210205078,341.47442626953125,0.49300843477249146,2.4693169593811035,131759.71875,2.040090799331665,496.8418273925781,28.281309127807617,342.59252086048906,235.3486093802097,0.4938645660877228,0.031053297
14,1,-0.9916176078172575,44.44458753672455,1.178450584411621,1.8614182472229004,109.97826385498047,335.9429016113281,0.21923747658729553,1.4460102319717407,100399.3359375,1.9173275232315063,388.7226257324219,39.629730224609375,334.5232311430955,-110.8630725974354,0.21190671622753143,0.002635311
14,1,-0.8619540311729794,49.315599083932945,1.1905391216278076,1.8624906539916992,-83.43087768554688,321.8501892089844,0.3968459665775299,6.012917518615723,110006.3828125,1.9652180671691895,420.4109191894531,57.772239685058594,318.6125547000581,84.41675843112301,0.40001365542411804,0.00066768087
14,1,-1.3289674326283556,42.9588739366844,1.0945755243301392,1.9018255472183228,-126.82748413085938,305.52935791015625,0.47684136033058167,4.769082069396973,104665.703125,2.0070886611938477,479.82659912109375,22.49650001525879,304.2926401043827,131.24265780531928,0.4777243733406067,0.075713135
14,1,-0.7883969009606495,48.147854031558126,1.1804406642913818,1.9878920316696167,-40.62349319458008,-348.2745361328125,0.24683889746665955,1.1802539825439453,119172.484375,2.0065724849700928,468.7645568847656,76.30575561523438,-348.55272098658986,40.338808243103124,0.2507585883140564,0.003639011
14,1,-1.0911399700279143,32.97687020580813,1.1710411310195923,1.8962382078170776,-332.8401794433594,-167.46405029296875,0.3519379198551178,2.5629162788391113,145443.4375,1.9981495141983032,652.3793334960938,52.888275146484375,-164.39000097566705,331.0986689784032,0.3532402813434601,0.66044384
14,1,-1.077337977270906,49.71878673050152,1.1774624586105347,2.0237772464752197,282.08441162109375,219.25741577148438,0.2476540356874466,1.1717525720596313,119172.484375,2.0212788581848145,478.9068908691406,40.07855224609375,219.46276017510365,-284.74584379698155,0.2507585883140564,0.003193676
14,1,-1.0824753478765583,33.80056649240299,1.1704978942871094,1.8695517778396606,2.616081476211548,-344.8736267089844,0.31295692920684814,0.3437456488609314,139175.140625,1.975440502166748,598.1871337890625,49.4721565246582,-348.5617468835411,-3.1259664809494945,0.31218162178993225,0.5167048
14,1,-1.1330961875714831,41.679294734458175,1.1274253129959106,1.9424030780792236,-185.1156463623047,311.894775390625,0.2641313970088959,2.4356603622436523,110941.796875,1.9767119884490967,492.1893310546875,36.227203369140625,310.68249575460817,185.16766296088235,0.26323869824409485,0.05295159
14,1,-1.1103736001543676,45.54657986105739,1.1774137020111084,1.9752172231674194,322.7244873046875,90.11522674560547,0.30773869156837463,3.0397427082061768,127856.2734375,2.011692762374878,501.7936706542969,38.91799545288086,92.75679405173115,-322.6635151099539,0.3063618838787079,0.010582025
14,1,-1.0135841970557888,37.723751113504825,1.1022664308547974,1.9038550853729248,-343.4995422363281,-70.208740234375,0.26398974657058716,2.434178113937378,110941.796875,1.9389770030975342,471.4449462890625,45.692596435546875,-67.50255006914696,343.6182006783601,0.26323869824409485,0.23322435
14,1,-1.0128634791814388,42.383755427829385,1.0831180810928345,1.919946312904358,1.8914672136306763,349.4012145996094,0.47904524207115173,3.2586958408355713,135318.078125,2.1401751041412354,701.3076782226562,68.08390808105469,352.14143738982614,-2.4071010882863235,0.48275870084762573,0.14980341
14,1,-1.2998171306453246,45.39324630168977,1.182151436805725,1.9989951848983765,91.180419921875,-311.0725402832031,0.3967769742012024,2.0404393672943115,142021.078125,2.138564109802246,680.5499267578125,34.12255859375,-308.2878962939337,-92.62919986404654,0.403374046087265,0.028995488
14,1,-1.0855733645807082,39.41704573574543,1.180827021598816,1.8668901920318604,-277.8907165527344,170.87518310546875,0.44757431745529175,5.674210548400879,133356.578125,1.8911049365997314,427.2850036621094,35.08674240112305,164.83383454881218,278.5212497517608,0.44495218992233276,0.07762548
14,1,-1.1915644007420743,46.16876773019087,1.1575613021850586,1.8280452489852905,280.405517578125,-276.46697998046875,0.38232722878456116,6.250260353088379,124393.03125,1.9666537046432495,442.2008056640625,28.448122024536133,-277.9183195806387,-280.0021390817306,0.38451072573661804,0.0017612862
14,1,-1.1344024664693966,41.9707479241272,1.1883430480957031,1.9573097229003906,232.22557067871094,266.9562683105469,0.5152404308319092,4.703188896179199,130016.90625,2.0753467082977295,600.7747192382812,44.086761474609375,260.98893333870944,-230.38315761666496,0.5160228610038757,0.11150355
14,1,-1.4979396764230224,27.7065796034303,1.1708134412765503,1.9476925134658813,145.37570190429688,-319.6953125,0.4813658893108368,3.248319149017334,135318.078125,2.1474039554595947,1223.1387939453125,38.862876892089844,-315.2299636864961,-143.29178025498868,0.48275870084762573,0.8991303
14,1,-1.1984181846983468,39.97381016297015,1.1716498136520386,1.826481580734253,262.32086181640625,255.18528747558594,0.4243012070655823,5.648748874664307,106374.0078125,1.9562783241271973,490.8570556640625,31.08389663696289,251.82437676984395,-259.94945791124337,0.42117106914520264,0.03373254
14,1,-1.172947628360052,34.21155392843173,1.1794753074645996,1.81130051612854,-246.39222717285156,-224.3587188720703,0.3274489939212799,2.6676743030548096,104070.359375,1.914426565170288,511.5361022949219,34.35005187988281,-223.06793243450454,245.28163864895683,0.3316291868686676,0.26596212
14,1,-1.073531935212705,36.11650881300925,0.9900928735733032,1.8607075214385986,-121.6290283203125,-297.1899719238281,0.21877484023571014,2.19230055809021,109223.1640625,1.8829779624938965,417.03924560546875,35.208194732666016,-296.8449937579857,120.52347764194164,0.2166890650987625,0.47373083
14,1,-1.158637692250713,48.251515180836726,1.161324381828308,1.9713479280471802,-327.8819885253906,35.68581771850586,0.4360097348690033,1.5953396558761597,154824.40625,2.1154932975769043,583.4020385742188,40.48826599121094,34.29213190569557,325.09809338107186,0.4398891031742096,0.010748651
14,1,-1.0117932752726948,46.34036569500094,1.1790258884429932,1.8714309930801392,398.4628601074219,73.35376739501953,0.3264283835887909,4.53133487701416,136837.953125,1.9784307479858398,433.6388244628906,42.20207977294922,74.78126815910474,-395.05833988826714,0.32307976484298706,0.0018864854
14,1,-0.47400693765205815,39.07876530121918,1.185219407081604,1.911057472229004,372.40911865234375,167.0251007080078,0.35408881306648254,2.685399293899536,104070.359375,1.99854576587677,563.4658813476562,189.17356872558594,167.54460907124817,-372.5397208533563,0.3316291868686676,0.11192739
14,1,-1.0944763378545401,38.374715797065136,1.00797438621521,1.872946858406067,-160.90660095214844,-330.38568115234375,0.33028122782707214,2.651611804962158,104070.359375,1.9331896305084229,445.1551513671875,35.812435150146484,-328.8556178553566,160.67515785416904,0.3316291868686676,0.36274865
14,1,-1.3624114929206605,38.39231389694129,1.0034756660461426,1.9326080083847046,128.978271484375,-296.8376159667969,0.3433168828487396,2.5688586235046387,133112.125,2.0062415599823,578.5515747070312,25.114749908447266,-293.06674364165843,-132.00322299457164,0.3454156816005707,0.5341794
14,1,-1.381532606176521,44.86851423992733,1.1793122291564941,1.9428291320800781,326.40728759765625,-6.220510005950928,0.4434995651245117,3.475762367248535,126098.2265625,2.137178659439087,659.8583984375,27.41047477722168,-2.75744329435313,-323.478007940137,0.4445112943649292,0.021557316
14,1,-1.2473460780066923,34.65050106296026,1.1503208875656128,1.8788807392120361,-191.5776824951172,-282.1373596191406,0.2916026711463928,6.125561237335205,121361.78125,1.9661047458648682,585.020263671875,33.09965896606445,-285.8486803896703,191.17052982233994,0.28958165645599365,0.32156587
14,1,-1.2006404869860006,40.70928108230974,1.1407643556594849,1.9714447259902954,163.8448486328125,-372.65130615234375,0.33017733693122864,5.085053443908691,101513.359375,2.0191826820373535,545.8038940429688,34.387046813964844,-374.3174243684908,-161.29485276106294,0.33071306347846985,0.11304546
14,1,-0.9863286320680567,47.93193491720539,1.1452710628509521,1.9937940835952759,333.5483093261719,40.31920623779297,0.4145333766937256,2.838562250137329,138731.953125,2.064945697784424,528.7713623046875,54.568058013916016,43.75509940410981,-334.894143076584,0.4146251082420349,0.013937021
14,1,-1.106581321644114,44.92482733345959,1.1899511814117432,1.8939353227615356,-99.7669677734375,-306.00775146484375,0.4988623857498169,5.150182247161865,145146.25,2.0735957622528076,576.0509643554688,45.06907272338867,-309.78201120148896,102.91133882385923,0.5032303333282471,0.012186652
14,1,-1.1290130627412012,32.20594710529107,1.1795049905776978,1.9769623279571533,-278.9639892578125,241.01171875,0.4142017960548401,2.838587999343872,138731.953125,2.088836193084717,880.63525390625,65.43081665039062,244.07024947917586,277.53066241206113,0.4146251082420349,0.82712364
14,1,-0.6057463496030855,39.75728026150397,1.1436957120895386,1.9275656938552856,167.94259643554688,-340.1330261230469,0.2893418073654175,6.144977569580078,121361.78125,1.9496337175369263,461.6574401855469,114.43875122070312,-343.9124498941593,-167.91913315258068,0.28958165645599365,0.06954588
14,1,-1.1694486679437852,42.12666954631718,1.0863959789276123,1.8805112838745117,-144.20941162109375,311.5184631347656,0.32972970604896545,5.0827202796936035,101513.359375,1.9768928289413452,507.3604431152344,34.34524917602539,310.66833571462655,147.72556301589015,0.33071306347846985,0.034856416
14,1,-1.4206078976922025,30.45977866209627,1.1707793474197388,1.9415806531906128,-286.3808288574219,196.281982421875,0.4462403953075409,3.4830753803253174,126098.2265625,2.082426071166992,919.4547729492188,34.90769958496094,198.2841840748838,288.3448229761152,0.4445112943649292,0.8604045
14,1,-1.3927883614868979,48.02680989045208,1.1937482357025146,1.8766403198242188,-291.00543212890625,192.61129760742188,0.17923828959465027,5.401942253112793,137930.421875,1.9702333211898804,452.6717834472656,18.32283592224121,191.05550936710034,292.0448488667914,0.17457111179828644,0.0003153888
14,1,-1.0463288192563673,43.928381142987604,1.1908936500549316,1.897039532661438,-329.0062561035156,164.5200653076172,0.2594604790210724,2.721532106399536,106278.0625,1.943692684173584,439.8370361328125,39.5331916809082,165.50257375686795,328.77874736484875,0.26159366965293884,0.004994553
14,1,-1.0949165200684479,32.07008671443565,0.9863374829292297,1.8425873517990112,379.1531982421875,38.46943664550781,0.35596105456352234,3.049973726272583,154343.46875,1.9655117988586426,578.0202026367188,46.454261779785156,42.03428040203313,-378.0458227731217,0.35263141989707947,0.8391715
14,1,-1.1188708269467955,40.974016618551424,1.1898213624954224,1.8794316053390503,-120.54556274414062,325.41424560546875,0.1926572620868683,0.5144334435462952,148821.328125,1.9632469415664673,505.91290283203125,38.477230072021484,321.63750996206505,120.18364155972147,0.19420818984508514,0.012893057
14,1,-1.0428219192894517,26.692686606002002,1.1227070093154907,1.810325264930725,-129.38511657714844,-302.6083984375,0.1783718466758728,6.155154705047607,146738.75,1.8475980758666992,549.0890502929688,49.753082275390625,-306.32554770117963,131.32492648896704,0.17527005076408386,0.8156281
14,1,-0.9774073317893035,43.329853805831625,1.0582858324050903,1.8630132675170898,329.7853698730469,-151.64788818359375,0.3215615451335907,1.0028862953186035,108532.484375,1.901504635810852,389.0851135253906,40.98606491088867,-153.76609593696404,-329.41691759944115,0.321228951215744,0.03385405
14,1,-1.0864812344092674,37.70850269274868,0.9291881918907166,2.001685380935669,347.6347351074219,-23.24139404296875,0.39508044719696045,3.970355749130249,142681.1875,2.077526092529297,678.6610717773438,55.612308502197266,-20.106177831073538,-345.0173982540301,0.395033061504364,0.80613965
14,1,-1.2589375680557144,45.780626382816266,1.1719695329666138,1.9598053693771362,257.2366638183594,293.2123718261719,0.4128175377845764,6.2582244873046875,106417.5625,1.9987581968307495,478.68463134765625,26.37000846862793,289.1727837308573,-256.5190118632935,0.4160442650318146,0.011593384
14,1,-1.1620749704806295,30.50492868409382,1.168907880783081,1.8596177101135254,-336.4919128417969,-73.88410186767578,0.25020238757133484,5.788168430328369,120767.8984375,1.9274497032165527,550.0716552734375,37.87417221069336,-76.0704252458102,336.14376119533995,0.24701781570911407,0.6326396
14,1,-1.1590345285787491,41.71835460242037,1.156083345413208,1.9146337509155273,373.9919738769531,-44.40909194946289,0.19218827784061432,0.6214658617973328,126505.5,1.9872677326202393,491.171142578125,34.05626678466797,-46.17756820608469,-373.9424991162639,0.19123484194278717,0.020994907
14,1,-1.3584905682290684,39.71960733372597,1.1746159791946411,1.8650307655334473,341.85992431640625,-59.640316009521484,0.5007075667381287,5.251176357269287,102825.3984375,2.050626277923584,591.9148559570312,25.927879333496094,-62.91770774429455,-337.3532471447679,0.49752479791641235,0.102928296
14,1,-0.946828513435035,42.309795441479096,1.0663291215896606,1.809433102607727,69.52017974853516,364.0735778808594,0.2412843406200409,2.9656929969787598,133378.28125,1.8406565189361572,316.07879638671875,35.724456787109375,363.6433798771148,-69.94902575042182,0.2418532371520996,0.010996807
14,1,-1.0159552626238377,41.08748908845564,1.1767202615737915,1.9332515001296997,267.2588195800781,217.15338134765625,0.3099217414855957,5.355065822601318,128610.140625,1.9939296245574951,510.20855712890625,49.18034744262695,214.997785498006,-266.2585180765107,0.30910003185272217,0.03562589
14,1,-1.140857468604268,47.965794046315224,1.1802723407745361,1.8649189472198486,-329.7260437011719,238.34544372558594,0.49888166785240173,5.233071804046631,102825.3984375,2.033252477645874,501.315673828125,36.24537658691406,235.244538335018,334.0925373279707,0.49752479791641235,0.0026390962
14,1,-1.420626683247838,45.26647967261192,1.1651686429977417,1.8853012323379517,290.9134216308594,-293.3218078613281,0.40172314643859863,5.646788120269775,101024.203125,1.9945968389511108,493.1403503417969,18.721538543701172,-297.3609934565196,-288.6560526666892,0.4006195664405823,0.0059914635
14,1,-1.1709132615655398,38.703166832006374,1.0934739112854004,1.9554064273834229,354.80535888671875,104.7936019897461,0.22347350418567657,1.3538894653320312,115331.9140625,1.9861376285552979,510.9844970703125,34.47412109375,103.26856586937737,-357.79359561917744,0.22207899391651154,0.24999222
14,1,-1.2979906686985905,38.54941800024135,1.1316936016082764,1.8650307655334473,329.5495300292969,97.02879333496094,0.4994758069515228,5.231146335601807,102825.3984375,2.048004150390625,622.6403198242188,31.35055160522461,93.27521804795154,-324.0445574954919,0.49752479791641235,0.2358888
14,1,-0.6491950217518079,48.23534140504814,1.1388827562332153,1.9540057182312012,-135.55010986328125,311.5157470703125,0.49459803104400635,0.16745054721832275,116606.875,2.0191574096679688,468.599853515625,105.10096740722656,306.95246336579515,134.07059726965926,0.492301881313324,0.01889411
14,1,-1.1784932453566226,44.8801339921497,1.1820390224456787,1.8737324476242065,-407.8114929199219,-24.04787254333496,0.27392083406448364,0.7459630370140076,107571.2890625,1.966697096824646,431.396240234375,28.601024627685547,-25.550681372907725,405.44565859718,0.27760809659957886,0.0040437966
14,1,-1.5196204912774596,43.832866912751946,1.0983296632766724,1.9428232908248901,203.93545532226562,293.2588806152344,0.4176514148712158,4.941874027252197,110009.0234375,2.0172441005706787,504.5664367675781,15.250884056091309,292.6007926699067,-199.36375987302065,0.42144501209259033,0.055131026
14,1,-1.0699231223641512,47.242999833125246,1.181290864944458,1.8277682065963745,126.3466796875,351.6965026855469,0.3496604859828949,2.0771656036376953,117999.1796875,1.958314299583435,398.539794921875,33.92714309692383,352.4838474998823,-132.41756933657874,0.3481338918209076,0.0012293924
14,1,-1.208289311299613,40.36282923433174,1.1388041973114014,1.8309221267700195,-68.82215881347656,387.556396484375,0.36591672897338867,4.8912272453308105,107806.109375,1.8628183603286743,384.1458740234375,23.779626846313477,385.9546714423027,71.87408013745737,0.3700026869773865,0.031016922
14,1,-1.3780132760148704,31.063301689099596,1.1529197692871094,1.989419937133789,64.5986328125,315.4386291503906,0.522661030292511,5.553348541259766,104738.3203125,2.0911383628845215,826.0087280273438,34.591556549072266,312.49485813452196,-60.364707884884496,0.5221266150474548,0.8754951
14,1,-1.3239114333950295,43.98415234054491,1.0930424928665161,2.014357805252075,335.8621520996094,-163.4159393310547,0.41632893681526184,4.949595928192139,110009.0234375,2.065063238143921,590.6414794921875,28.016311645507812,-163.7121616642209,-332.79780655087325,0.42144501209259033,0.11735326
14,1,-0.9313824032206696,47.013280273328014,1.1886624097824097,1.989419937133789,-327.1521911621094,-138.8559112548828,0.5227985978126526,5.5476484298706055,104738.3203125,2.0934629440307617,528.4922485351562,61.89499282836914,-142.76471916471166,330.75604233203745,0.5221266150474548,0.018315468
14,1,-1.2052142160149086,45.4084864365315,1.1326998472213745,1.846850872039795,-334.0996398925781,93.908203125,0.42638203501701355,2.0915935039520264,104888.109375,1.9963598251342773,454.66705322265625,28.345083236694336,95.02724746419733,331.6637977431774,0.4285605251789093,0.008967299
14,1,-1.1316943980464076,44.266539608644244,1.1213152408599854,1.9598053693771362,160.41085815429688,-343.1368103027344,0.413371741771698,4.282038688659668,112681.8984375,2.0068633556365967,500.8038635253906,36.98044204711914,-341.5944139252763,-155.9636680547709,0.41591787338256836,0.04660536
14,1,-0.8470547887838417,38.984382308823825,1.187978982925415,1.9309604167938232,350.28131103515625,-69.3701400756836,0.3208168148994446,0.47310301661491394,131066.3359375,1.9944344758987427,606.2743530273438,86.2211685180664,-70.61138998730785,-351.12282117404476,0.3223431408405304,0.14479798
14,1,-1.077656041670467,45.46590569727289,1.1348570585250854,2.001772165298462,325.6536865234375,27.6779727935791,0.3407232463359833,5.185886383056641,137876.484375,2.10469126701355,609.92724609375,51.005985260009766,25.19547161685082,-321.61121884251907,0.3417570888996124,0.022858772
14,1,-1.0018641304332312,47.94406401056059,1.1677058935165405,1.913474440574646,62.8416633605957,-327.2839660644531,0.4279289245605469,3.6641955375671387,158635.140625,2.0382890701293945,496.7320251464844,49.46034622192383,-324.461040433416,-59.96356855909896,0.42785125970840454,0.0041641556
14,1,-1.335971408821532,36.447375507656545,1.1888853311538696,2.0434093475341797,137.3365936279297,-367.51104736328125,0.4128096401691437,4.284134387969971,112681.8984375,2.089918851852417,767.06591796875,35.388328552246094,-366.1745784574648,-132.26938604775248,0.41591787338256836,0.6500511
14,1,-1.0342737598818241,43.06324898599847,1.153120517730713,2.021951913833618,-348.7605285644531,67.24887084960938,0.3417159914970398,5.195240020751953,137876.484375,2.0677266120910645,608.0680541992188,56.19240951538086,65.49127722562775,351.91195187459533,0.3417570888996124,0.068869285
14,1,-0.9920576768019397,45.11653313087901,1.1766737699508667,1.8588756322860718,-269.2545471191406,214.47567749023438,0.4175952970981598,4.27361536026001,112681.8984375,1.9847562313079834,481.6255187988281,49.05134582519531,216.6824913932312,273.59584016544676,0.41591787338256836,0.005241681
14,1,-1.1466708795584035,39.7846196182094,1.0790032148361206,2.0175769329071045,-282.9292297363281,303.35699462890625,0.22453121840953827,5.677309513092041,141705.046875,2.0181055068969727,519.7112426757812,37.07575988769531,300.986271648644,283.4163582159047,0.22735311090946198,0.23182416
14,1,-0.6216871967413407,46.6445702041342,1.1338850259780884,2.019582748413086,334.8459167480469,-71.47598266601562,0.34295979142189026,1.7231559753417969,152345.578125,2.0525472164154053,531.8931884765625,127.09746551513672,-71.84444068972351,-337.45123024995996,0.34030377864837646,0.02617375
14,1,-1.4313579093805018,37.84864457035443,1.171968698501587,1.9114925861358643,-323.7236022949219,126.16984558105469,0.2282898724079132,2.138603448867798,121530.453125,1.9569679498672485,508.99224853515625,18.85171890258789,125.07749141774987,322.3836526189082,0.22899238765239716,0.1083721
14,1,-1.4297416697750083,29.075105892618666,1.191880464553833,1.9875739812850952,-244.4085235595703,301.9482421875,0.24135014414787292,0.7451665997505188,125236.3828125,2.0148727893829346,784.2240600585938,29.15392303466797,300.2057560439787,243.09461761373942,0.24334144592285156,0.87067384
14,1,-1.0848670838179095,48.33349794859533,1.1919224262237549,1.8066051006317139,-222.38282775878906,326.577392578125,0.37131044268608093,4.769601821899414,125000.3046875,1.8700758218765259,346.4485168457031,28.495094299316406,325.0571448002721,224.6043310891008,0.3711627721786499,0.00046137735
14,1,-1.0441604273158314,48.06586501300012,1.1691259145736694,1.869132161140442,-239.39439392089844,-267.1133728027344,0.30707454681396484,3.932495355606079,116699.7265625,1.9581149816513062,408.8319396972656,36.93033218383789,-265.2105627859091,244.18103461512334,0.30862554907798767,0.0010036774
14,1,-1.0383292739132541,41.636750757931694,1.114875078201294,1.9440464973449707,129.38941955566406,-308.1204528808594,0.4593725800514221,6.2431488037109375,109768.6796875,2.0278594493865967,559.6213989257812,51.23469924926758,-312.3183888504975,-127.47428746285266,0.4615038335323334,0.13376732
14,1,-0.5697134941514712,44.56194968884835,1.12100088596344,1.9022878408432007,-17.234102249145508,387.9878845214844,0.3285548985004425,3.102957248687744,118562.9765625,1.986136794090271,444.8418273925781,119.80963897705078,391.63290337867596,18.936099264497127,0.3312218487262726,0.0133702485
14,1,-1.0739665069167317,30.275710861543768,1.180462121963501,1.9553786516189575,-373.0784912109375,-156.88381958007812,0.32584628462791443,3.0402493476867676,146958.28125,2.0119738578796387,770.8326416015625,65.01190948486328,-154.08142258538953,373.643128772382,0.3239593803882599,0.8410872
14,1,-0.9925468368054615,45.46881075450485,1.198122501373291,2.014357805252075,-304.1778869628906,-163.26763916015625,0.4183049499988556,1.4093557596206665,144047.28125,2.0625431537628174,563.3111572265625,57.306087493896484,-164.05439818208825,299.6184406526158,0.4206937849521637,0.03531176
14,1,-0.7176843976736493,45.94114588388558,1.1215143203735352,1.905593991279602,-305.0206298828125,274.99981689453125,0.44680410623550415,0.24438603222370148,134624.078125,1.9538109302520752,400.2951965332031,76.6823501586914,272.76909830469106,302.6563798304113,0.44548141956329346,0.023894573
14,1,-1.3859061234536145,48.70860092109483,1.1923835277557373,2.111462354660034,-318.6014709472656,-59.854949951171875,0.3892519176006317,1.9411503076553345,150398.203125,2.167503833770752,648.1803588867188,26.65557861328125,-61.145143950238584,314.65330146719225,0.3905038833618164,0.023820212
14,1,-1.2785227928791216,44.537292109162145,1.0848008394241333,2.001772165298462,-111.65904998779297,306.5627746582031,0.339686781167984,0.7390720248222351,104537.8125,2.1104929447174072,613.7288208007812,32.31858825683594,303.39035355428354,110.37313388857503,0.33836108446121216,0.087591976
14,1,-1.3104679949725972,41.7932236137836,1.0456353425979614,1.992717981338501,358.52215576171875,-2.026482343673706,0.3376561999320984,0.7245426774024963,104537.8125,2.070976972579956,604.98828125,29.599031448364258,-4.3362837723904955,-360.127062164591,0.33836108446121216,0.28768408
14,1,-0.7800083415385158,39.812836826631845,1.1807068586349487,2.0613553524017334,-126.88555908203125,309.1004638671875,0.2595313489437103,5.4154438972473145,134546.640625,2.0720536708831787,618.9498901367188,102.7180404663086,307.95183648843465,129.73285521575158,0.262367308139801,0.19028944
14,1,-1.2467071455041114,44.96202090928122,1.1925076246261597,1.883490800857544,335.78369140625,-63.140167236328125,0.48053205013275146,2.429631471633911,127350.3515625,2.0499427318573,543.2830200195312,30.783470153808594,-60.92056337058458,-338.11031784808307,0.4806252717971802,0.012516352
14,1,-0.9544346016253116,49.789311629261135,1.1750704050064087,1.906815528869629,164.18128967285156,280.6426696777344,0.49851274490356445,1.3652397394180298,139516.109375,2.08349871635437,564.9622802734375,62.7457275390625,279.95030785152125,-169.55491161566923,0.49634984135627747,0.0037372592
14,1,-1.2554042332544124,49.339621045077116,1.192791223526001,1.995420217514038,-353.7288818359375,27.393882751464844,0.30893707275390625,2.018594980239868,127460.6640625,2.012739896774292,462.5287780761719,25.68815040588379,26.77645532986317,353.5590144748923,0.3085772395133972,0.0029398692
14,1,-0.9738212602021133,46.05801587576231,1.1394851207733154,1.9257142543792725,301.8926086425781,181.74038696289062,0.20063695311546326,5.003551006317139,101857.515625,1.9737253189086914,424.6277160644531,45.10099411010742,181.30767961514948,-301.14361888122477,0.1977948397397995,0.0025926803
14,1,-1.273791394697639,49.33885765053331,1.1682300567626953,1.859098196029663,-288.230224609375,217.34117126464844,0.49692341685295105,2.4581735134124756,131759.71875,2.0199153423309326,489.81304931640625,26.07577896118164,221.8404486720037,287.72137995988277,0.4938645660877228,0.0023028771
14,1,-1.109308982581857,34.38378140138143,1.116986870765686,1.8890963792800903,-375.6243896484375,173.35874938964844,0.1984589546918869,4.9914116859436035,101857.515625,1.9170353412628174,505.35400390625,39.29032516479492,170.7509880775779,376.9689974439672,0.1977948397397995,0.35454312
14,1,-1.236503624882052,36.809735132611586,1.1215952634811401,1.8103283643722534,-274.820556640625,190.93453979492188,0.4501328468322754,1.701968789100647,108771.828125,1.9741145372390747,504.656494140625,29.274585723876953,188.4002029946879,274.23256854938376,0.45143967866897583,0.30392975
14,1,-1.183634131715333,39.52746252195473,1.1875687837600708,1.880118727684021,115.34912109375,382.6076354980469,0.4280822277069092,5.958748817443848,106870.90625,2.003951072692871,537.677490234375,35.22787857055664,376.6426279736253,-109.25583981253408,0.42907950282096863,0.0691435
14,1,-1.125933468457307,40.098631490607,1.1960219144821167,1.804782509803772,207.98947143554688,323.57940673828125,0.3566654324531555,1.7663112878799438,101548.8125,1.9257526397705078,448.8416748046875,33.58600997924805,324.4086528686041,-210.25473673069962,0.35769349336624146,0.01782928
14,1,-0.9134212744640373,46.79038351312641,1.19955313205719,2.0348799228668213,10.166147232055664,355.6074523925781,0.19375908374786377,3.6247448921203613,159883.53125,2.05292010307312,560.5154418945312,68.4172592163086,356.85377041697376,-8.525317674320865,0.19178391993045807,0.004579117
14,1,-1.365018121661794,31.353722297279344,1.1334781646728516,1.826481580734253,95.19583129882812,-366.9146728515625,0.4256214201450348,5.968564033508301,106870.90625,1.951558232307434,624.2238159179688,26.935224533081055,-372.05813002718503,-92.5933978870709,0.42907950282096863,0.71788716
14,1,-1.2308248616020367,45.20354846389982,1.1299827098846436,1.9185690879821777,-165.5509033203125,326.7764587402344,0.39818257093429565,5.182139873504639,101525.5859375,2.0063986778259277,490.9203186035156,28.85257911682129,324.51502719223384,167.87993037648454,0.39772891998291016,0.014083053
14,1,-1.1062220712130728,36.55974144976352,1.0684781074523926,1.8765007257461548,276.46478271484375,-226.2287139892578,0.44798386096954346,6.160333156585693,121364.8125,1.9282753467559814,501.16461181640625,39.242549896240234,-229.7692525431121,-277.9066071753265,0.4515164792537689,0.49726978
14,1,-0.8558156781478037,47.69192388913668,1.1336157321929932,1.8853012323379517,363.6535949707031,-130.7122344970703,0.39995867013931274,5.012928009033203,111832.5703125,1.992254614830017,438.30853271484375,61.089073181152344,-132.27519348166683,-361.9939877762091,0.399528831243515,0.0032830765
14,1,-1.2328782417129882,37.23340008287684,1.1642019748687744,1.9598641395568848,36.483158111572266,406.7810974121094,0.39766645431518555,5.170806407928467,101525.5859375,2.012985944747925,575.0496215820312,33.63766098022461,404.9765307293404,-31.357777199674036,0.39772891998291016,0.39542127
14,1,-1.0942639682098818,45.80965302836914,1.1641404628753662,1.9197736978530884,-205.4348907470703,-277.9608459472656,0.18361113965511322,6.1554646492004395,144666.0,1.9355792999267578,416.4149169921875,33.51668167114258,-281.0110678725124,208.11738797370555,0.18265190720558167,0.0015881865
14,1,-1.4722029567524673,41.771811261077595,1.151710867881775,1.8347049951553345,-267.51861572265625,299.7035217285156,0.4073989689350128,1.8210893869400024,120739.171875,1.9725284576416016,461.6164245605469,15.562361717224121,300.1363675368159,266.1074210306579,0.4033215641975403,0.028358659
14,1,-1.0687649758659743,46.201897681629916,1.1670655012130737,1.8064460754394531,54.151832580566406,333.60626220703125,0.19810856878757477,3.324674367904663,119045.4296875,1.8141523599624634,302.8709716796875,25.8518123626709,334.77804344257316,-54.415346423040376,0.20098526775836945,0.00048741346
14,1,-1.3728045968213003,36.401651927714575,1.0002385377883911,2.0844244956970215,4.941909313201904,-411.6652526855469,0.2645931839942932,2.245129346847534,125024.984375,2.056114673614502,662.9628295898438,28.098493576049805,-411.65772696093927,-7.12469326989988,0.26633819937705994,0.8323267
14,1,-1.1649104944275819,38.83145009388363,1.0371583700180054,2.0323398113250732,-294.2893371582031,172.2370147705078,0.26240208745002747,2.237185478210449,125024.984375,2.0359489917755127,592.1829223632812,40.50832748413086,174.38351675649918,292.1582966842269,0.26633819937705994,0.5628716
14,1,-1.1290414030975047,43.53744063177265,1.199705958366394,1.9645787477493286,401.01544189453125,94.90740966796875,0.39112165570259094,2.6955721378326416,146560.359375,2.009032964706421,511.8904724121094,38.03071594238281,96.63194891574575,-400.6922702624463,0.3915969133377075,0.031865798
14,1,-0.5329059135688315,37.53177937962106,1.0349178314208984,1.8740053176879883,-368.09100341796875,-180.7498321533203,0.299450159072876,5.1048583984375,119519.1875,1.931870937347412,433.3746337890625,127.0448989868164,-182.49280171038185,371.5216141400606,0.30038437247276306,0.29747984
14,1,-1.0969377999312755,45.30371954669032,1.194496989250183,1.9681950807571411,321.9405517578125,-219.902099609375,0.2967064380645752,1.312237024307251,158631.15625,2.0499653816223145,555.1143188476562,44.40620422363281,-220.2075556959858,-323.9260215522378,0.29642993211746216,0.010493892
14,1,-1.1109513796564434,41.412199184365825,1.1570228338241577,1.8788807392120361,284.0284423828125,-198.529541015625,0.2946217656135559,3.619939088821411,119399.5625,1.962085485458374,474.0933532714844,36.72072982788086,-196.32653042272838,-282.4930089448529,0.2927870750427246,0.020520858
14,1,-0.8263061789613422,37.672539702822505,1.1701117753982544,1.9332515001296997,235.9749755859375,-258.56512451171875,0.31070277094841003,2.7468438148498535,151508.203125,1.9925733804702759,564.206787109375,84.1650161743164,-256.3889529769882,-237.27442296584476,0.3101946711540222,0.22466326
14,1,-0.5801903866229212,34.60176953982327,1.108851671218872,1.9672561883926392,-182.80712890625,373.0528564453125,0.38916710019111633,5.684005260467529,125905.40625,2.052077293395996,666.8554077148438,175.32386779785156,368.0365853622675,186.91932267002625,0.3864845335483551,0.72334355
14,1,-1.1875835818595768,27.773569451002835,1.1456199884414673,1.9111552238464355,-335.2344665527344,-183.36810302734375,0.28924933075904846,3.6181235313415527,119399.5625,1.941215991973877,607.6820678710938,39.454063415527344,-182.50139267577407,336.8456825689052,0.2927870750427246,0.8770879
14,1,-1.09387315570667,42.72106230031208,1.148843765258789,1.9132620096206665,154.28045654296875,313.7181091308594,0.4077507555484772,4.717987060546875,116541.84375,2.001171350479126,501.4918212890625,40.4007682800293,312.61023782662136,-148.67235351502515,0.4022272527217865,0.03649692
14,1,-1.344202679595238,35.91214362587952,1.0401657819747925,2.105181932449341,-194.46685791015625,-285.72198486328125,0.2880186438560486,5.026557445526123,118108.0546875,2.0630545616149902,639.2462158203125,28.937698364257812,-286.7973252680618,197.70893292395357,0.2873169481754303,0.8242009
14,1,-1.8322998488151765,36.94909553050234,1.1429848670959473,2.1124014854431152,-293.650146484375,-179.01080322265625,0.2974381744861603,0.8381699919700623,151113.8125,2.1686010360717773,930.1109619140625,13.684588432312012,-181.59651338225655,290.9356153613026,0.29365551471710205,0.7393653
14,1,-1.3654074301641927,41.50097223221571,1.1932077407836914,1.8955693244934082,-222.0445556640625,-251.72386169433594,0.33274418115615845,2.539414167404175,127218.046875,1.983352541923523,515.6647338867188,22.2309513092041,-249.3839838441309,219.2730144766223,0.3336451053619385,0.02460099
14,1,-1.2823923823056733,32.7728863308238,1.1866517066955566,1.97738516330719,-260.6723327636719,-257.89483642578125,0.3894440829753876,5.68198823928833,125905.40625,2.0344576835632324,668.3944091796875,34.88503646850586,-260.62403642388705,263.57252696682474,0.3864845335483551,0.7539685
14,1,-1.0448391877947898,41.03593055581621,1.156022071838379,1.870168924331665,220.31631469726562,-281.2351379394531,0.29139775037765503,3.6281323432922363,119399.5625,1.9525128602981567,460.46405029296875,41.52938461303711,-279.3720848332983,-217.9529123623901,0.2927870750427246,0.021535315
14,1,-0.4776390964513983,45.172304809234916,1.1434941291809082,2.0323398113250732,31.164793014526367,-351.552734375,0.2633155584335327,5.895608901977539,135876.984375,2.026564836502075,515.6714477539062,171.685546875,-352.24938290491195,-31.783143551661478,0.26608526706695557,0.01933164
14,1,-1.1806573311161637,49.98455682717489,1.1963093280792236,1.9526749849319458,-312.6143798828125,274.7962646484375,0.48228874802589417,5.558337211608887,144971.703125,2.1133155822753906,576.9249877929688,38.05930709838867,269.7319962093834,316.4807221356056,0.4808826446533203,0.0025912283
14,1,-1.3071325422564932,42.78091531972326,1.1527272462844849,1.8989731073379517,-255.25631713867188,-225.32322692871094,0.2868633568286896,2.8034465312957764,115723.515625,1.963248372077942,484.42822265625,23.88334083557129,-227.9294499627925,253.08313309564025,0.2839823365211487,0.015680524
14,1,-1.1046267750829182,40.43147635837944,1.1431005001068115,1.9022526741027832,313.3117980957031,128.66763305664062,0.5105336904525757,5.176827907562256,128695.421875,2.030179262161255,552.570068359375,43.42697525024414,126.14854699427308,-308.55225529006344,0.5104596018791199,0.16125482
14,1,-1.0534507787129646,37.41299232199127,1.1616209745407104,1.9227409362792969,-382.4322814941406,54.98366165161133,0.5121475458145142,5.9975385665893555,123954.875,2.132766008377075,800.8099365234375,70.80730438232422,49.90912425871417,384.0458619136156,0.5110560655593872,0.41630843
14,1,-1.2113458021703964,41.96363782288491,1.1184202432632446,1.9607423543930054,-153.91989135742188,344.25238037109375,0.47868797183036804,5.557466983795166,144971.703125,2.119586229324341,693.4298706054688,42.624149322509766,340.9180375606137,156.44010835753454,0.4808826446533203,0.15930998
14,1,-1.0346784804486628,49.55764439661056,1.1925318241119385,1.9123988151550293,-97.9004135131836,331.47576904296875,0.2863464057445526,2.812774419784546,115723.515625,1.9829139709472656,436.5436096191406,40.303993225097656,332.743074548828,97.9556622089782,0.2839823365211487,0.00079735735
14,1,-0.9506635294942977,43.40370590842016,1.183488130569458,1.9179104566574097,-2.4793903827667236,-409.06011962890625,0.36531078815460205,2.9848880767822266,112347.109375,1.9781228303909302,455.1199951171875,50.98724365234375,-406.07242719428353,1.240343689811744,0.36733365058898926,0.018160524
14,1,-1.11239718957247,41.32561625011748,1.1337096691131592,1.9314874410629272,-312.1716003417969,116.10240936279297,0.4809263348579407,5.553082466125488,144971.703125,2.1016438007354736,671.8358764648438,51.86389923095703,111.93049962697269,315.3674608915472,0.4808826446533203,0.13594627
14,1,-0.9546521606236765,44.19721909385695,1.1638904809951782,1.8063225746154785,-367.10321044921875,-59.061466217041016,0.44226574897766113,0.787574052810669,141904.875,1.9619760513305664,426.97552490234375,47.39689636230469,-61.31314282287522,364.60519522308965,0.44211816787719727,0.008599076
14,1,-1.1136326923988884,30.866294370510655,1.1882407665252686,2.093907117843628,-400.7755126953125,-116.26091003417969,0.4942154884338379,2.5553174018859863,150573.4375,2.169498920440674,1061.255859375,81.6933822631836,-110.66707141050628,399.2792252686609,0.49189141392707825,0.9004954
14,1,-0.619722581104608,38.65742322264572,1.0676820278167725,2.036792516708374,-49.14335632324219,382.2168884277344,0.3029392659664154,3.632718086242676,151405.203125,2.092791795730591,663.5236206054688,159.26983642578125,384.1878814838389,50.837912296259226,0.3098348081111908,0.5510407
14,1,-1.0859093409045002,28.114972603369747,1.1893802881240845,1.9504976272583008,391.65435791015625,72.59748840332031,0.4393823444843292,0.7892868518829346,141904.875,2.034005880355835,834.404296875,68.46467590332031,66.95391806456018,-393.22308630547985,0.44211816787719727,0.8966524
14,1,-1.3149191038206833,42.773434169333186,1.0918676853179932,1.974772334098816,-366.9958801269531,89.99726867675781,0.37395745515823364,1.7459076642990112,122628.0234375,2.0313236713409424,519.4999389648438,25.157337188720703,90.58674028860905,365.12792669764394,0.37506774067878723,0.13642076
14,1,-0.9907648577242714,39.91901221277354,1.0850918292999268,2.075348377227783,263.2001647949219,-251.7742156982422,0.3112718164920807,3.635120391845703,151405.203125,2.1192514896392822,665.3134765625,67.96116638183594,-249.06119759245846,-261.9249862893526,0.3098348081111908,0.49248275
14,1,-1.0704106169926464,38.72198131626287,1.1316670179367065,1.9087878465652466,-328.8520202636719,172.70843505859375,0.439269095659256,0.7861283421516418,141904.875,2.0010008811950684,542.3524780273438,46.117958068847656,168.06758612875282,328.34932842405414,0.44211816787719727,0.33635053
14,1,-1.185392081906679,33.392256357704106,1.17887544631958,1.8225576877593994,-233.78842163085938,-331.29718017578125,0.3589894473552704,3.5546681880950928,114870.90625,1.9025657176971436,538.5547485351562,35.14281463623047,-329.2996662755883,236.13740806855128,0.35908395051956177,0.40908837
14,1,-1.2971855809750763,44.509596940124595,1.121957540512085,1.8798211812973022,348.6111755371094,27.78564453125,0.20723450183868408,3.1319780349731445,123613.2890625,1.9826236963272095,469.76019287109375,23.69675064086914,28.6487807256684,-348.33227726983256,0.2084331512451172,0.0043769474
14,1,-1.3282135694950048,40.421334727684865,1.0577834844589233,1.8305232524871826,-266.24249267578125,-205.46768188476562,0.4498196542263031,4.575585842132568,111019.7421875,1.8532578945159912,342.6871032714844,16.094648361206055,-205.44067022912856,269.70645528335666,0.44754916429519653,0.122968756
14,1,-1.022018947748571,47.154438225595705,1.1987162828445435,1.8765007257461548,-276.1486511230469,179.99771118164062,0.4475875496864319,4.057528495788574,124621.8359375,1.9205769300460815,402.7336120605469,38.28227996826172,180.4730802986376,278.81963157893273,0.4481159448623657,0.0028259607
14,1,-1.285286465049872,42.14822882163058,1.1606788635253906,1.97738516330719,-345.05157470703125,-102.42543029785156,0.3911464810371399,3.6025493144989014,151146.921875,2.035674810409546,559.022216796875,28.982851028442383,-101.01201126113989,346.7730156607606,0.3916829824447632,0.09059536
14,1,-0.8939547976609342,35.83000557902462,1.1518630981445312,1.8596177101135254,-219.5179443359375,-311.1114807128906,0.24919144809246063,0.08327069878578186,128567.984375,1.9271432161331177,501.2203063964844,63.9842643737793,-313.889297293298,218.75349602238242,0.25174811482429504,0.2378158
14,1,-0.8683245599192941,48.024547126363835,1.1774721145629883,1.8580572605133057,175.84690856933594,293.8904724121094,0.298245370388031,5.671669960021973,153636.5625,1.9733458757400513,429.3682861328125,58.14396667480469,291.1205074651665,-174.50914556069142,0.2968501150608063,0.00062572025
14,1,-1.0940955423082956,38.2673562225341,1.1004139184951782,1.9658926725387573,-53.02809143066406,-409.68707275390625,0.25084665417671204,0.07270479947328568,128567.984375,2.007289409637451,555.9710693359375,44.766761779785156,-411.3102626839211,53.60518898885409,0.25174811482429504,0.36065304
14,1,-0.9449941607677159,46.67628752107786,1.1608701944351196,1.9021753072738647,71.33477020263672,-361.259521484375,0.23624363541603088,5.821930885314941,113353.03125,1.9003007411956787,355.1123352050781,40.30607604980469,-362.32356466777526,-67.509620851535,0.239765003323555,0.0013893142
14,1,-0.9161429822033713,46.784022523842346,1.118969440460205,1.894299864768982,-15.777546882629395,358.75421142578125,0.24500449001789093,0.0685235932469368,128567.984375,1.9415946006774902,425.4211730957031,51.6030387878418,355.8193802400434,15.652574549221361,0.25174811482429504,0.0043630884
14,1,-0.9792177272966365,45.74765616662684,1.1475857496261597,1.864592432975769,-211.49612426757812,312.9084777832031,0.37468501925468445,4.421427249908447,134068.890625,1.963161826133728,426.22711181640625,44.711822509765625,312.2585294179526,213.80406486832248,0.37779584527015686,0.004338755
14,1,-1.2399606104124559,37.979245340245,1.1985352039337158,2.051032304763794,380.155029296875,-67.79056549072266,0.2739505171775818,1.985115885734558,132883.15625,2.1191039085388184,739.7408447265625,42.57140350341797,-66.99648036548191,-381.7966116807124,0.2723463773727417,0.3860475
14,1,-1.859267006807239,40.18669895572142,1.179198145866394,1.8537790775299072,-377.57763671875,-144.62432861328125,0.3966587781906128,2.1512768268585205,114899.8359375,1.9552295207977295,486.880126953125,6.732069492340088,-144.0158083144586,374.15295513571607,0.3967117369174957,0.05004575
14,1,-1.3283741008822407,35.08851146321979,1.1729674339294434,2.0324790477752686,171.344970703125,-336.38818359375,0.3478037416934967,0.3416547179222107,121211.78125,2.016927719116211,680.3480224609375,31.941526412963867,-338.93477442230454,-172.37141545922358,0.3493480682373047,0.7476669
14,1,-1.375525181481257,41.1564487568726,1.1811105012893677,1.8303393125534058,-374.98114013671875,-60.15854263305664,0.295771986246109,1.163995385169983,100374.03125,1.9225356578826904,447.4664611816406,18.846599578857422,-59.81530634836668,373.8866012529504,0.29324987530708313,0.012798458
14,1,-1.5067588710818278,31.509171478344136,1.0823205709457397,1.871311068534851,-321.588134765625,92.93011474609375,0.2796618938446045,2.1030871868133545,112787.40625,1.9160596132278442,532.9216918945312,16.592121124267578,93.79521823465203,318.9906525891277,0.27056100964546204,0.7881289
14,1,-1.4245868812479037,45.291824191900446,1.1867419481277466,2.0369300842285156,153.7760772705078,-318.2430725097656,0.34757494926452637,0.3355475068092346,121211.78125,2.037337064743042,504.33721923828125,18.97281837463379,-321.566897381944,-154.5367080058293,0.3493480682373047,0.040658075
14,1,-1.378054300511302,36.71533653939385,1.1757912635803223,1.8263169527053833,269.2222900390625,-254.15513610839844,0.27272215485572815,2.102656841278076,112787.40625,1.8841469287872314,464.2591552734375,19.440343856811523,-252.2619316825103,-269.2103248487026,0.27056100964546204,0.08286204
14,1,-1.0362969923181364,36.164820735441786,1.1967651844024658,1.8489223718643188,-193.62588500976562,-292.1844787597656,0.17745377123355865,6.231462478637695,109165.5703125,1.921953558921814,527.1929931640625,48.492183685302734,-294.32255277390703,193.4148179581569,0.1786486953496933,0.034866836
14,1,-1.3336644297659097,34.251169524739154,0.9762766361236572,1.8836078643798828,-367.7244567871094,-98.43775177001953,0.5133624076843262,0.26727908849716187,122834.625,2.010504722595215,520.587646484375,24.145023345947266,-102.55430928879707,366.76183080902456,0.5112067461013794,0.8647397
14,1,-0.6603753532831519,47.193251927761025,1.1382598876953125,1.8375104665756226,-201.21932983398438,-277.4034729003906,0.18392837047576904,6.219985485076904,109165.5703125,1.8471977710723877,335.7069396972656,73.3811264038086,-279.24541027540306,199.3680254465043,0.1786486953496933,0.0004384207
14,1,-1.3223459558346713,30.923129466198535,1.0804141759872437,1.8317756652832031,-112.85083770751953,-341.091064453125,0.5069247484207153,0.26035746932029724,122834.625,1.9898130893707275,661.1298828125,31.473094940185547,-345.47444222085426,110.80638239620308,0.5112067461013794,0.86623836
14,1,-1.0187159941498054,30.069756582847493,1.0376012325286865,1.9219294786453247,-226.57266235351562,244.3136444091797,0.17670540511608124,1.658737063407898,153535.671875,1.9939323663711548,635.1046142578125,60.831504821777344,244.9573035673263,225.09679770208314,0.1749003529548645,0.8697333
14,1,-1.050873992299611,32.89566018742385,1.1584454774856567,1.9584369659423828,289.9156799316406,264.8612976074219,0.40239036083221436,4.597192764282227,148976.09375,2.057361602783203,746.5067749023438,66.39862823486328,264.0094388532369,-288.2122819597752,0.402351051568985,0.778016
14,1,-1.0063988979898475,29.194641415788258,1.135837435722351,1.8235269784927368,81.6372299194336,386.47882080078125,0.4466922879219055,1.7035385370254517,144557.546875,1.8742244243621826,536.2633056640625,52.84189224243164,389.34207349233486,-88.53022452262411,0.45653969049453735,0.8569205
14,1,-0.8991053522369398,38.61387113791649,1.129431962966919,1.8133130073547363,-335.47735595703125,-195.31130981445312,0.21575938165187836,4.496469020843506,121482.828125,1.873468279838562,386.232421875,48.72394943237305,-196.89019342906994,341.3884686740719,0.21522165834903717,0.022310918
14,1,-1.2659832477159316,42.614598801506716,1.180659294128418,1.9267116785049438,327.2474670410156,-261.8911437988281,0.41553735733032227,4.745718002319336,126417.203125,2.03825044631958,588.6087646484375,31.903778076171875,-263.1265318145859,-322.3011495307452,0.4146212637424469,0.034111258
14,1,-1.0693969972386697,44.52519325952998,1.105619192123413,1.8602443933486938,387.705078125,-39.65540313720703,0.30925488471984863,5.12545919418335,132779.6875,1.9218685626983643,404.5658264160156,34.48188018798828,-40.7310029508526,-386.1776526206597,0.31161314249038696,0.0063777063
14,1,-1.033189717525867,41.65872985614958,1.0965417623519897,1.8980493545532227,-174.9530487060547,-367.6136779785156,0.31023508310317993,5.123629570007324,132779.6875,1.9661719799041748,455.6675720214844,42.21408462524414,-369.9417967058349,176.54619793219248,0.31161314249038696,0.042368773
14,1,-1.2170614539452977,35.405017687775185,1.0513827800750732,1.9714796543121338,291.4414978027344,186.17527770996094,0.29108116030693054,1.7794607877731323,105528.4453125,1.9905741214752197,523.9593505859375,31.785919189453125,186.14613567056145,-292.5710501008898,0.2931593060493469,0.73751616
14,1,-1.2754797967073734,38.817873188150244,1.1517019271850586,2.035742998123169,89.90349578857422,-309.1602783203125,0.25021544098854065,5.19624662399292,145541.546875,2.1120615005493164,716.269287109375,37.98353576660156,-311.15378155506204,-87.90350644258443,0.24924728274345398,0.26240745
14,1,-1.6542694733678514,37.86345425344302,1.1296513080596924,1.9907240867614746,235.70680236816406,-223.9697265625,0.5049519538879395,5.616604804992676,102928.7109375,2.041513681411743,686.3597412109375,15.215263366699219,-227.18158234556512,-231.15157947682619,0.5053980350494385,0.59136546
14,1,-1.0709181454417733,44.010815508701725,1.151248812675476,2.0366146564483643,-198.547119140625,-364.2738037109375,0.25139570236206055,5.197088241577148,145541.546875,2.081394672393799,575.13525390625,48.84846878051758,-365.0207793323531,200.03853948613778,0.24924728274345398,0.031258143
14,1,-1.6517627777558723,45.5561954337061,1.1569546461105347,2.040973663330078,-183.04702758789062,284.15667724609375,0.5046545267105103,5.61414098739624,102928.7109375,2.0930168628692627,602.989013671875,13.44446086883545,280.23655099531294,187.71904440389577,0.5053980350494385,0.07256428
14,1,-1.3749592534933077,30.44173302812154,0.9944249391555786,1.8693389892578125,-300.8913269042969,-242.46337890625,0.5011367201805115,5.619211196899414,102928.7109375,2.0211846828460693,697.85986328125,29.431167602539062,-247.38742355831755,302.88050383173453,0.5053980350494385,0.8894101
14,1,-1.4989168133734396,44.72544917136376,1.1858952045440674,2.0656003952026367,-44.14206314086914,380.8434753417969,0.23898917436599731,0.02353731356561184,158099.015625,2.1613969802856445,691.7659301757812,21.93008804321289,378.9446787009937,44.058360273551955,0.23580874502658844,0.03873334
14,1,-0.8626245641829914,43.83662122595233,1.160515308380127,1.8189799785614014,-287.0872497558594,-171.64434814453125,0.2075476497411728,0.6003296971321106,108472.0859375,1.8883728981018066,387.7469177246094,53.20138931274414,-174.67661844595204,287.56245057931307,0.2056923359632492,0.002507243
14,1,-1.3209938147009384,44.047625289062545,1.1492860317230225,1.8492934703826904,-93.4999771118164,387.586181640625,0.3264109492301941,5.327540874481201,103067.59375,1.956532597541809,418.6713562011719,19.99296760559082,384.7780749093224,96.64273558074466,0.328848272562027,0.004608389
14,1,-1.1384545576874388,41.692768868650695,1.1960512399673462,1.8356398344039917,-277.93817138671875,204.9548797607422,0.2440248280763626,1.9420055150985718,114056.421875,1.8548043966293335,396.3838195800781,28.81773567199707,205.0866723434089,278.32071388735585,0.24798019230365753,0.005507853
14,1,-1.279553472935808,37.74409610714188,1.1172677278518677,1.9810740947723389,173.9495849609375,305.6542663574219,0.43525806069374084,4.453402042388916,112212.5625,2.0939457416534424,688.25390625,36.157135009765625,306.5468726077608,-170.7915637418427,0.4328147768974304,0.5551343
14,1,-0.8600255813541662,40.467901337456894,1.1915262937545776,1.9358011484146118,-334.53662109375,-239.75213623046875,0.19742825627326965,0.41422969102859497,129863.9921875,1.9654992818832397,499.3841247558594,68.93003845214844,-241.24914203091475,333.66504599261515,0.20030301809310913,0.035601556
14,1,-1.008838030210402,44.52295116714425,1.144996166229248,1.8347281217575073,-366.498291015625,-162.16590881347656,0.33549684286117554,0.3527268171310425,115886.6796875,1.8883501291275024,344.87548828125,33.79270935058594,-166.51388021767244,364.5795214080388,0.3366706371307373,0.006857504
14,1,-1.6781761688213293,30.333041155395012,1.1802436113357544,1.8479183912277222,-332.3924865722656,86.36784362792969,0.3255740702152252,5.331002712249756,103067.59375,1.9738891124725342,677.1015625,14.206090927124023,84.20853185946284,335.31392293750037,0.328848272562027,0.68993545
14,1,-1.1189575972017782,42.7454495269289,1.1129000186920166,1.9987285137176514,367.4756164550781,6.638210773468018,0.5208162665367126,4.045962333679199,153998.34375,2.2396585941314697,862.9320068359375,65.61729431152344,8.00481065505104,-364.2919174172255,0.518817663192749,0.24288018
14,1,-0.9196136905336617,46.921443239432136,1.1519453525543213,1.924533486366272,141.3269805908203,-306.12030029296875,0.48348164558410645,6.2165608406066895,158049.953125,2.02791428565979,517.3828125,62.25835037231445,-308.5737305357224,-140.60899579479238,0.48804959654808044,0.0091399895
14,1,-1.1560784844748369,36.351548887477314,1.0234488248825073,1.8267583847045898,-224.56639099121094,-294.98260498046875,0.3658522963523865,1.376296877861023,105066.6953125,1.8942219018936157,440.26708984375,30.735219955444336,-295.6372083785619,222.47100042835064,0.36653444170951843,0.50136983
14,1,-1.2147056814403554,39.95480107463607,1.1072624921798706,2.0221774578094482,124.31566619873047,-364.0089111328125,0.5191073417663574,4.042708873748779,153998.34375,2.2355833053588867,916.89501953125,55.92592239379883,-361.9546169506844,-119.88269835121972,0.518817663192749,0.5596771
14,1,-1.1214834583056725,42.93839385996333,1.1460424661636353,1.9355555772781372,372.4056701660156,-76.43167877197266,0.32935672998428345,5.020824432373047,145398.265625,1.9980636835098267,472.72967529296875,35.737831115722656,-77.75059318812242,-370.94037810521536,0.33043232560157776,0.025813064
14,1,-0.961924643348888,47.34959529223452,1.0919429063796997,2.0185539722442627,28.465301513671875,-370.04510498046875,0.49402934312820435,2.0903940200805664,155324.515625,2.067274808883667,559.35498046875,61.060752868652344,-368.8887788707436,-30.0218115418246,0.4878799617290497,0.06651207
14,1,-1.2501406245901638,39.902975955755416,1.1456313133239746,1.9280229806900024,222.685546875,-339.322998046875,0.2624349296092987,3.8788950443267822,118141.9765625,1.9299436807632446,438.5808410644531,24.655128479003906,-336.6827250741504,-222.8129497485265,0.26398056745529175,0.069496
14,1,-1.1357026177977019,39.97045638601132,1.1899863481521606,1.8415248394012451,129.7593231201172,-354.6852111816406,0.44022318720817566,0.14483638107776642,123905.8984375,1.992893099784851,560.380126953125,40.99954605102539,-359.3554800071843,-129.42247345825797,0.44377297163009644,0.07141248
14,1,-1.259148015272392,48.597612485686376,1.1132135391235352,1.9540057182312012,286.5859069824219,-174.6924285888672,0.4938375651836395,5.027153968811035,132880.359375,2.0237624645233154,496.43060302734375,27.334362030029297,-176.88725849261772,-281.1844464580286,0.49398258328437805,0.011729507
14,1,-1.320432699664011,44.531341869959185,1.1954189538955688,1.8485993146896362,277.56256103515625,250.96197509765625,0.2621017098426819,2.4487266540527344,125338.8046875,1.86093008518219,321.2425537109375,15.360223770141602,250.25582396518232,-278.2968910442873,0.27504369616508484,0.0020595705
14,1,-1.1406303228415124,30.059572999340663,1.107391595840454,1.8815618753433228,355.1929016113281,21.402496337890625,0.26451343297958374,3.871140718460083,118141.9765625,1.8828020095825195,504.5833435058594,36.50071716308594,23.2271089790031,-353.9439032188048,0.26398056745529175,0.8149215
14,1,-1.2498206083946328,27.938626119492262,0.9060657620429993,1.8883856534957886,-341.7854919433594,-89.93973541259766,0.20149505138397217,5.342446327209473,142446.265625,1.8843015432357788,513.8723754882812,28.909006118774414,-90.67970661776863,342.89431174335135,0.20617371797561646,0.90879166
14,1,-1.1676764474750059,37.444403812590295,1.1160047054290771,1.9981181621551514,170.3309783935547,-307.12408447265625,0.4589196443557739,6.18745231628418,137675.5,2.142430305480957,815.9706420898438,55.46222686767578,-311.4541436644922,-168.26081631819892,0.4621254503726959,0.604221
14,1,-0.9736221228512111,37.74532894235046,1.1721830368041992,1.8263169527053833,329.2203063964844,77.82324981689453,0.2733374834060669,5.216170787811279,114030.421875,1.8886092901229858,440.2412109375,46.780799865722656,74.81735835255087,-327.52106499644304,0.27285662293434143,0.03532862
14,1,-1.217069948093612,48.49797051502506,1.1490797996520996,1.8061063289642334,326.4517517089844,-109.45149230957031,0.3376077115535736,5.365913391113281,120271.2890625,1.8817650079727173,361.4834289550781,21.92888069152832,-110.60263014999299,-323.02523051949123,0.33706146478652954,0.00050503254
14,1,-1.5972536538332858,38.65355034270908,1.132615089416504,1.9309604167938232,-342.00341796875,-140.79238891601562,0.31945836544036865,4.899570465087891,103674.6640625,1.9870349168777466,532.595703125,13.462966918945312,-143.39262878084924,344.3751811267236,0.31875771284103394,0.17646864
14,1,-0.9130540001748525,49.350477956467635,1.1930160522460938,1.815810203552246,36.21989822387695,-319.8333435058594,0.44469180703163147,0.9185470342636108,140705.90625,1.9794175624847412,449.4188232421875,54.90304946899414,-322.92915111759396,-42.037962824827964,0.4414616525173187,0.0009793331
14,1,-1.6953686592977573,34.933382927978315,1.169774055480957,1.9428291320800781,-268.75506591796875,-221.9954376220703,0.44244956970214844,2.940638780593872,138590.0625,2.1402735710144043,845.1930541992188,17.044517517089844,-217.15511416996716,267.5315880041917,0.45127153396606445,0.6688464
14,1,-0.9134818515480507,44.07712176074164,1.189081072807312,1.8415248394012451,-363.8471984863281,-66.70274353027344,0.4405946135520935,0.9048364758491516,140705.90625,1.9934648275375366,454.11566162109375,55.422210693359375,-69.75887618199566,358.37822962479464,0.4414616525173187,0.010503111
14,1,-1.2883885407999252,48.14800456218377,1.1945573091506958,1.8393118381500244,-266.9449157714844,-301.07037353515625,0.1765587478876114,2.711549758911133,104293.21875,1.890389323234558,362.5562438964844,18.663131713867188,-299.83203369916424,267.1253189563085,0.1744285374879837,0.00026803755
14,1,-1.1930773710365943,42.703810182176184,1.1967003345489502,1.9553786516189575,347.5029602050781,-153.35813903808594,0.3239828944206238,4.551347732543945,148889.734375,2.0130982398986816,549.359375,35.21907424926758,-156.42171220229878,-342.6978358915358,0.3272130489349365,0.021843825
14,1,-0.9687811965580144,38.85152875301293,1.189087986946106,1.8884042501449585,-348.1138610839844,20.439746856689453,0.34792283177375793,6.171285629272461,122388.4921875,1.9148637056350708,483.4312744140625,51.94607162475586,18.14822727892985,349.13358580275155,0.3503621518611908,0.059237458
14,1,-0.9516676661155846,41.38108106400605,1.114727258682251,1.8233240842819214,-335.5682373046875,-206.29200744628906,0.21388672292232513,0.15000717341899872,103758.4375,1.8374452590942383,353.7726135253906,39.541709899902344,-211.0498456927546,337.2479390814883,0.21397164463996887,0.014542837
14,1,-0.8917818641063863,39.05305970983125,1.178336262702942,1.9224287271499634,291.3678283691406,-291.05413818359375,0.48810434341430664,3.683058738708496,155570.296875,2.144765615463257,826.2882080078125,106.0105972290039,-288.2908829918887,-289.03963365771546,0.48906901478767395,0.24951792
14,1,-1.100742763407084,43.576200596108485,1.1906797885894775,1.9133656024932861,-337.1451110839844,-148.80538940429688,0.4549943506717682,4.614299774169922,124215.40625,2.039180278778076,505.40789794921875,40.077274322509766,-149.4174857142559,341.5764774126454,0.4541035294532776,0.022190653
14,1,-1.5587963029738514,41.94605653490205,1.1573765277862549,2.0509824752807617,316.0823974609375,99.69313049316406,0.17901605367660522,1.3297327756881714,157840.78125,2.148275136947632,770.6057739257812,21.283052444458008,98.66429585919849,-317.0402981910601,0.18073712289333344,0.08372398
14,1,-1.0748978816955013,41.11753490111436,1.1036005020141602,1.9204661846160889,177.05714416503906,279.97113037109375,0.4526073634624481,4.6086225509643555,124215.40625,2.0473792552948,555.0736694335938,46.71451187133789,280.53105742445695,-172.81265617312152,0.4541035294532776,0.16001062
14,1,-0.8391926386087443,42.953415054640686,1.0819920301437378,2.0421738624572754,177.4817352294922,361.8487548828125,0.18199336528778076,1.3213754892349243,157840.78125,2.053722381591797,537.9940185546875,77.90839385986328,360.4396937817618,-177.46840662822402,0.18073712289333344,0.1018348
14,1,-1.1688673332711874,45.86048160074839,1.1549934148788452,1.9972805976867676,342.78466796875,102.49954223632812,0.43508419394493103,0.8521713614463806,149931.546875,2.1425838470458984,676.1448364257812,45.832279205322266,98.9232513710602,-345.2293905616774,0.4341302514076233,0.044081803
14,1,-1.3506761780974044,41.4605794315694,1.062291145324707,2.008756637573242,82.976806640625,-408.388427734375,0.47621452808380127,2.3765738010406494,144453.625,2.156419515609741,768.3743286132812,34.268524169921875,-405.6972134089683,-87.94846496249833,0.4749116897583008,0.45621693
14,1,-1.3650162254672935,37.62983349219205,0.9483132362365723,2.005068302154541,45.21514892578125,400.4309997558594,0.35339516401290894,4.1838202476501465,130257.0859375,2.123734712600708,695.8624267578125,30.026569366455078,400.51941227811375,-41.556128754538,0.35345613956451416,0.7743324
14,1,-1.0142592690008363,45.75067076709288,1.1916086673736572,1.8455190658569336,-289.26641845703125,-274.2092590332031,0.42112818360328674,4.8536858558654785,125209.3203125,1.962377905845642,460.579833984375,44.57020950317383,-276.32130101351834,292.75532112779854,0.4235056936740875,0.0027515758
14,1,-1.088403875869495,33.273461456211955,1.188954472541809,1.8336504697799683,315.6155700683594,101.20716857910156,0.2054624706506729,3.1021952629089355,142671.203125,1.9066517353057861,525.1962280273438,42.84663391113281,102.62128152682656,-315.19378503970785,0.20422759652137756,0.22692849
14,1,-1.3579730719279879,41.462645833612974,1.1172066926956177,2.0444729328155518,-236.60476684570312,279.4251403808594,0.3774715065956116,3.5514297485351562,140870.203125,2.103783369064331,703.3629150390625,30.846435546875,282.81139184666705,238.76806928820676,0.3768937289714813,0.2905633
14,1,-1.4211205809597776,45.609830407618865,1.1721572875976562,2.03871488571167,227.58642578125,-265.3714904785156,0.21096821129322052,0.055096838623285294,116755.90625,2.068910837173462,564.9276733398438,21.422504425048828,-266.5808053109051,-228.56599499883276,0.2137473225593567,0.018783383
14,1,-1.1386508201420322,47.16571272729627,1.1023616790771484,1.9015976190567017,-160.7281494140625,350.0456237792969,0.20614156126976013,3.1231915950775146,142671.203125,1.9970674514770508,478.0018615722656,34.735816955566406,351.99002467027196,157.99688842934523,0.20422759652137756,0.0024141509
14,1,-1.0937963949651222,32.3721251854654,1.196460485458374,2.0010969638824463,391.8390808105469,-142.28692626953125,0.3736715614795685,3.552938938140869,140870.203125,2.1361377239227295,946.7797241210938,76.2872543334961,-138.43044951336879,-392.50495528080614,0.3768937289714813,0.8071171
14,1,-1.1332219732974027,32.23931916284472,1.0464814901351929,1.9660894870758057,-384.4883117675781,103.75605010986328,0.35325777530670166,4.179903030395508,130257.0859375,2.116851329803467,810.6931762695312,59.6532096862793,105.55899139905554,387.25133941608635,0.35345613956451416,0.864002
14,1,-1.138445350846895,43.10736969467691,1.192762017250061,2.000378131866455,-252.30361938476562,233.5556182861328,0.2415589988231659,3.786390542984009,135992.015625,2.035825490951538,558.2620239257812,40.587440490722656,234.92233917073722,250.29757664655574,0.24474744498729706,0.021076646
14,1,-1.3777444055319723,38.77101881143278,1.109256625175476,1.9820828437805176,366.9956359863281,156.53526306152344,0.47794845700263977,0.9273461103439331,106590.6953125,2.1059505939483643,695.6178588867188,29.149078369140625,153.7442828998656,-370.6649353113925,0.474662184715271,0.58888847
14,1,-1.1196633582064275,45.23187149817468,1.1082570552825928,1.9796868562698364,389.0440368652344,-68.4361343383789,0.44444501399993896,4.370682716369629,158994.921875,2.1249728202819824,633.7838745117188,48.11460494995117,-69.88439416931756,-383.30429299747254,0.4465533196926117,0.052759852
14,1,-1.1861695610222802,31.49042102588557,1.1758582592010498,1.8925883769989014,-194.7422332763672,334.51177978515625,0.17794983088970184,1.136295199394226,102646.203125,1.935566782951355,620.0925903320312,40.39112091064453,331.01463429716523,194.11354495650673,0.1808852255344391,0.6198473
14,1,-0.9517998926573091,46.996277669480484,1.1264616250991821,1.8064181804656982,74.21784210205078,-409.6073913574219,0.2424793243408203,0.27925875782966614,107192.515625,1.853305459022522,343.32464599609375,38.362239837646484,-413.16517026806554,-73.22367834687437,0.2455921173095703,0.0012197596
14,1,-1.4136172515457406,35.417573117309495,1.1431238651275635,1.8852709531784058,209.8971405029297,278.6801452636719,0.278016060590744,2.551112413406372,110574.8828125,1.9123643636703491,499.2205810546875,19.260740280151367,281.66685915100516,-209.66410443665166,0.28076714277267456,0.34587252
14,1,-1.110875594526512,43.968070476549265,1.0713964700698853,2.007599353790283,415.6032409667969,33.531829833984375,0.2521871030330658,4.85481595993042,115806.546875,2.027632236480713,528.7115478515625,40.95832061767578,30.038882742091236,-412.27139712970956,0.2530387043952942,0.0521664
14,1,-1.1161210344002426,44.10485129420301,1.105776071548462,1.8609719276428223,-289.006103515625,-167.33535766601562,0.5200562477111816,3.6205244064331055,106564.515625,2.011516809463501,461.3577575683594,35.31145095825195,-161.7105421029051,294.6521271428144,0.5199208855628967,0.037980493
14,1,-1.2497308695839537,43.34650765156493,1.146155595779419,1.938888669013977,-2.286362886428833,-347.33099365234375,0.4809550940990448,6.186222076416016,129184.546875,2.054727554321289,557.6437377929688,31.37795066833496,-352.10277076963627,4.504620986191144,0.48307207226753235,0.05295055
14,1,-1.2048717810461098,44.278698862210824,1.1510415077209473,1.8507179021835327,188.54661560058594,-265.3673095703125,0.24792329967021942,2.146059513092041,112087.8203125,1.9153844118118286,406.785888671875,25.38004493713379,-265.77453681399794,-189.56553696536764,0.2462063580751419,0.0036522436
14,1,-1.1657514254413788,46.483582741220395,1.1469091176986694,2.0758135318756104,-8.569084167480469,358.2336730957031,0.431248277425766,6.097598552703857,159013.5625,2.192809581756592,740.81103515625,50.57724380493164,354.3266416330631,8.48751553188752,0.43101269006729126,0.0497712
14,1,-1.3465848757188401,41.63065403588849,1.1048332452774048,1.9832614660263062,276.45062255859375,211.00048828125,0.48373621702194214,6.190978527069092,129184.546875,2.0648906230926514,585.2691650390625,26.349302291870117,206.05933507432854,-276.2036197968482,0.48307207226753235,0.23519373
14,1,-1.1624713508561326,43.30286646142436,1.129812240600586,2.038804054260254,-29.987110137939453,-379.57489013671875,0.1816329061985016,0.04965371638536453,127664.828125,2.088787317276001,611.4034423828125,42.05866622924805,-382.73269692192156,29.329592896843863,0.1778460443019867,0.06267123
14,1,-0.985786797815664,40.926580162637634,1.116032361984253,1.9224121570587158,72.38583374023438,-389.9897766113281,0.2553301453590393,4.001818656921387,136714.5,1.9488890171051025,462.6571350097656,47.804805755615234,-386.81496172608695,-71.79344269726765,0.2579841911792755,0.051801845
14,1,-1.492525809526882,41.87729784043843,1.1941477060317993,1.9563567638397217,354.8043518066406,-116.33578491210938,0.46726518869400024,6.14128303527832,153264.640625,2.054147481918335,621.10009765625,19.981754302978516,-121.80440547371364,-353.2699120958088,0.4623028337955475,0.07085338
14,1,-0.653389673128398,38.42910570122214,0.9910076856613159,1.7981131076812744,-201.98448181152344,328.63189697265625,0.2951989769935608,0.1519421488046646,101397.84375,1.839428424835205,390.08331298828125,86.64972686767578,327.7577811506155,199.08795269722322,0.2920457720756531,0.22503246
14,1,-1.0647117761274103,42.81971044215387,1.1899868249893188,2.038804054260254,-351.0906066894531,-28.60942840576172,0.18004687130451202,0.04728284478187561,127664.828125,2.087678909301758,630.0186157226562,54.280120849609375,-31.104869032217987,351.9651807840308,0.1778460443019867,0.04232724
14,1,-1.57878492688126,25.65373027374635,1.1614528894424438,2.0240917205810547,-174.32308959960938,275.82470703125,0.18768835067749023,3.5061135292053223,142800.578125,2.0309550762176514,920.1467895507812,24.270034790039062,278.07488279605496,172.7819726834618,0.1934884786605835,0.9094039
14,1,-1.2320484502381217,49.66027521214568,1.1965845823287964,1.9137709140777588,-211.7246856689453,-319.6368408203125,0.2828946113586426,1.0445626974105835,110271.703125,1.9763808250427246,442.6072998046875,25.939908981323242,-320.5268783474141,209.4231827158287,0.28667548298835754,0.0009578751
14,1,-1.461137478496159,45.062785464127124,1.17008376121521,1.97249174118042,-150.01478576660156,306.8313903808594,0.4517933130264282,2.5421016216278076,136470.25,2.0893948078155518,583.0729370117188,20.164304733276367,309.75184554151303,149.49565209375302,0.4529044032096863,0.03655194
14,1,-0.7747734787157353,48.48045855866137,1.1971254348754883,1.9108134508132935,-321.8131103515625,-222.63934326171875,0.5023946762084961,4.4153361320495605,132367.03125,2.020165205001831,452.1087951660156,75.93970489501953,-223.55954762224923,327.7650266196218,0.505299985408783,0.0035737595
14,1,-1.2928589618373636,44.019735934343245,1.191344141960144,1.835438847541809,210.44241333007812,322.8782958984375,0.33375945687294006,2.808844804763794,110976.7265625,1.9196089506149292,416.9906311035156,21.245418548583984,322.9472468092072,-211.43594456158849,0.33638668060302734,0.003520097
14,1,-0.9645837366871325,42.78352859754869,1.1882977485656738,2.0730574131011963,-196.05746459960938,319.47271728515625,0.32309502363204956,1.6268388032913208,124326.7421875,2.1194958686828613,659.3461303710938,71.53673553466797,320.53318952042247,194.02658782997887,0.3208668529987335,0.12470916
14,1,-0.9647934930627939,47.32561631507945,1.1545333862304688,1.8953800201416016,271.8660583496094,-210.3651580810547,0.21498531103134155,0.46543461084365845,143711.828125,1.9530715942382812,417.2848205566406,45.252037048339844,-211.28160295218834,-270.49834709345356,0.21345655620098114,0.0019316744
14,1,-1.3864015280030109,35.23933024686417,1.1946038007736206,1.9173457622528076,77.77232360839844,310.4605407714844,0.33555686473846436,2.8058862686157227,110976.7265625,1.9941999912261963,622.2818603515625,25.561357498168945,312.84728834033245,-81.26716224392233,0.33638668060302734,0.40759584
14,1,-0.8049745198275543,40.25290494778104,1.051078200340271,1.8957582712173462,372.5314025878906,-18.088808059692383,0.31940504908561707,1.628736138343811,124326.7421875,1.9588950872421265,457.50701904296875,71.68406677246094,-17.27011496005527,-373.7953517069563,0.3208668529987335,0.17669694
14,1,-0.7133622457592904,32.79048483621477,1.1485404968261719,1.8352712392807007,198.4898223876953,289.862060546875,0.3852108418941498,1.9306567907333374,145350.984375,1.9580254554748535,579.9224853515625,112.2037353515625,290.8650318480751,-200.62398161127322,0.3839660882949829,0.63903517
14,1,-1.0197313271778725,43.0823724607849,1.1852998733520508,1.9703731536865234,-260.4178466796875,219.39846801757812,0.45720386505126953,4.04960823059082,157585.828125,2.133885622024536,705.120361328125,67.38004302978516,220.35192345951728,262.99483007818037,0.45944350957870483,0.06300167
14,1,-0.831326004443016,37.824359862876754,1.106209635734558,1.9506452083587646,-350.39569091796875,134.03961181640625,0.3188621997833252,6.063417911529541,130797.7421875,2.0459115505218506,615.547607421875,90.76850128173828,130.6042637341837,351.509375667922,0.3198433220386505,0.3090148
14,1,-1.4322612000291342,47.129747756409124,1.181727409362793,2.0051209926605225,-317.5347595214844,-60.838035583496094,0.3406703770160675,5.2874436378479,121460.8359375,2.0844104290008545,565.431640625,20.898582458496094,-63.70830183591683,321.7952364972054,0.3372735381126404,0.0071885893
14,1,-0.7914374719730107,49.78667670989842,1.1792796850204468,1.8206638097763062,-351.8030090332031,22.81212043762207,0.4746469259262085,5.879446029663086,150263.03125,1.9624383449554443,411.48992919921875,66.51522827148438,15.76752822162409,355.855447066741,0.4752081334590912,0.00064129685
14,1,-1.2859042350278749,40.56753606494611,1.1291362047195435,1.9530975818634033,316.60357666015625,136.21063232421875,0.3410401940345764,5.2950053215026855,121460.8359375,2.0477428436279297,581.235595703125,30.091686248779297,134.25666823865754,-309.88136232614875,0.3372735381126404,0.11373444
14,1,-1.411353216238445,47.180182577746045,1.197900652885437,1.7969266176223755,-364.8928527832031,-73.64895629882812,0.34632638096809387,0.5115789771080017,102056.7578125,1.805878758430481,294.9150390625,11.437731742858887,-76.60309628529205,366.78185939734743,0.34777697920799255,0.00091303774
14,1,-1.3178987789911472,33.315077759463996,1.142852783203125,2.0994629859924316,-207.93838500976562,-305.1671142578125,0.26110026240348816,4.563543319702148,138539.40625,2.1255180835723877,838.1156616210938,40.3091926574707,-305.7659363469851,209.82194490215068,0.2623170018196106,0.8347371
14,1,-1.0759076485376435,25.931385502844243,1.1644455194473267,1.9038256406784058,53.00822067260742,362.2567443847656,0.18914496898651123,2.341620445251465,112690.4375,1.973514437675476,800.3528442382812,67.20060729980469,361.7854954936105,-53.0869891939341,0.18217603862285614,0.8869491
14,1,-1.036896222125115,44.74444746792968,1.0911946296691895,1.9974478483200073,-192.4720916748047,295.02655029296875,0.26868218183517456,5.167416572570801,130668.765625,2.006967067718506,459.1766052246094,42.17766189575195,291.88557820830505,193.67339630663096,0.27270084619522095,0.029066902
14,1,-1.039371050754148,46.60872738295348,1.1048082113265991,1.936984896659851,-341.7949523925781,76.39472198486328,0.2586600184440613,0.9891724586486816,103691.921875,1.9326895475387573,391.787353515625,35.78311538696289,76.43525231277492,338.2171339170198,0.25694164633750916,0.0086262245
14,1,-1.2458542854154957,46.73125674119309,1.1778942346572876,2.0269269943237305,313.96923828125,-232.04698181152344,0.2955247461795807,5.025384426116943,148337.34375,2.0995235443115234,608.5368041992188,34.548667907714844,-232.04422702570167,-312.0285922551637,0.29393908381462097,0.008850249
14,1,-1.0582693385102562,44.396876077088685,1.1583651304244995,1.9541897773742676,58.59746551513672,-395.2483825683594,0.4608946442604065,3.1615335941314697,153061.40625,2.125182628631592,629.0047607421875,55.0026741027832,-392.03060402506594,-57.84303168071651,0.4649486839771271,0.043472566
14,1,-1.296106629587648,37.335370167439955,1.0228887796401978,2.0168697834014893,-7.379469871520996,343.6907958984375,0.29611533880233765,1.598300814628601,131175.6875,2.105517625808716,690.2435913085938,34.90555191040039,342.93524589134347,5.182098125015021,0.29697030782699585,0.71886325
14,1,-1.1306653005560854,31.041665745377994,1.113186240196228,1.8416266441345215,-130.20867919921875,-362.59381103515625,0.19362154603004456,2.023439884185791,106331.390625,1.9287288188934326,579.2291259765625,42.87302017211914,-363.1374739116125,130.3060307711052,0.19779004156589508,0.6709976
14,1,-1.054047462566725,33.999717047032355,1.0461006164550781,1.8486101627349854,39.72171401977539,414.4014587402344,0.2711299955844879,5.167840957641602,130668.765625,1.9449563026428223,490.55731201171875,43.3152961730957,412.99594743654694,-38.24385156444147,0.27270084619522095,0.54437685
14,1,-1.112750582911782,37.39179018701431,1.1068313121795654,1.9995906352996826,295.048583984375,-188.8358154296875,0.2529054582118988,0.9826667308807373,103691.921875,1.9978501796722412,580.2586059570312,44.7579345703125,-190.40938358367674,-295.47375952005467,0.25694164633750916,0.50599754
14,1,-1.1862874006842374,49.89771601747878,1.183605670928955,1.8266459703445435,334.92132568359375,88.97600555419922,0.48833900690078735,5.7241034507751465,103021.3984375,2.00862979888916,454.0592041015625,29.568113327026367,81.96334114259203,-331.5125720442646,0.49100661277770996,0.000703186
14,1,-1.2422898552951842,34.84465326879005,1.1246747970581055,1.8893375396728516,-179.05072021484375,367.0450134277344,0.31125572323799133,0.42170196771621704,114124.5859375,1.950699806213379,517.219482421875,29.606260299682617,364.4042949122097,176.38690528184446,0.31642577052116394,0.54883516
14,1,-1.02773389159161,44.62953372002973,1.1823095083236694,2.0258891582489014,-238.17678833007812,-299.8117370605469,0.30722737312316895,0.23858097195625305,151009.953125,2.1003310680389404,612.06640625,57.42009353637695,-301.8539637080448,237.4144854828927,0.30410581827163696,0.039025556
14,1,-0.8381761074810324,38.55856397794693,1.186942458152771,1.8225576877593994,-257.7535705566406,234.95950317382812,0.3589233160018921,3.6115615367889404,113212.640625,1.9038424491882324,444.26806640625,64.4864273071289,238.52289109752977,257.6427495822726,0.3624076545238495,0.04292896
14,1,-0.8333304845368116,43.36581226247439,1.1544369459152222,1.8029448986053467,-42.47853088378906,357.3052978515625,0.1784805804491043,0.2854265570640564,121224.109375,1.8525928258895874,338.79296875,49.728233337402344,356.8639304665877,40.62404507154419,0.18102219700813293,0.002268888
14,1,-1.2676047515439097,45.99246497991045,1.1951082944869995,1.9321671724319458,-406.7160949707031,75.47444152832031,0.4802921712398529,2.553987979888916,119451.5,2.1068899631500244,587.9901733398438,31.75147819519043,78.85963307080254,402.6089080420031,0.48200181126594543,0.014117727
14,1,-1.2979409691653792,36.13941518062473,1.1433106660842896,2.03548002243042,-167.35894775390625,326.949951171875,0.2533247470855713,3.392183303833008,121083.546875,2.0207459926605225,661.7236328125,33.3222541809082,329.04240793188535,167.23253757668155,0.2526404559612274,0.593862
14,1,-1.3524453168958621,34.26122757959859,1.17899751663208,1.8595564365386963,-204.0184783935547,246.64041137695312,0.3936775326728821,6.021288871765137,110657.859375,1.9935222864151,658.1922607421875,29.235193252563477,242.59992124263928,203.39833235010852,0.3937698304653168,0.39118633
14,1,-1.4412195900286846,43.0245440948358,1.188112497329712,1.9977177381515503,253.46221923828125,-239.209716796875,0.2829420864582062,4.16347074508667,123390.1796875,2.0172171592712402,549.439453125,19.892898559570312,-236.1154909953579,-252.0483078698085,0.28464487195014954,0.02820329
14,1,-1.0356840578518287,37.21936554657334,1.1686991453170776,1.9947960376739502,-179.55482482910156,-359.5126953125,0.2511657774448395,3.4111785888671875,121083.546875,2.018861770629883,577.5927124023438,53.203086853027344,-356.83376338627437,182.3747264229099,0.2526404559612274,0.3263796
14,1,-1.0041329576501907,34.56166812341021,1.1968262195587158,2.052867889404297,44.431365966796875,-373.7694396972656,0.24850857257843018,4.4093337059021,134497.578125,2.0560414791107178,771.1317138671875,76.38270568847656,-373.71471037789985,-42.06584510831847,0.24915577471256256,0.6487999
14,1,-1.197020551346949,42.5401900056835,1.086472511291504,1.9544609785079956,-400.1693420410156,73.85356140136719,0.4458320140838623,5.905487060546875,135078.84375,2.0843241214752197,603.1610107421875,38.31877136230469,69.50071212060004,400.2763753994243,0.4497491121292114,0.12734458
14,1,-1.078585557814922,44.279701901699944,1.1087803840637207,2.0263500213623047,-327.20306396484375,-183.51934814453125,0.26834818720817566,3.9167041778564453,103916.5859375,2.0136501789093018,473.00201416015625,39.4708366394043,-183.29135639061172,330.25961029439765,0.268218070268631,0.04824318
14,1,-1.1456240069258876,41.26789112287139,1.1604745388031006,1.8250744342803955,-232.21722412109375,242.4771728515625,0.4283398985862732,4.011786937713623,128425.125,1.9799553155899048,519.6068725585938,37.15777587890625,241.74352814353358,239.32051074993376,0.42697229981422424,0.025300806
14,1,-1.0654411359847533,46.41002671780846,1.1852599382400513,1.8602443933486938,369.252685546875,-189.579833984375,0.3096505105495453,0.18909244239330292,123434.1328125,1.922110676765442,397.725830078125,34.20907974243164,-192.5967261857316,-368.41707693368767,0.31049513816833496,0.002501654
14,1,-1.0695244693278132,41.65592321432358,1.1820735931396484,1.97821044921875,-189.65628051757812,309.8023986816406,0.4671190679073334,3.2161171436309814,122868.7578125,2.1187942028045654,692.1339721679688,58.97459411621094,314.3288831546789,191.56933308869114,0.46697044372558594,0.14618805
14,1,-1.012559118412767,45.926909644310804,1.1651103496551514,1.831383228302002,-329.31854248046875,-25.221704483032227,0.2625828683376312,1.2289843559265137,112368.7109375,1.874459981918335,347.631591796875,33.772159576416016,-26.699193703270858,326.6282137993691,0.26139912009239197,0.0016039214
14,1,-0.9048687853895913,35.83758816268621,1.0457921028137207,1.846850872039795,175.13551330566406,367.1931457519531,0.4267062246799469,4.010125637054443,128425.125,1.9862910509109497,532.529052734375,66.2939453125,367.3250368529558,-173.45782732691026,0.42697229981422424,0.57480997
14,1,-1.1250561842102644,35.96731823653379,1.088731050491333,1.8039040565490723,-346.6222229003906,166.3076934814453,0.43023258447647095,4.002244472503662,128425.125,1.9681282043457031,512.1288452148438,38.39917755126953,167.7301883514285,348.73575174065564,0.42697229981422424,0.36761394
14,1,-1.2192061309017836,36.13048937259775,1.0631632804870605,1.8391062021255493,368.98992919921875,-129.98281860351562,0.42945587635040283,4.005599498748779,128425.125,1.9936949014663696,521.2356567382812,31.46491813659668,-128.08733290505828,-366.54101591936967,0.42697229981422424,0.49549025
14,1,-1.2311838502398904,45.978105020784795,1.1878207921981812,2.0263500213623047,-380.1917419433594,-44.67324447631836,0.27057304978370667,4.4183149337768555,136102.359375,2.0174012184143066,488.1623229980469,28.666778564453125,-44.0759108254612,384.1081942807402,0.2695968747138977,0.009870894
14,1,-0.8776879483579475,49.31482128956225,1.1897069215774536,1.8272372484207153,-159.14527893066406,358.2757263183594,0.27876728773117065,5.778321266174316,124155.2578125,1.8778607845306396,357.9942321777344,47.44464111328125,355.21623899199324,161.42920517018453,0.27726784348487854,0.00021660065
14,1,-1.086984487984853,41.36442824916008,1.090905785560608,1.8832355737686157,356.40972900390625,103.0447769165039,0.20946864783763885,3.4726369380950928,128734.390625,1.9786828756332397,473.6257019042969,38.7658805847168,105.16377833938402,-357.84344192200484,0.20715688169002533,0.025977474
14,1,-1.1820458027196785,35.4621817253861,1.1056780815124512,1.8297457695007324,64.50918579101562,-339.0517578125,0.39596450328826904,5.519983768463135,119612.109375,1.9074769020080566,476.9731750488281,31.3651065826416,-341.0734773842736,-62.5848163114069,0.39316123723983765,0.36471844
14,1,-0.5283017984713588,46.249472162977874,1.1354855298995972,2.055145263671875,60.53385543823242,-356.54547119140625,0.30730098485946655,3.507805824279785,147720.109375,2.1281657218933105,643.7529296875,190.7292022705078,-353.92386084273625,-59.01902787320548,0.3083588480949402,0.030013122
14,1,-0.36146830250813916,47.18608949485376,1.1600421667099,1.8646776676177979,174.57720947265625,297.94775390625,0.24832087755203247,2.553487777709961,139456.484375,1.901731014251709,364.5118103027344,158.57803344726562,300.9882603500933,-176.99513146445307,0.24917447566986084,0.0011848556
14,1,-2.2191812884525803,46.041477829679636,1.0824164152145386,1.984715223312378,97.24214172363281,-321.7891540527344,0.41989821195602417,3.486503839492798,117983.25,2.0733509063720703,558.2003173828125,3.3697361946105957,-318.4155024324977,-96.31376175115545,0.41885119676589966,0.04825384
14,1,-1.645093359230658,46.45192549883465,1.1644313335418701,2.00089955329895,-281.8905944824219,169.5671844482422,0.41663652658462524,3.4940645694732666,117983.25,2.0593345165252686,550.6871948242188,12.4683256149292,173.40968497248426,284.19909174527413,0.41885119676589966,0.021641709
14,1,-0.7722938086226458,39.26101704044049,1.1882539987564087,1.9786392450332642,394.8802490234375,-66.42703247070312,0.4394649267196655,3.3839073181152344,142060.671875,2.1125259399414062,702.6467895507812,118.69786071777344,-58.27313099407598,-391.6207440233066,0.43789178133010864,0.28583598
14,1,-1.2747205802414472,49.56943598366545,1.1484981775283813,2.03515625,-339.5561218261719,-130.25682067871094,0.34671133756637573,1.7751637697219849,155902.78125,2.04532790184021,498.2325744628906,26.467315673828125,-128.98441494470612,336.3196405028988,0.3449946939945221,0.008613479
14,1,-1.2103324618186013,35.027104482813954,1.1755977869033813,2.0967204570770264,316.58172607421875,191.74533081054688,0.24423563480377197,1.403398871421814,153919.21875,2.1264266967773438,840.2537231445312,51.76987838745117,191.05936039360213,-318.46461065255903,0.2431587129831314,0.75446594
14,1,-1.2323938796022735,38.206683810606236,1.192668080329895,2.026742458343506,295.77069091796875,288.19244384765625,0.397474467754364,3.0019726753234863,154983.671875,2.147718667984009,795.041748046875,46.55808639526367,292.2741674584686,-296.70008810433217,0.39783909916877747,0.452178
14,1,-0.842955130699403,47.32460574818582,1.1526601314544678,1.8061063289642334,355.2723083496094,-17.749380111694336,0.337647020816803,3.6407997608184814,127716.59375,1.8840254545211792,339.38214111328125,48.72288131713867,-15.534523040504304,-350.9177405555298,0.34047582745552063,0.000912852
14,1,-1.2684212673867514,49.12261560828124,1.184839129447937,1.9883651733398438,-183.95034790039062,-263.5660400390625,0.43783754110336304,3.3659355640411377,142060.671875,2.0942227840423584,533.6917114257812,28.76521873474121,-259.6439302158758,181.6956514620868,0.43789178133010864,0.005986975
14,1,-1.0086298705739978,42.692083380609155,1.1896531581878662,1.871311068534851,-377.82159423828125,159.31900024414062,0.2797604501247406,1.6228430271148682,115994.203125,1.9133424758911133,388.69073486328125,38.10422897338867,160.07511285414955,374.56376030361866,0.2774236500263214,0.008357782
14,1,-0.800868138309266,43.44699630170184,1.011240839958191,1.7981035709381104,-238.48841857910156,-293.0265808105469,0.4197097420692444,2.893838405609131,113579.3046875,1.890632152557373,418.77423095703125,66.23860168457031,-288.037037658223,238.4514861219516,0.4163891077041626,0.035346374
14,1,-1.0914626658946065,45.301275507208004,1.0843864679336548,2.0223710536956787,161.14031982421875,-373.2043151855469,0.2802352011203766,3.7152609825134277,140636.328125,2.02500319480896,535.9437866210938,43.41657638549805,-367.69951186793315,-162.9468176927258,0.27491888403892517,0.04160249
14,1,-1.097605211572773,38.99419767104509,1.1509876251220703,1.8203017711639404,2.324021816253662,-346.73358154296875,0.3412395119667053,3.6427128314971924,127716.59375,1.9114375114440918,449.7633361816406,35.92341613769531,-343.53110150762853,-0.39728623642224986,0.34047582745552063,0.04447099
14,1,-1.396088748914794,29.35547335193376,1.179422378540039,1.858551263809204,245.9315643310547,-278.18304443359375,0.2906423509120941,0.26625484228134155,115223.4296875,1.8965221643447876,594.3783569335938,23.876596450805664,-278.79844878797564,-245.84774505863496,0.2946462035179138,0.8057419
14,1,-1.1627568665695944,45.30833446663616,1.1400587558746338,2.0844244956970215,309.44244384765625,-235.50271606445312,0.26598477363586426,0.29789993166923523,143047.9375,2.0552666187286377,573.0031127929688,39.39118194580078,-236.37212222831684,-310.033147854572,0.2681499719619751,0.065684885
14,1,-1.2416711525754185,35.65839923506649,1.1338157653808594,1.9264752864837646,-261.1767883300781,-317.5244445800781,0.3261702358722687,5.9888200759887695,100529.734375,1.999625325202942,606.1879272460938,34.74840545654297,-321.6572251793525,261.983296626335,0.32403555512428284,0.42448714
14,1,-1.4967440438723159,40.64964646028349,1.1737098693847656,1.7992318868637085,-280.333984375,-197.0980682373047,0.39236995577812195,3.9474923610687256,101787.328125,1.9454758167266846,480.9255676269531,15.322547912597656,-198.09635017013045,283.5623158135467,0.38994157314300537,0.016009703
14,1,-1.2346526685924606,47.13135429596821,1.1448599100112915,1.8272372484207153,295.5677185058594,-180.28440856933594,0.2776493430137634,0.609736979007721,116879.09375,1.8788135051727295,357.7125244140625,20.839120864868164,-183.88058463173385,-296.46895853740483,0.2805245518684387,0.001467228
14,1,-1.2107282491781814,39.53070550392278,1.016685128211975,2.005934715270996,163.57261657714844,350.0007019042969,0.32359424233436584,5.99313497543335,100529.734375,2.026254653930664,548.0979614257812,33.73872375488281,345.1226169984273,-163.89799985803424,0.32403555512428284,0.46143708
14,1,-0.7771049972132787,35.5899459228708,1.0701358318328857,1.8353859186172485,236.0587158203125,337.3607177734375,0.3354959189891815,2.4098165035247803,119616.0390625,1.87047278881073,400.8250732421875,66.9652099609375,337.3277478413354,-235.19524080387026,0.3361416757106781,0.4417372
14,1,-1.0231168752672546,46.26960392372211,1.1589425802230835,1.8595964908599854,-151.19960021972656,323.188232421875,0.30058640241622925,4.204590797424316,114441.5,1.9444265365600586,437.4664611816406,41.47886276245117,323.6908910210605,153.8565226434067,0.303009033203125,0.0018072701
14,1,-1.016578510777661,41.94499388549643,1.1894291639328003,1.883490800857544,-346.87200927734375,189.6143341064453,0.4789090156555176,3.1294057369232178,139366.1875,2.046219825744629,643.7859497070312,61.96725845336914,192.63767818620303,350.3725318588516,0.477926105260849,0.04479818
14,1,-1.0231533930598238,48.23154402549813,1.1888881921768188,1.8519737720489502,-379.8164978027344,104.45832824707031,0.301711767911911,4.239926338195801,114441.5,1.9013139009475708,357.5072021484375,33.894569396972656,104.6588625538117,382.60365554581387,0.303009033203125,0.0005812312
14,1,-1.599390734526158,36.21635731687359,1.1353284120559692,2.0191588401794434,-360.6791076660156,-65.80471801757812,0.3284880518913269,5.96894645690918,123561.9609375,2.0892438888549805,706.1532592773438,17.762569427490234,-67.4831886579503,360.1432593125849,0.331928014755249,0.58917826
14,1,-1.0539705331812943,46.39224840682158,1.1771154403686523,1.9746711254119873,235.86968994140625,-324.7038269042969,0.48567548394203186,2.4966859817504883,134644.609375,2.0851938724517822,582.9746704101562,51.48471450805664,-323.461613545356,-236.96378957261848,0.4858763813972473,0.024838772
14,1,-1.0138066322816663,47.43840874757247,1.1567250490188599,1.8318475484848022,90.12904357910156,-383.8075866699219,0.3734947144985199,2.6225850582122803,132622.4375,1.9130399227142334,375.4092102050781,36.36613082885742,-382.51833462974133,-91.99217572933519,0.3742695450782776,0.0016795836
14,1,-0.8365390510961244,44.47639624245837,1.1193852424621582,1.8795936107635498,334.39599609375,-165.30198669433594,0.27294686436653137,3.02978253364563,116568.8046875,1.933006763458252,416.31524658203125,60.6572265625,-163.98818196349904,-334.1069721555244,0.2761763334274292,0.007296447
14,1,-0.9193406340924728,47.37940842699321,1.1565676927566528,1.909304141998291,-240.0832977294922,294.5777587890625,0.2752351462841034,3.0449917316436768,116568.8046875,1.947135090827942,410.1611328125,49.38703918457031,296.3514941373227,241.00882555010614,0.2761763334274292,0.0022085235
14,1,-1.1660278068421313,40.80486670884143,1.0858310461044312,1.9758154153823853,-395.3155212402344,139.34719848632812,0.35060957074165344,5.988583564758301,141997.96875,2.0963282585144043,630.2656860351562,43.00261306762695,134.4003334145712,395.73746352689005,0.34846237301826477,0.18558307
14,1,-1.0897559024324517,41.29893033593925,1.1605918407440186,1.8193334341049194,-117.4634017944336,-396.6979064941406,0.3835923969745636,2.031994104385376,107409.7890625,1.9554718732833862,463.2597351074219,37.67623519897461,-396.19750169356377,114.4082314743644,0.383569598197937,0.021619584
14,1,-0.9715435392910086,43.830974376152376,1.1967365741729736,1.9273382425308228,-377.02740478515625,8.841132164001465,0.18463490903377533,3.651165008544922,131534.90625,1.9766197204589844,462.6585388183594,49.398773193359375,8.877043305877308,377.82851157155324,0.18560059368610382,0.0037819345
14,1,-1.1484807335538352,44.200747743309556,1.125014305114746,2.0477864742279053,-418.186279296875,-8.715963363647461,0.2914271950721741,5.715176582336426,144923.1875,2.062504768371582,539.7227783203125,38.34324645996094,-9.252377974693793,420.7949521814454,0.2922416627407074,0.052004
14,1,-1.1524670534469648,32.660102385811115,1.1673935651779175,2.018073797225952,-373.5646667480469,140.67446899414062,0.2929235100746155,5.706761360168457,144923.1875,2.074968099594116,747.511474609375,52.619895935058594,138.03358745072046,375.9732399286773,0.2922416627407074,0.770581
14,1,-1.2498728814748965,38.02120780826368,1.1414414644241333,2.0464539527893066,48.29012680053711,370.915283203125,0.2903784215450287,5.715874195098877,144923.1875,2.0350396633148193,586.9911499023438,33.01850128173828,369.31394103986185,-46.870444827090374,0.2922416627407074,0.42340657
14,1,-0.9178555036458553,39.45075867156372,1.0979137420654297,1.9672409296035767,371.9859619140625,48.199806213378906,0.4027085602283478,2.057058811187744,137962.796875,2.141786813735962,749.5236206054688,90.55852508544922,48.42329330798088,-374.03628126342585,0.40390530228614807,0.40267476
14,1,-0.9814880417435229,47.474395299019974,1.1775683164596558,1.9090220928192139,158.59466552734375,290.38970947265625,0.4283892512321472,0.034261032938957214,125433.390625,2.010411024093628,497.26226806640625,51.89154815673828,285.47517026301523,-157.65945122571586,0.4291189908981323,0.007070447
14,1,-1.140736492236394,43.77318215100675,1.1679273843765259,1.9394947290420532,92.53099060058594,-390.2021179199219,0.4026718735694885,2.061096668243408,137962.796875,2.1384031772613525,704.2310791015625,50.93048858642578,-389.63851805843746,-95.34232345677516,0.40390530228614807,0.034085006
14,1,-1.1302757033143545,37.68420060564388,1.1748390197753906,1.9832406044006348,24.55896759033203,371.38299560546875,0.42411893606185913,3.182002544403076,145981.34375,2.097970485687256,731.2885131835938,54.17666244506836,376.61458647756155,-25.362125410145076,0.4267183244228363,0.46654582
14,1,-0.9720218996929518,39.3546341349347,1.0607162714004517,1.8157330751419067,338.0159606933594,-194.30577087402344,0.3959949314594269,3.927726984024048,101154.9765625,1.8661075830459595,376.49017333984375,40.154170989990234,-192.80385836148272,-332.7326673723277,0.3941110670566559,0.12492409
14,1,-1.0500612855881626,45.777064212359996,1.1251970529556274,1.989295244216919,229.01669311523438,-297.7481994628906,0.39881548285484314,3.359832763671875,147464.03125,2.0723485946655273,572.2901000976562,50.998111724853516,-293.92792998859835,-227.53111678379466,0.39925912022590637,0.03361846
14,1,-1.1160669142858388,41.981605453966345,1.1554145812988281,1.9573097229003906,-305.1402587890625,-196.29580688476562,0.5159123539924622,2.2448534965515137,136254.0625,2.0819225311279297,632.0018920898438,48.3782958984375,-194.90426330180117,302.2668143058409,0.5178710222244263,0.18232585
14,1,-1.3345816310388061,46.26961128439137,1.1550867557525635,1.9130460023880005,347.9330749511719,62.261898040771484,0.30695873498916626,1.0115013122558594,121729.46875,1.9889214038848877,473.4009094238281,21.91015625,59.98826415798753,-348.6487141942204,0.311764121055603,0.0059928945
14,1,-1.095423320773684,46.43844972710022,1.198009729385376,1.824314832687378,-135.94869995117188,-319.10980224609375,0.4362886846065521,5.686017036437988,107054.6171875,1.9576599597930908,430.08709716796875,34.52485275268555,-328.35947584987764,136.04322142446398,0.43057501316070557,0.0015005362
14,1,-1.135412778178747,45.08698124073375,1.0956560373306274,1.9884203672409058,-341.6609191894531,131.534423828125,0.4007529616355896,3.3644936084747314,147464.03125,2.113524913787842,630.7217407226562,46.17682647705078,136.2825573888186,343.5415404898415,0.39925912022590637,0.059525978
14,1,-0.9081387439371855,38.12689141887361,1.008959412574768,1.977012038230896,214.5170440673828,-345.767333984375,0.31429770588874817,1.0196987390518188,121729.46875,2.0183615684509277,560.516845703125,69.25470733642578,-346.8431722317623,-216.42472994028128,0.311764121055603,0.63647807
14,1,-1.0693069165720361,44.840878436163656,1.1750733852386475,1.8118417263031006,262.21044921875,315.7825012207031,0.49373310804367065,1.511884331703186,103740.6171875,1.9226073026657104,376.76239013671875,32.118797302246094,314.05559912913674,-267.169633444352,0.4942653179168701,0.007930127
14,1,-0.7706994738976217,45.871760134488646,1.1812982559204102,1.9039548635482788,376.2972106933594,69.87102508544922,0.4294321835041046,1.843548059463501,132701.40625,2.051584005355835,506.7609558105469,85.92176055908203,71.50134646098772,-380.48359747729063,0.42490267753601074,0.0095239235
14,1,-1.0606211493880253,39.87076909845167,1.1706310510635376,2.002187490463257,-405.10723876953125,-40.98631286621094,0.41557377576828003,3.944383144378662,122454.671875,2.1227540969848633,706.8076171875,61.472286224365234,-41.4716187119604,408.1308688831991,0.41961148381233215,0.27730766
14,1,-1.1817549463158905,35.771860937951125,1.19182550907135,1.9050120115280151,18.981586456298828,-412.10992431640625,0.21341603994369507,5.15638542175293,130276.015625,1.9903970956802368,609.0946655273438,40.08009719848633,-412.86322440500254,-16.375434185470464,0.21447153389453888,0.13903084
14,1,-0.8549169360571538,45.76803287508563,1.1232359409332275,1.9934972524642944,111.70052337646484,-313.2424621582031,0.41817107796669006,3.9336118698120117,122454.671875,2.0979902744293213,563.76806640625,78.73774719238281,-311.5721877467619,-108.69186113043854,0.41961148381233215,0.038212985
14,1,-1.386224876002068,44.77875161554482,1.1675779819488525,1.9392293691635132,-258.54339599609375,281.069091796875,0.4674934148788452,0.2255008965730667,143371.09375,2.1133148670196533,624.2800903320312,25.653871536254883,275.68920865120896,258.0147237671279,0.46768251061439514,0.041300315
14,1,-1.1343087905149802,39.69978807552515,1.1998370885849,1.8877989053726196,13.215287208557129,391.8038635253906,0.4798600673675537,1.2608447074890137,104360.0625,2.025070905685425,635.7363891601562,46.66242980957031,390.10128539785575,-20.305592505401247,0.47702521085739136,0.13813525
14,1,-1.61191824674325,39.27531625475744,1.1521090269088745,2.029597043991089,372.3411560058594,-175.62890625,0.2462703436613083,3.0369389057159424,107312.03125,2.029608726501465,585.7130126953125,14.314085006713867,-172.78980060868042,-373.4175189286786,0.24618114531040192,0.24788861
14,1,-1.5242238654137161,41.85452164631307,1.1068708896636963,2.0883257389068604,-236.341064453125,-270.672607421875,0.2432929426431656,3.0147054195404053,107312.03125,2.0604987144470215,567.2747802734375,16.96551513671875,-270.2641033471046,236.88236788424436,0.24618114531040192,0.23103711
14,1,-1.0633706469949589,39.596001781419524,1.035837173461914,1.8589447736740112,249.71446228027344,312.626953125,0.42145511507987976,2.9214062690734863,110569.0,1.9799522161483765,496.7322998046875,42.92899703979492,315.40152116771293,-248.50115498631962,0.42601630091667175,0.2637544
14,1,-1.4498765011246753,42.36889866988962,1.0789014101028442,2.007599353790283,279.7923889160156,-232.35745239257812,0.24869419634342194,3.036569833755493,107312.03125,2.0313851833343506,561.8402099609375,19.940412521362305,-231.06744594721562,-278.9964449272476,0.24618114531040192,0.11300229
14,1,-1.256556059697992,41.84352992272073,1.1142629384994507,1.7999789714813232,-278.99761962890625,-234.91539001464844,0.18413886427879333,4.1970415115356445,103868.546875,1.8254636526107788,327.8880615234375,18.162145614624023,-234.6421178353103,280.5978102116278,0.1892392784357071,0.0038096209
14,1,-0.9754384213998543,35.978347066836164,1.1743167638778687,1.8149906396865845,-131.02590942382812,-376.410888671875,0.32076436281204224,0.7433191537857056,128030.640625,1.8407562971115112,405.8489074707031,42.94622039794922,-378.84058702584963,129.8026893008835,0.32127809524536133,0.16151991
14,1,-1.3177011820017241,40.04268363772988,1.1207016706466675,1.9102524518966675,-16.36154556274414,-330.88189697265625,0.4899181127548218,0.6422693133354187,118663.125,2.0848031044006348,712.3056640625,34.27393341064453,-335.72053749891865,14.880791513754751,0.4879605770111084,0.3004802
14,1,-0.9414312657056716,43.34109419815241,1.1632031202316284,1.8277682065963745,-104.2455062866211,-344.3027648925781,0.3501085937023163,3.2042760848999023,149855.59375,1.9620881080627441,455.710693359375,52.15033721923828,-341.2800902843687,104.84559170239348,0.34416326880455017,0.006235953
14,1,-0.6584152851516953,39.1098706651702,1.0053205490112305,1.8028889894485474,-120.74333953857422,354.9955749511719,0.49564918875694275,0.4960006773471832,103018.1328125,1.8697757720947266,410.3033142089844,90.0926284790039,347.6945340193645,119.5424071208445,0.4978142976760864,0.37707096
14,1,-1.145714001246897,48.28084846301503,1.1934974193572998,1.8973722457885742,-237.91404724121094,-341.1253967285156,0.4881340265274048,0.6444206237792969,118663.125,2.074098587036133,531.0917358398438,37.97120666503906,-345.15974183840086,233.9324399078889,0.4879605770111084,0.005119205
14,1,-0.9457558365513857,36.58285983629919,1.1463797092437744,1.8149906396865845,-378.40966796875,173.31802368164062,0.32143497467041016,0.75086909532547,128030.640625,1.8371796607971191,358.3288879394531,40.59989547729492,170.3430095796629,377.3633059923072,0.32127809524536133,0.16204374
14,1,-0.7277363163920534,48.240320482813694,1.09242844581604,1.988674521446228,-312.9460144042969,-264.9161071777344,0.22918112576007843,1.556219220161438,151477.453125,2.001340627670288,427.7495422363281,80.06684112548828,-264.82760962956536,310.2630733724043,0.22781258821487427,0.0072664297
14,1,-0.876371518627012,33.872079738789346,1.1594061851501465,1.8554868698120117,-207.03712463378906,-274.9058532714844,0.4648060202598572,0.18872104585170746,129794.5546875,1.9668841361999512,556.208740234375,73.93766021728516,-278.7543906600633,204.93175808891075,0.46357959508895874,0.67050827
14,1,-0.8127723755888171,49.357951803839214,1.1941195726394653,1.9217196702957153,-181.083251953125,333.3877868652344,0.45527422428131104,5.002295017242432,133312.328125,2.036660671234131,493.46478271484375,75.94220733642578,332.26076159855626,185.59276352103518,0.4538232982158661,0.0020785558
14,1,-1.2632701996626037,46.82350669473706,1.1851037740707397,1.8461357355117798,205.58164978027344,335.02459716796875,0.2926051914691925,5.860171794891357,140582.171875,1.901964545249939,356.7087097167969,19.4554500579834,332.07897094204515,-204.5704457487239,0.2936377227306366,0.00072781177
14,1,-1.1698813011643912,27.305074278983295,1.1608473062515259,1.9854321479797363,379.5140686035156,108.95719146728516,0.47633615136146545,2.0581319332122803,136983.5,2.084505558013916,967.6425170898438,65.43844604492188,110.80190857678342,-381.74215793381853,0.47461673617362976,0.912319
14,1,-1.027855487076251,40.519473201085766,1.0805636644363403,1.8852927684783936,56.37810134887695,-344.40576171875,0.19171103835105896,2.793734550476074,112066.3515625,1.930381417274475,440.4294738769531,41.306636810302734,-342.39771170572635,-54.40420404295089,0.196889266371727,0.042860415
14,1,-1.0373832855404004,43.66250428478188,1.1412324905395508,1.908913254737854,-146.96981811523438,297.3963317871094,0.4554951786994934,5.001894474029541,133312.328125,2.0159871578216553,463.5032653808594,42.527366638183594,295.61182762732466,150.50111670515162,0.4538232982158661,0.032537676
14,1,-1.4680179739748764,27.95314997019902,1.1616379022598267,1.8574086427688599,-272.2584533691406,-234.18516540527344,0.38639548420906067,4.617586612701416,106051.359375,1.9828734397888184,775.86865234375,26.410011291503906,-235.64325984178186,275.0904518940627,0.3848574757575989,0.8581043
14,1,-1.2104061816535805,44.18270150285905,1.1550054550170898,1.9270893335342407,-319.32171630859375,151.52996826171875,0.20015116035938263,2.767016887664795,112066.3515625,1.9554864168167114,438.1170959472656,26.988727569580078,153.22727656580773,320.71495448941965,0.196889266371727,0.006503514
14,1,-1.1421948184841804,49.96566874299057,1.1733226776123047,2.000378131866455,-309.9525146484375,-222.33319091796875,0.23849746584892273,0.0837940201163292,126548.9609375,2.0315985679626465,464.53741455078125,33.48301696777344,-225.10108739862827,310.48299044077703,0.23335246741771698,0.0025927348
14,1,-1.0416583570251035,30.311090035343817,1.1654711961746216,1.9625415802001953,-204.6841278076172,-290.3418273925781,0.3956957459449768,3.805335521697998,127850.578125,2.0455987453460693,772.12548828125,70.15019989013672,-288.93814923006215,208.23632849434074,0.3971167802810669,0.8629038
14,1,-1.0708600332560672,41.27496610812853,1.0727888345718384,1.8352712392807007,-353.0486755371094,-143.60403442382812,0.38602039217948914,0.43073388934135437,120803.0703125,1.952365756034851,483.6428527832031,41.08314514160156,-148.8436621720565,353.82355098491803,0.38343891501426697,0.0824169
14,1,-1.031784647376839,39.593075860051584,1.1933096647262573,1.9362775087356567,-120.00640869140625,394.3252258300781,0.288320392370224,5.268941402435303,136952.15625,1.9675233364105225,491.2735595703125,45.66019821166992,393.4423320023092,122.1310227896051,0.2863118648529053,0.0545187
14,1,-0.8853403570216598,36.43989439505031,1.1212958097457886,2.031395435333252,-348.16845703125,233.5015106201172,0.3948141932487488,3.808016538619995,127850.578125,2.0649027824401855,656.1696166992188,85.44275665283203,236.31122616908695,349.5364665045579,0.3971167802810669,0.7187732
14,1,-1.137975212283016,48.06757047240058,1.0987446308135986,1.8237797021865845,47.322235107421875,-322.3945007324219,0.45831581950187683,3.784372568130493,111505.6328125,1.9719215631484985,403.1727294921875,29.343671798706055,-318.69089948419037,-44.32497556206045,0.4617001414299011,0.003245343
14,1,-1.300692143862884,39.461249775771115,1.014970064163208,1.8640201091766357,-321.52056884765625,-227.44107055664062,0.3173343539237976,4.0977349281311035,125462.0703125,1.9790562391281128,440.23541259765625,22.02880096435547,-227.3181715056685,325.10198707379163,0.314043790102005,0.18821292
14,1,-0.9956224678074239,42.11881123830069,1.109430193901062,2.0392770767211914,-57.3736572265625,-318.0192565917969,0.23349182307720184,0.09898363053798676,126548.9609375,2.0206682682037354,530.4557495117188,53.58285903930664,-319.6590341897388,57.60899767070163,0.23335246741771698,0.16001107
14,1,-0.9432963421115533,44.22876471466586,1.1652114391326904,1.9030390977859497,-286.58746337890625,269.45062255859375,0.402721107006073,3.810051679611206,127850.578125,2.048194408416748,555.2936401367188,63.27405548095703,270.56898150004696,290.51600973747486,0.3971167802810669,0.014729875
14,1,-0.9590481200747029,32.679221045979034,1.1502552032470703,1.801121711730957,-283.4952697753906,-200.6810302734375,0.4574734568595886,3.7658495903015137,111505.6328125,1.9026156663894653,488.5982971191406,53.69118881225586,-197.98102086238356,287.97348745704437,0.4617001414299011,0.61610407
14,1,-1.1929522268093737,35.056484255784234,1.14490807056427,2.0281920433044434,2.775729179382324,-412.0174560546875,0.27545666694641113,4.608612060546875,152756.984375,2.027700901031494,597.708740234375,38.32977294921875,-412.5575722440177,-0.8076023797358864,0.27836036682128906,0.667547
14,1,-0.9882105842599037,36.71983008333567,1.0992578268051147,1.9238771200180054,-256.2577819824219,227.3917999267578,0.27969545125961304,4.8829545974731445,120932.9140625,1.9383150339126587,469.28106689453125,48.2193717956543,226.4471794847922,257.9640260787023,0.2812540531158447,0.34846324
14,1,-0.8669315837076188,47.08577212880968,1.1239728927612305,1.9089345932006836,-166.62664794921875,274.1214599609375,0.27163076400756836,4.746720314025879,158999.1875,1.9890167713165283,444.19342041015625,60.34479522705078,272.44029940071545,169.20908722825703,0.26858705282211304,0.0027309982
14,1,-0.7723655714558542,45.257341827765444,1.166031837463379,2.042273998260498,313.9411315917969,232.1876220703125,0.2420148253440857,4.969945430755615,142846.046875,2.090519666671753,562.6998291015625,95.04094696044922,230.45450346243257,-312.74660898970774,0.24114900827407837,0.016022202
14,1,-1.0932171510817241,29.14967133465284,1.170513391494751,1.8726645708084106,-141.21151733398438,-387.86444091796875,0.2459690421819687,1.0955162048339844,113869.296875,1.8672293424606323,511.66455078125,41.28260803222656,-388.2154354600893,137.71865257329014,0.2400113046169281,0.8096252
14,1,-1.28531410872289,40.718358540137764,1.1279436349868774,2.083850145339966,-331.4379577636719,38.895687103271484,0.19801904261112213,2.1303160190582275,134836.171875,2.0975096225738525,644.3782958984375,33.40607833862305,39.72703842951954,330.1475808269719,0.19787266850471497,0.24600112
14,1,-1.1136279685140784,36.20748223818788,1.1229853630065918,2.0486974716186523,106.58672332763672,-349.8547058105469,0.43844303488731384,5.356236457824707,151777.8125,2.183802843093872,957.7982177734375,73.73020935058594,-352.49695676458765,-103.87125531429155,0.43891483545303345,0.7578119
14,1,-1.0019795184510494,47.12664455549111,1.1620259284973145,1.9927921295166016,-347.7349853515625,46.960323333740234,0.5228365063667297,5.381412506103516,116007.078125,2.057177782058716,530.2984619140625,52.7885856628418,43.23945161490029,352.55181438628836,0.5234571695327759,0.02405591
14,1,-1.5019072195121228,47.346020856537116,1.1946971416473389,1.8400120735168457,392.3633728027344,48.62093734741211,0.39962419867515564,4.330261707305908,115333.78125,1.9730300903320312,422.1498107910156,13.290952682495117,51.245426279792746,-387.1114401594945,0.39719608426094055,0.0012222113
14,1,-0.9238889033597536,42.813067775975746,1.1883411407470703,1.8632473945617676,-307.4354553222656,270.8478088378906,0.382902055978775,2.9297666549682617,114903.9765625,1.9948042631149292,531.0404052734375,63.275848388671875,272.5684977121739,306.64685942368004,0.38412556052207947,0.012492266
14,1,-1.0268595308666892,43.928650258901285,1.1949245929718018,1.8664724826812744,416.7319641113281,5.059549808502197,0.34072667360305786,2.7140724658966064,131911.328125,1.977203607559204,443.42510986328125,41.68307113647461,7.518947914701172,-418.4072188101637,0.3385016918182373,0.0056496393
14,1,-1.0258514670983163,45.30009415835934,1.199304461479187,1.8069924116134644,64.30622100830078,-318.80609130859375,0.3031182885169983,3.037485361099243,147117.140625,1.897828459739685,373.51812744140625,35.19321823120117,-315.63699306632026,-65.55175599741334,0.2993120551109314,0.0010322339
14,1,-0.5540151155838462,38.60011553417685,1.1226933002471924,2.021243095397949,396.94696044921875,-110.38745880126953,0.24442552030086517,4.988459587097168,116838.5390625,2.0383992195129395,606.7080688476562,169.41989135742188,-114.19552860492477,-395.3348129670826,0.2465973049402237,0.30277938
14,1,-0.8136842208142208,47.655707680712645,1.1714136600494385,1.9084025621414185,368.4937438964844,109.89713287353516,0.4054638147354126,5.539242267608643,107543.90625,1.9312776327133179,384.11553955078125,58.98979949951172,106.0274683567001,-364.63886908753676,0.406023770570755,0.0029200646
14,1,-1.0404433908743582,48.10728935774733,1.1587024927139282,1.8799941539764404,209.68930053710938,-276.2621765136719,0.40680354833602905,5.545711040496826,107543.90625,1.9944242238998413,465.00140380859375,42.365257263183594,-280.13925016805797,-208.7316932470163,0.406023770570755,0.0019907164
14,1,-1.0870062435260324,37.885539174100344,1.0769668817520142,1.835438847541809,39.193016052246094,325.4214782714844,0.3331550061702728,2.7230842113494873,131911.328125,1.9166271686553955,437.2619323730469,35.78773498535156,327.47753581078393,-39.65187052396947,0.3385016918182373,0.19286302
14,1,-1.092005296784459,39.36388732328011,1.1200441122055054,1.853362798690796,-365.9518127441406,12.302549362182617,0.3716050684452057,3.124629020690918,118057.390625,1.9694547653198242,492.8908386230469,39.87900924682617,16.120793563213773,365.0028741863635,0.37530142068862915,0.10159075
14,1,-1.0626671376688248,45.51426502294877,1.0030308961868286,1.8676002025604248,-71.65620422363281,411.6512756347656,0.28224626183509827,3.131524085998535,105625.40625,1.910949945449829,355.375244140625,30.762287139892578,414.02571181181827,73.46015274111862,0.283152312040329,0.014555511
14,1,-1.0692948356809018,43.44875543877959,1.1868093013763428,1.8535875082015991,-303.3097229003906,-234.7368927001953,0.28146153688430786,3.1188137531280518,105625.40625,1.872066617012024,384.92303466796875,32.81540298461914,-232.36246580035092,304.45670841578703,0.283152312040329,0.0039873966
14,1,-0.9187440998134966,38.005707084503854,0.9932133555412292,1.8239431381225586,371.508544921875,32.21723175048828,0.2814740538597107,3.1124563217163086,105625.40625,1.8453717231750488,381.943603515625,46.05260467529297,34.01180662224345,-371.4496588763852,0.283152312040329,0.24129346
14,1,-1.1437976163786474,41.85963604673191,1.1106246709823608,1.994246244430542,-182.70260620117188,-366.0807189941406,0.42315584421157837,6.218010425567627,127282.1796875,2.106966018676758,652.091064453125,46.82844161987305,-368.4746489090081,183.87675766251127,0.4247700273990631,0.17265807
14,1,-1.6810603770603283,42.33444786788991,1.1915558576583862,1.9988017082214355,318.7392272949219,-121.50874328613281,0.3612958490848541,5.389471530914307,138972.90625,2.1443324089050293,775.3185424804688,16.15909767150879,-125.65130308842974,-316.582418497466,0.3571600317955017,0.054777235
14,1,-0.7987952231843523,42.27708835298,0.9798251390457153,1.9137709140777588,361.38299560546875,206.22528076171875,0.28280648589134216,5.038925647735596,134252.734375,1.9847439527511597,465.6213684082031,74.00091552734375,204.3668581290601,-358.76523159092943,0.2855803668498993,0.10372482
14,1,-1.0105434982691073,49.81038910682365,1.1818574666976929,1.9735145568847656,-265.8907775878906,-230.0586395263672,0.4257766902446747,6.228760242462158,127282.1796875,2.1164298057556152,593.1370239257812,57.89096450805664,-234.9988634550815,266.79667486698094,0.4247700273990631,0.0026722508
14,1,-1.3064798290779958,44.007333919449636,1.1544218063354492,1.944549560546875,377.0246887207031,-31.98422622680664,0.2557257413864136,0.212101012468338,133792.8125,1.983251929283142,463.7880859375,22.90012550354004,-33.96172599640845,-378.0537830036492,0.25538578629493713,0.018419845
14,1,-0.9958550547085204,34.7364872903298,0.9433347582817078,1.8238600492477417,-354.2882080078125,192.3588104248047,0.25158068537712097,0.5715836882591248,104370.9296875,1.8631751537322998,403.18902587890625,40.70545196533203,191.96451964482708,352.6311258421182,0.25349345803260803,0.68215215
14,1,-0.8299110448468989,47.18775483126277,1.1889568567276,2.0111663341522217,337.7062683105469,33.619998931884766,0.45962902903556824,0.11321601271629333,145324.828125,2.1190688610076904,607.2178344726562,89.8323974609375,27.715869970528903,-337.18714243315344,0.4610302746295929,0.027618991
14,1,-0.8751394700924464,37.59736460450256,1.1878063678741455,1.9311237335205078,80.01969909667969,-408.5220947265625,0.25562208890914917,0.5779119729995728,104370.9296875,1.968268871307373,514.7533569335938,68.62132263183594,-408.64408054800884,-82.23776925670663,0.25349345803260803,0.17716412
14,1,-1.129574581565666,44.60484180733299,1.1907676458358765,1.903283715248108,318.5397033691406,-172.2057342529297,0.2517090439796448,0.5603719353675842,104370.9296875,1.9382054805755615,441.4939270019531,32.760372161865234,-173.52148198086462,-319.05583071147396,0.25349345803260803,0.0053310394
14,1,-1.0703339474935554,45.4985665260322,1.1154407262802124,1.8400225639343262,346.5743103027344,-39.6850471496582,0.17927837371826172,5.527851581573486,124613.3515625,1.918261170387268,389.9976806640625,33.16857147216797,-42.396444966602296,-347.7985953155556,0.17622922360897064,0.0011324568
14,1,-1.0943076502449711,29.333693338258367,1.0955767631530762,2.077608585357666,112.66242980957031,398.5848693847656,0.263175904750824,0.3403142988681793,152160.640625,2.055232286453247,749.6343994140625,60.331085205078125,394.8320777294086,-113.89348527627482,0.2633989751338959,0.9144124
14,1,-0.980038163916002,48.111441281514296,1.1629297733306885,1.9314416646957397,5.428389072418213,361.80889892578125,0.27833274006843567,5.4686079025268555,113113.5703125,1.9778480529785156,461.0951232910156,48.27824401855469,359.4894676743598,-4.583772095568056,0.2782721519470215,0.0015543685
14,1,-0.6352984326852179,47.197332946266776,1.1773849725723267,1.8706004619598389,242.24986267089844,-316.97027587890625,0.2772727310657501,5.457308292388916,113113.5703125,1.8874170780181885,376.3849182128906,87.16322326660156,-320.2281693234768,-239.79997578393161,0.2782721519470215,0.00088189106
14,1,-0.9591043074731724,41.62768235552325,1.1791208982467651,1.9036263227462769,298.6764831542969,-241.68289184570312,0.24219202995300293,3.7346832752227783,113288.46875,1.9809001684188843,503.5433349609375,55.326316833496094,-238.19109284490153,-295.5337822238961,0.2414776086807251,0.013620713
14,1,-1.1263483843771225,47.55724604835535,1.1676260232925415,1.867085576057434,292.3637390136719,-202.23951721191406,0.32890331745147705,0.4038177728652954,114391.1640625,1.9588103294372559,426.7890625,31.905351638793945,-206.8651196557966,-292.94638190712027,0.33320891857147217,0.002309917
14,1,-1.141810665036186,39.81286728939295,1.1475739479064941,1.8466416597366333,245.3801727294922,-291.39703369140625,0.228702113032341,6.064835071563721,103566.3671875,1.8600374460220337,391.2169494628906,28.223148345947266,-293.6789936824793,-244.29503560665563,0.2351173758506775,0.014415732
14,1,-1.0319891002588097,46.141033745288,1.19302237033844,1.8180878162384033,-169.77667236328125,-305.7520446777344,0.47226253151893616,3.2737770080566406,111947.21875,1.9330331087112427,394.8836975097656,36.68418884277344,-302.13056782520766,172.5048349395055,0.471474289894104,0.002814487
14,1,-1.2063712516812366,46.296462023668894,1.0728199481964111,2.0168697834014893,-157.4176788330078,-355.12109375,0.3000648021697998,0.4202191233634949,134564.375,2.1060702800750732,598.0924682617188,37.187408447265625,-358.1984067558507,156.27171404252704,0.3041704595088959,0.047108084
14,1,-1.0302307593685553,46.54884402829233,1.1777980327606201,1.9358011484146118,-278.351806640625,280.7097473144531,0.2001434564590454,4.542457580566406,119747.1328125,1.9647924900054932,419.68414306640625,39.146297454833984,278.980585926999,281.9559011944959,0.2055654376745224,0.0016931952
14,1,-1.1212408329119858,43.17157169802684,1.0719685554504395,1.9067533016204834,334.9295654296875,-52.2885627746582,0.5074969530105591,2.640249013900757,148816.96875,2.033207654953003,540.1993408203125,40.861297607421875,-49.19433540056927,-335.93774361590977,0.5070819854736328,0.13064167
14,1,-1.0620733559396365,41.385773504628766,1.0741114616394043,1.9264752864837646,357.0541687011719,-97.90385437011719,0.3279813230037689,4.797662734985352,127376.2109375,2.0019209384918213,533.2182006835938,46.22007751464844,-99.42896234415389,-354.7649290995337,0.33294105529785156,0.09730601
14,1,-1.0952533384356091,47.145583904663965,1.169449806213379,1.839727759361267,-267.9762878417969,-301.9197082519531,0.4587661027908325,3.931769371032715,115533.34375,1.93049156665802,371.087646484375,29.800373077392578,-297.6911913429299,273.22509934051124,0.4597998261451721,0.0026735677
14,1,-0.9075939243938324,41.224404277632964,1.1639769077301025,1.9764307737350464,-19.651668548583984,411.440673828125,0.39193427562713623,5.204413890838623,134641.78125,2.0902373790740967,613.1663818359375,75.85493469238281,409.99117628858835,23.11324425163234,0.3899000585079193,0.10967588
14,1,-1.2938860354025483,48.3650971899026,1.194596290588379,1.9432064294815063,270.724609375,285.03338623046875,0.4368745982646942,0.15762324631214142,117964.5078125,2.037092447280884,495.84814453125,25.20350456237793,281.2406533449025,-271.5694434326655,0.437406986951828,0.0065387418
14,1,-1.426409368517689,48.051038044235575,1.1835037469863892,2.100055456161499,-303.7065734863281,266.26507568359375,0.3963456153869629,2.696648359298706,154852.453125,2.203806161880493,739.2383422851562,27.693225860595703,266.5826091529662,303.63984565901535,0.39541250467300415,0.028326802
14,1,-0.9033709738800298,45.443214764306184,1.1829042434692383,1.9432064294815063,-335.0201416015625,-130.1825408935547,0.43513724207878113,0.16836562752723694,117964.5078125,2.0317742824554443,511.74053955078125,63.92609405517578,-134.61744387091193,332.69554643457275,0.437406986951828,0.023361403
14,1,-1.3652097730502475,42.46619834321494,1.1033220291137695,2.070871353149414,323.07830810546875,-77.08758544921875,0.3964345157146454,2.69730281829834,154852.453125,2.176927328109741,761.7645874023438,32.855621337890625,-75.83243907204968,-324.1850416037771,0.39541250467300415,0.32241866
14,1,-1.2824289669773847,32.32422423364222,1.0968021154403687,1.9546244144439697,-299.89947509765625,-262.7004089355469,0.24740929901599884,4.571126937866211,103389.484375,1.9938122034072876,628.4363403320312,32.7967643737793,-263.3771517027352,302.1731343263808,0.24706558883190155,0.7777532
14,1,-1.3796911642972183,43.0671956299402,1.18222975730896,1.9880236387252808,-227.7982635498047,-330.98211669921875,0.3061659038066864,1.1825783252716064,151154.46875,2.032386302947998,556.4304809570312,23.212284088134766,-332.05130781620335,225.7604667196529,0.3007049262523651,0.043188218
14,1,-1.1747376006934758,46.94357723465674,1.1538556814193726,1.949808955192566,332.1211853027344,243.611083984375,0.41755738854408264,3.785290241241455,106646.3125,2.02323579788208,492.64349365234375,32.94532775878906,244.6198984802043,-330.98965777494095,0.4183102548122406,0.010310159
14,1,-1.1297014162038517,34.697678678853904,1.0537761449813843,1.9252833127975464,146.54742431640625,296.5823059082031,0.24764497578144073,4.577219009399414,103389.484375,1.9311362504959106,495.9516906738281,36.790592193603516,296.84572646377296,-144.49206266052857,0.24706558883190155,0.6232116
14,1,-0.9716596597777548,45.720303692198684,1.1342582702636719,1.9180374145507812,256.6289978027344,243.4308319091797,0.4753960967063904,5.497427463531494,116970.0390625,2.019029140472412,470.1971435546875,50.19026184082031,239.79138092678744,-253.59274399262617,0.4758239686489105,0.01719803
14,1,-1.2217328122839235,38.699837639030406,1.090319275856018,2.003333806991577,118.99887084960938,-375.2491149902344,0.34518173336982727,6.096380710601807,130363.140625,2.08196759223938,594.4490356445312,35.67636489868164,-378.25967052862694,-120.24188218075676,0.3410169184207916,0.41462737
14,1,-1.0215756715870226,40.936888654031165,1.1961692571640015,1.857683777809143,181.0651397705078,269.0501403808594,0.20578350126743317,5.959073543548584,150004.375,1.9554752111434937,478.6678161621094,45.54677200317383,266.0497655103629,-180.3364952524247,0.20700055360794067,0.0046533984
14,1,-1.266874283244451,39.133198018532845,0.9841619729995728,2.0022478103637695,-187.02049255371094,359.9285888671875,0.3387441635131836,6.112988471984863,130363.140625,2.1060426235198975,648.5392456054688,35.08009338378906,357.26709729582126,188.23753386159657,0.3410169184207916,0.5672739
14,1,-1.0052197557195395,28.07565307671573,1.191453456878662,1.9140828847885132,64.56182861328125,-369.24127197265625,0.2917456328868866,1.271730899810791,132073.65625,1.9935247898101807,801.0370483398438,79.1466064453125,-369.64488031226347,-66.650328744087,0.29312169551849365,0.8669432
14,1,-0.8947063273293538,42.01335782189847,1.1043620109558105,1.8088759183883667,-398.72698974609375,-30.471738815307617,0.23452290892601013,0.15349024534225464,100527.1796875,1.8177545070648193,306.9184265136719,39.11249542236328,-34.663466453857374,396.0393414434168,0.23800674080848694,0.011700131
14,1,-1.1658142869550154,31.928689813334884,1.1996917724609375,1.8454684019088745,60.22123718261719,350.26824951171875,0.3676716685295105,5.41119909286499,121698.4375,1.9084506034851074,556.194091796875,37.9674072265625,347.9545884883033,-61.57795404276782,0.37085917592048645,0.5454015
14,1,-1.3118257880820638,39.81535247457826,1.1787948608398438,1.9832780361175537,271.13763427734375,-240.78553771972656,0.3612363934516907,3.150125741958618,121762.0546875,2.1108224391937256,722.069091796875,35.216949462890625,-237.79518730724232,-270.71226008596966,0.3587769865989685,0.18696211
14,1,-1.0684100320459804,45.159798662395595,1.1307958364486694,1.870168924331665,-265.4177551269531,-189.8486785888672,0.2949279248714447,5.352734088897705,104396.2265625,1.9488588571548462,442.7331848144531,37.82081604003906,-194.1872790405851,267.38779028237303,0.29318347573280334,0.0037047616
14,1,-0.9602461555383707,40.70043857371361,1.0354703664779663,1.943535327911377,216.03811645507812,-244.52072143554688,0.476854532957077,2.5729775428771973,147659.4375,2.0358686447143555,559.906982421875,61.35769271850586,-238.74561811970872,-220.50648489343877,0.4786207675933838,0.42910218
14,1,-1.4302841335111502,39.088415063338495,1.179849624633789,1.9960576295852661,-344.7701416015625,-58.180450439453125,0.3866678476333618,4.267057418823242,135826.75,2.084550142288208,681.7483520507812,25.312686920166016,-53.410793106622094,346.34132379277514,0.38396915793418884,0.27639845
14,1,-1.0106166173687567,40.721083734336496,1.1182429790496826,2.011850357055664,319.7790832519531,191.87315368652344,0.362417072057724,3.1429409980773926,121762.0546875,2.120814085006714,675.0632934570312,65.8759994506836,194.9248547909754,-319.5973227677492,0.3587769865989685,0.27446523
14,1,-0.9772966235466062,41.03274220510787,1.1914372444152832,1.8994113206863403,-287.2405700683594,-210.50570678710938,0.22001096606254578,2.5390193462371826,156657.65625,1.9513987302780151,496.2331237792969,52.286346435546875,-208.30852979431427,286.44977807013413,0.22606399655342102,0.014723764
14,1,-1.090141276387069,41.06957468650548,1.1686553955078125,1.8602588176727295,-326.0250549316406,89.35055541992188,0.23259715735912323,3.404050350189209,121809.5625,1.9175034761428833,431.5969543457031,35.07000732421875,90.10681909913464,325.9370649202062,0.231642484664917,0.010684444
14,1,-0.958254171094178,43.200192805963276,1.1951290369033813,1.8025128841400146,115.74937438964844,336.9818115234375,0.4398261606693268,2.3411829471588135,116930.453125,1.9283642768859863,426.70263671875,46.975372314453125,338.79935148806766,-121.54261230195961,0.4387188255786896,0.0070207985
14,1,-0.9310663384098489,47.57857512711692,1.1811213493347168,1.9079290628433228,348.99102783203125,-55.82588577270508,0.27972114086151123,4.286285400390625,113949.7890625,1.971289038658142,421.6234436035156,49.41485595703125,-54.56864523056757,-346.52270007279293,0.2827768623828888,0.0013652771
14,1,-1.062859486049349,40.136731491150776,1.0173739194869995,1.8025128841400146,-195.02801513671875,301.8627014160156,0.4387655556201935,3.8529820442199707,105761.7734375,1.9268808364868164,396.18212890625,34.27947235107422,303.7754196117485,197.79553858064216,0.4338292181491852,0.14815906
14,1,-0.9751297687051982,45.65724957928131,1.1578481197357178,1.8439198732376099,215.42025756835938,-259.50616455078125,0.41279336810112,0.5320346355438232,106952.1875,1.890790581703186,386.99810791015625,40.98057174682617,-261.4130358865208,-218.23447416756352,0.41082969307899475,0.006836738
14,1,-0.5350656986370317,46.54024377219064,1.1498008966445923,1.930400013923645,320.6609802246094,-233.82327270507812,0.4353848695755005,3.8501641750335693,105761.7734375,2.0097975730895996,477.9359436035156,139.4131317138672,-233.50124938724176,-317.8910511150779,0.4338292181491852,0.011177705
14,1,-1.2289982208849088,37.27905124691777,1.0539121627807617,1.9014966487884521,-303.4299011230469,110.80042266845703,0.437055379152298,3.8494718074798584,105761.7734375,2.007089376449585,559.4967041015625,33.02159118652344,111.91584239010967,308.15812426914084,0.4338292181491852,0.55828774
14,1,-1.1870972592484053,45.130589949148685,1.1389862298965454,1.9407814741134644,-5.782331466674805,399.9029235839844,0.2343870997428894,3.3957483768463135,121809.5625,1.9364579916000366,400.39288330078125,26.02480125427246,401.80730217491225,6.9606813512293595,0.231642484664917,0.007166594
14,1,-1.2771547485718235,37.807493489269326,1.0910801887512207,1.868228793144226,-314.09307861328125,136.15623474121094,0.43525561690330505,3.863529682159424,105761.7734375,1.986452341079712,491.39483642578125,25.958175659179688,137.86329928346623,319.9697562203426,0.4338292181491852,0.34373266
14,1,-1.1038159409047863,48.53206092051655,1.1986294984817505,2.0269362926483154,-79.94524383544922,353.6841125488281,0.368662565946579,2.5498602390289307,156488.5625,2.1113154888153076,577.7788696289062,45.493019104003906,356.9192972539832,78.27737302637824,0.36533236503601074,0.007419037
14,1,-0.8819461987458623,44.28910261922253,1.1111661195755005,1.887046456336975,-314.0771789550781,197.32936096191406,0.32008102536201477,0.0612940713763237,112720.4765625,1.9566028118133545,416.5857849121094,54.67105484008789,194.83580888304618,312.6681958692716,0.3194388151168823,0.0195586
14,1,-1.0774709519265244,39.11578107575841,0.9897049069404602,1.8727887868881226,-269.76239013671875,223.7526397705078,0.22407163679599762,2.185330867767334,109223.1640625,1.887453556060791,377.4947509765625,31.581924438476562,224.57080551818373,271.2293613665947,0.2166890650987625,0.21094991
14,1,-1.3388571228748227,43.87557756148732,1.1330547332763672,1.9931225776672363,-358.9156188964844,106.45643615722656,0.3770138621330261,5.810288429260254,151401.875,2.0107996463775635,482.81585693359375,22.126995086669922,103.30176650741831,358.6672603819168,0.3772194981575012,0.049205378
14,1,-1.5300363946667004,37.22101884972698,1.1615703105926514,2.005924940109253,-402.2116394042969,-104.39395141601562,0.3772319555282593,5.800735950469971,151401.875,2.029662609100342,658.321533203125,19.42671775817871,-109.50256655053454,404.71886028740613,0.3772194981575012,0.47280574
14,1,-1.3143700405737937,32.9377567728443,1.170918345451355,1.9551973342895508,-41.50859069824219,-411.2952880859375,0.17910543084144592,1.5551087856292725,152405.265625,1.9982866048812866,662.3863525390625,32.11737060546875,-411.919633624004,38.53754897706924,0.1754053235054016,0.6224427
14,1,-1.3285803010181847,30.92148774705847,1.1952075958251953,1.8856713771820068,313.14947509765625,190.578369140625,0.32154381275177,4.521091461181641,136837.953125,1.9748737812042236,715.76220703125,33.588233947753906,191.61289727220014,-311.0207390544786,0.32307976484298706,0.7009371
14,1,-1.0375209727401418,32.20965764183653,1.1353228092193604,1.8805112838745117,102.52049255371094,-304.1550598144531,0.32850944995880127,2.666098117828369,104070.359375,1.9852334260940552,592.30419921875,54.32791519165039,-302.6313772407036,-101.02210732775701,0.3316291868686676,0.7234379
14,1,-0.7644875520671889,43.38294111262646,1.1257013082504272,1.9839693307876587,-343.49542236328125,-138.2599334716797,0.3356439769268036,3.7163572311401367,125438.0546875,2.0404911041259766,536.6866455078125,92.30660247802734,-133.65814005926936,346.8968609238421,0.3318755030632019,0.056873556
14,1,-1.0432056278905828,44.64096363852413,1.1979775428771973,1.9446439743041992,-356.3497009277344,102.54580688476562,0.44138213992118835,0.36702701449394226,144045.34375,2.1135377883911133,628.4463500976562,56.89339065551758,99.05016383986045,355.3937452618673,0.4434117376804352,0.028971447
14,1,-0.9054336965418558,39.42335790817274,1.1465290784835815,2.0051209926605225,290.5571594238281,135.10458374023438,0.34125205874443054,0.3745642602443695,142345.359375,2.0917117595672607,654.1524047851562,81.32886505126953,131.98068651058344,-290.9429784002897,0.3390432894229889,0.3531358
14,1,-1.5068199053863267,44.16291162105429,1.1974012851715088,2.0783660411834717,377.0626525878906,-74.1595230102539,0.503395140171051,2.1461243629455566,157809.515625,2.188704013824463,798.6832275390625,24.862964630126953,-70.616418222796,-379.6664830818348,0.5016272664070129,0.1725222
14,1,-0.9724678083760916,45.390588690727775,1.178088903427124,1.8871448040008545,-21.032264709472656,353.63726806640625,0.4916463792324066,2.2974698543548584,135154.328125,2.0121591091156006,496.6993408203125,52.920623779296875,357.02954712956165,25.75860561449813,0.49033597111701965,0.013884616
14,1,-0.7906929535737506,45.30516599098711,1.1834499835968018,2.0055947303771973,58.14897155761719,323.5133361816406,0.3391149342060089,0.3730866611003876,142345.359375,2.0876471996307373,561.8241577148438,90.97183990478516,319.275504696599,-58.93264848578963,0.3390432894229889,0.027456796
14,1,-1.209609209934316,44.22336549130936,1.072501540184021,2.0663790702819824,-361.3499450683594,135.42254638671875,0.4480331838130951,0.38307470083236694,144045.34375,2.0859556198120117,562.0432739257812,34.686405181884766,129.58630940315945,360.8728248349994,0.4434117376804352,0.31301418
14,1,-0.6858595267339243,45.89740510302973,1.1363568305969238,1.824815273284912,32.98445129394531,396.706298828125,0.4057062864303589,0.9392528533935547,116277.6953125,1.8933770656585693,368.46221923828125,75.95088958740234,393.54730601585345,-32.25163126698733,0.4059578776359558,0.0054958616
14,1,-1.2782183407218555,46.562461843561685,1.1651705503463745,1.966637134552002,8.822668075561523,-389.3380126953125,0.4456503987312317,0.371928334236145,144045.34375,2.1477954387664795,681.2493896484375,35.899349212646484,-391.37090288550843,-10.178435935061863,0.4434117376804352,0.024004066
14,1,-1.128453162131171,49.575668326123065,1.1465158462524414,2.0213353633880615,-135.12838745117188,395.765625,0.3330839276313782,4.411844730377197,145784.546875,2.077543258666992,550.3993530273438,40.94715118408203,396.77961944498315,137.17421893893714,0.3366048336029053,0.004955168
14,1,-1.055854468833582,45.552702198346324,1.1774336099624634,1.9033464193344116,400.2808837890625,77.42147827148438,0.298177570104599,2.76092791557312,110982.2734375,1.9901376962661743,471.8089599609375,41.48686981201172,79.67439577167147,-399.93259035569434,0.30222073197364807,0.004123544
14,1,-0.8252180899226234,46.63496132917845,1.140526294708252,1.886727213859558,164.36106872558594,338.5404357910156,0.1792689710855484,2.2118709087371826,136878.015625,1.9696375131607056,452.099609375,67.6106948852539,342.10527505746677,-164.66816597392432,0.17847424745559692,0.0015683089
14,1,-1.3146555611613724,42.14349751308442,1.1442564725875854,2.029597043991089,330.0352478027344,81.25484466552734,0.24586157500743866,4.442440032958984,117800.984375,2.031184196472168,537.8043212890625,26.059558868408203,82.17371347474285,-322.83202924385,0.24126291275024414,0.07357038
14,1,-1.2313849624389386,29.022127572641487,1.1968142986297607,1.8553025722503662,-26.122634887695312,343.2497863769531,0.3586391806602478,5.627264976501465,115146.8125,1.9685838222503662,706.20556640625,41.45196533203125,339.0065403483832,29.24082202304998,0.356832891702652,0.7795405
14,1,-0.8951829053490108,43.65055693678899,1.1230708360671997,2.0358541011810303,-317.81396484375,-268.78350830078125,0.2005387842655182,5.844133377075195,126885.5234375,2.050142526626587,497.1233825683594,63.28205871582031,-272.3547075580853,317.7843630268065,0.19971193373203278,0.03240324
14,1,-1.1181189888004337,43.843831813331676,1.1845160722732544,1.9945592880249023,251.2468719482422,-301.48834228515625,0.24003207683563232,4.454714298248291,117800.984375,2.023986339569092,509.2237548828125,38.796142578125,-301.681457730333,-248.99771069685806,0.24126291275024414,0.014032376
14,1,-0.9237139976986545,48.68500555173391,1.115615963935852,1.9177887439727783,-356.8197326660156,-53.541378021240234,0.45183026790618896,3.751939296722412,111669.8515625,2.0088343620300293,447.7657470703125,53.37477493286133,-46.02163662347562,358.04603322506733,0.453960657119751,0.006397741
14,1,-1.1486508756927218,41.76525982374348,1.0699630975723267,2.0401628017425537,254.7091827392578,230.78680419921875,0.19859331846237183,5.854745388031006,126885.5234375,2.019099712371826,526.3883666992188,37.38128662109375,229.86293208581947,-253.78422702159273,0.19971193373203278,0.12604871
14,1,-1.1614549878268403,39.77090960873717,1.037942886352539,2.0478298664093018,237.99688720703125,-244.53543090820312,0.3201404809951782,6.281807899475098,149322.78125,2.083372116088867,654.5881958007812,45.13487243652344,-249.18296221564867,-238.77504412770003,0.3191402852535248,0.4819739
14,1,-1.4693810352913979,36.949121877417845,1.1765002012252808,1.9598053693771362,293.5635986328125,264.6996154785156,0.4123603105545044,0.6813567876815796,102850.6484375,2.002870559692383,614.625732421875,20.855836868286133,260.43132899793994,-295.49567553395906,0.41393643617630005,0.51545554
14,1,-1.323931881611986,41.511358232699116,1.166722059249878,1.8372483253479004,319.1711120605469,-84.0294189453125,0.2773071229457855,1.1207541227340698,100502.09375,1.8425867557525635,358.94158935546875,17.025087356567383,-86.57629119682146,-320.42462163798575,0.2746705114841461,0.012403009
14,1,-1.3653286165360041,31.58238595874458,1.1583189964294434,2.019498586654663,-195.6046905517578,362.53582763671875,0.31615763902664185,0.008720995858311653,149322.78125,2.061957836151123,736.9979248046875,31.778711318969727,358.22895180926776,196.4375709588449,0.3191402852535248,0.8650687
14,1,-1.2681246066875773,39.272059613318355,1.0902881622314453,2.059105396270752,324.9526672363281,172.9386749267578,0.23899075388908386,5.580825328826904,115896.6328125,2.0649044513702393,599.3348999023438,32.32537841796875,169.7984755322712,-321.4483291312097,0.23807770013809204,0.3709059
14,1,-0.6160031611462148,45.18217296281219,1.1986379623413086,1.8756710290908813,-3.411257266998291,385.0580139160156,0.20975415408611298,2.629263401031494,117723.1953125,1.9304876327514648,404.8470764160156,98.01383972167969,389.0218351713782,4.158774063134608,0.20688633620738983,0.0014751969
14,1,-1.1365646758533687,38.27156106061898,1.0162739753723145,2.0284948348999023,393.88470458984375,20.671422958374023,0.2543690800666809,1.5708732604980469,117255.7265625,2.0131452083587646,546.4382934570312,39.90022659301758,20.22868479309284,-396.5653654044291,0.25241759419441223,0.64326966
14,1,-1.1289786555818537,45.858947305901474,1.186405897140503,2.0454442501068115,86.21919250488281,390.2340393066406,0.29778778553009033,4.197096347808838,145407.359375,2.128769874572754,675.0217895507812,50.15777587890625,392.6032320528683,-83.58278863827215,0.2935376763343811,0.016411005
14,1,-1.0842664966010886,41.511268700197654,1.1937743425369263,2.03548002243042,68.50386047363281,315.3603515625,0.25617825984954834,1.5757631063461304,117255.7265625,2.024590015411377,586.8057861328125,48.33113479614258,314.4910344439762,-71.28611524553982,0.25241759419441223,0.09227702
14,1,-1.2553431117409946,35.94415806050988,1.1811842918395996,2.0220272541046143,170.3546142578125,-326.9722595214844,0.2248525470495224,2.130476713180542,112524.515625,2.040174722671509,677.7406616210938,37.64603805541992,-327.5856280352145,-170.90252142842115,0.22476068139076233,0.49844345
14,1,-0.7041037522392253,49.790300561992986,1.1591870784759521,1.815241813659668,-75.25538635253906,409.85906982421875,0.3401491343975067,4.961205005645752,120979.4375,1.9229415655136108,336.7200012207031,66.55252075195312,411.57542791637127,76.07208458768676,0.3443000614643097,0.00035031297
14,1,-1.215477460318678,48.33771539812242,1.1124931573867798,1.8973040580749512,328.73577880859375,-27.574378967285156,0.34788480401039124,2.3216445446014404,113015.1953125,1.9275517463684082,378.6245422363281,23.053104400634766,-25.550361369878008,-332.7324026408843,0.34629783034324646,0.0036750294
14,1,-0.8982933580917635,42.52883578012491,1.1200827360153198,2.007011651992798,-352.6247863769531,189.1176300048828,0.22966954112052917,2.0996124744415283,137790.546875,2.044071674346924,556.523193359375,70.33788299560547,191.7411421156501,351.40960464468145,0.2298356145620346,0.07050206
14,1,-1.2343376414734648,44.0779045994228,1.1064362525939941,1.9534136056900024,91.89037322998047,307.5202331542969,0.3706132173538208,0.2571837902069092,145809.78125,2.0475785732269287,544.46044921875,31.741491317749023,304.4130220341446,-93.69350834453547,0.37176772952079773,0.06473864
14,1,-1.1195568433771095,42.9172666751885,1.037229061126709,2.0381646156311035,118.79590606689453,374.62255859375,0.28740614652633667,1.9255821704864502,131140.9375,2.077592611312866,579.4970703125,44.004127502441406,376.53661814254167,-120.43285949740567,0.28740039467811584,0.22797526
14,1,-0.6417368643460379,37.34780404977116,1.0958479642868042,1.7970763444900513,322.0940856933594,-101.2882308959961,0.30597904324531555,2.7384228706359863,153645.984375,1.8347018957138062,344.8835754394531,78.69281768798828,-100.38639216167854,-322.7055671288653,0.30394116044044495,0.114269294
14,1,-1.0676930112645284,38.50852962679919,1.0141053199768066,2.0762736797332764,-20.00113296508789,-411.076416015625,0.2838306427001953,1.9226388931274414,131140.9375,2.1195082664489746,724.31201171875,61.977203369140625,-409.2292245318197,18.312278705394185,0.28740039467811584,0.7262005
14,1,-1.300990526522381,45.66170295292308,1.095085859298706,1.9379479885101318,347.2310791015625,-14.679790496826172,0.3514570891857147,3.921283006668091,111603.4453125,2.0290424823760986,499.990966796875,25.001720428466797,-13.67009177465152,-345.180743217891,0.35003405809402466,0.01793007
14,1,-1.5578187741775535,30.96551342011335,1.1724287271499634,1.9958000183105469,289.11297607421875,236.55282592773438,0.3754805624485016,3.3197860717773438,105985.2890625,2.0452189445495605,828.5868530273438,22.935983657836914,239.61191749869232,-287.5238060334045,0.3792222738265991,0.86027855
14,1,-1.2979206442225606,37.25510761811332,1.093124270439148,1.888898253440857,-156.77780151367188,-306.5206298828125,0.5057587027549744,6.1181721687316895,100903.5390625,1.9622756242752075,502.0603942871094,25.28329086303711,-311.38158032293353,157.99153449849817,0.5030698180198669,0.48005477
14,1,-1.0030054931953105,45.919912225735416,1.1957565546035767,2.0333359241485596,381.5008850097656,69.49654388427734,0.2664807438850403,0.9906792044639587,132133.375,2.0230906009674072,485.3873596191406,48.203887939453125,66.81608998746158,-384.11746360855955,0.2642759382724762,0.015266175
14,1,-1.1002395760494499,47.12332608803393,1.191203236579895,1.8787131309509277,-246.56605529785156,-336.3450012207031,0.4623302221298218,6.219376087188721,128595.2265625,2.037925958633423,480.57440185546875,38.15222930908203,-341.186202913176,248.67300867598337,0.4643006920814514,0.0027523036
14,1,-1.1178889258309976,44.343287627971016,1.1548328399658203,1.7987613677978516,-389.0971374511719,142.7867431640625,0.42182013392448425,3.484485149383545,113040.1171875,1.8642446994781494,350.78289794921875,26.739166259765625,145.76777389213262,388.3075713461834,0.4176913797855377,0.004810682
14,1,-1.1420401340853286,48.173422544501435,1.1807111501693726,1.9102524518966675,341.2693786621094,-22.36529541015625,0.48934856057167053,5.579836368560791,132968.125,2.0934152603149414,588.5803833007812,42.43894958496094,-30.771817634203185,-336.8556026526776,0.48583588004112244,0.0038149832
14,1,-1.0607919278902482,41.69751010180269,1.172316312789917,1.903910517692566,161.65740966796875,327.62017822265625,0.310902863740921,2.7550454139709473,100802.2890625,1.9357026815414429,434.0606689453125,37.73612976074219,330.8393305284994,-161.26560810993254,0.308641254901886,0.026345124
14,1,-1.6242539905871183,38.2347291485919,1.1273585557937622,1.9598459005355835,323.5017395019531,-98.29227447509766,0.464534729719162,0.49502331018447876,114511.5078125,2.0228207111358643,612.3665771484375,14.546365737915039,-102.15279554925526,-324.2981371582392,0.46649739146232605,0.55042666
14,1,-1.1504165071436274,46.97246289123519,1.1432420015335083,1.8722565174102783,-329.7814025878906,-188.36695861816406,0.2076011598110199,4.278695583343506,109105.2265625,1.9353585243225098,379.0562438964844,26.809303283691406,-187.2305770554665,330.2777066816475,0.20904289186000824,0.0010163167
14,1,-1.2246718462230222,44.503718207263205,1.180855631828308,2.015385627746582,-379.7679748535156,58.144927978515625,0.2780308425426483,3.6062777042388916,127780.8984375,2.018141508102417,518.02880859375,30.880239486694336,59.804950188684415,380.3713550695595,0.279022753238678,0.020287618
14,1,-1.0602551478279103,36.28250399169348,1.1360409259796143,1.9134502410888672,27.967098236083984,-324.0081481933594,0.2617877721786499,3.150385856628418,112067.78125,1.9543302059173584,504.2726135253906,43.894412994384766,-322.80149483422275,-27.929781841352803,0.2605638802051544,0.3075751
14,1,-0.8896527839256626,46.117226839562555,1.176169514656067,1.9165024757385254,-341.40478515625,-78.99717712402344,0.440723180770874,3.9951915740966797,113417.7421875,2.029019355773926,487.1511535644531,62.80731964111328,-78.81110948954456,343.298219698772,0.44193005561828613,0.008694679
14,1,-1.1595669063228233,43.56488341578501,1.17396879196167,1.8964142799377441,104.4134292602539,337.7189025878906,0.5132677555084229,4.909269332885742,138101.0625,2.037067413330078,542.6427612304688,37.579063415527344,336.32461846368403,-100.62791503368085,0.513458788394928,0.030648295
14,1,-1.15405917841986,29.090300728615336,1.1782792806625366,2.0406339168548584,368.39324951171875,-77.22380065917969,0.29113924503326416,4.756403923034668,131956.578125,2.0205307006835938,794.2973022460938,55.70871353149414,-78.18122790215553,-364.48961618511873,0.2925494313240051,0.8834838
14,1,-0.5298547878379127,45.69824936862928,1.1420137882232666,1.8087443113327026,-110.03485107421875,-361.72802734375,0.4572547674179077,5.196500778198242,116317.609375,1.9399324655532837,388.2483825683594,114.61843872070312,-365.1200197491004,116.40778742356626,0.46194276213645935,0.0036948463
14,1,-1.273400802463438,42.765647156729855,1.1459801197052002,1.8432759046554565,218.05599975585938,351.00469970703125,0.3701533079147339,3.948402166366577,138867.171875,1.9728107452392578,462.2779541015625,24.63205337524414,354.19891719175257,-216.24398945358405,0.3744159936904907,0.012624449
14,1,-1.078659513092656,49.06684597135576,1.1538498401641846,1.9906419515609741,-113.31803894042969,307.72900390625,0.42554569244384766,4.047433853149414,145326.0,2.056208372116089,511.2678527832031,42.656768798828125,309.653222532909,115.46668838120907,0.4270658791065216,0.007285828
14,1,-1.2261642712168932,48.98100217830302,1.1603442430496216,1.8910646438598633,385.67926025390625,57.57538604736328,0.4867253005504608,5.854576587677002,132418.640625,1.9991436004638672,452.9031677246094,26.9054012298584,53.15523011869235,-381.6314515843268,0.4855267107486725,0.0026001984
14,1,-0.8440361731041819,36.61644730496987,1.0482903718948364,1.7976109981536865,259.9859313964844,-259.4894714355469,0.44197702407836914,3.663898229598999,120926.1328125,1.9540495872497559,481.4179992675781,68.9422607421875,-259.15161149479076,-257.2561060509029,0.4451453685760498,0.39515397
14,1,-1.043209109074477,42.98561017827321,1.154388189315796,2.072277784347534,359.9186706542969,8.854124069213867,0.2269655168056488,3.3033509254455566,154770.75,2.083045482635498,576.0891723632812,52.15305709838867,10.925254445130424,-358.42600507375323,0.2273343950510025,0.07607465
14,1,-0.9654405755110574,43.833584670921745,1.1144397258758545,1.8415248394012451,-15.971648216247559,377.33587646484375,0.44210270047187805,3.9152932167053223,130224.9921875,1.9931763410568237,473.0389709472656,51.22187805175781,378.64198316525125,18.552874087352198,0.44043993949890137,0.01780107
14,1,-1.4114611465955134,27.668400305672648,1.1725945472717285,1.9018255472183228,-23.93355941772461,327.9604797363281,0.47803252935409546,0.07089711725711823,113393.953125,2.000851631164551,779.4420166015625,30.22186279296875,322.59994776774005,24.13485262628782,0.47848013043403625,0.8991418
14,1,-1.151378446187901,41.234636168873486,1.1590172052383423,1.9975944757461548,-182.2939910888672,-269.3164367675781,0.42121002078056335,3.749687671661377,148126.921875,2.088296890258789,665.2999877929688,46.95027542114258,-268.49086659856215,186.92284487822627,0.4210371673107147,0.18879835
14,1,-1.0249608619048294,30.257557826444632,1.1618015766143799,1.8910646438598633,-189.7314453125,-291.6025085449219,0.4852484464645386,5.235057830810547,142070.0625,2.007260799407959,771.1707763671875,72.80967712402344,-295.38045271323597,194.8772447759875,0.48661041259765625,0.84103006
14,1,-1.2720966060475563,39.48274668360427,1.1817266941070557,1.8336504697799683,-181.48916625976562,277.2190246582031,0.20472314953804016,0.07187700271606445,114084.515625,1.9030567407608032,426.6887512207031,22.804086685180664,274.54383100672374,181.50343290010224,0.2090119570493698,0.017857423
14,1,-0.9313732790837818,43.3315559021721,1.0334975719451904,1.905593991279602,114.9697494506836,-370.2037658691406,0.4485475420951843,3.677206516265869,120926.1328125,1.9515734910964966,422.3190002441406,49.46140670776367,-366.7707781302683,-112.28383191905044,0.4451453685760498,0.11157236
14,1,-0.9288780298183221,43.90289724082778,1.1352880001068115,1.8574556112289429,-214.27294921875,-305.1885070800781,0.23978665471076965,4.392422676086426,102825.6953125,1.9119386672973633,386.688232421875,45.5493278503418,-304.1851746159193,216.73797362996802,0.24022942781448364,0.0038784114
14,1,-0.9680076456109694,40.336215355465484,1.1889313459396362,1.8367382287979126,-411.9097900390625,-36.219905853271484,0.4184059500694275,5.746908664703369,157739.203125,1.9469952583312988,449.1407165527344,48.34748458862305,-38.275194325900955,412.5871825371277,0.42454278469085693,0.025381489
14,1,-1.1165074122224596,47.71952181130909,1.1298564672470093,1.868228793144226,25.162832260131836,-339.25225830078125,0.4350113868713379,0.7224130034446716,132558.703125,1.9897600412368774,458.10296630859375,35.03115463256836,-344.53643811648107,-27.574059363775437,0.43223801255226135,0.006031352
14,1,-1.1861420969554812,43.530887366501524,1.1667016744613647,2.0663278102874756,-177.07818603515625,-374.55865478515625,0.24920198321342468,5.471421718597412,139118.515625,2.068394422531128,574.5323486328125,37.425811767578125,-376.4027584524906,179.51204294832354,0.24981504678726196,0.045271207
14,1,-1.4189971531215262,48.1932577701534,1.162927508354187,1.9189919233322144,216.25576782226562,-355.9397277832031,0.49745413661003113,0.6419467329978943,120398.1875,2.1441941261291504,654.7574462890625,24.950632095336914,-360.22100358778005,-218.77143703169526,0.5006977319717407,0.009779396
14,1,-1.032589118417539,47.24976550995693,1.1607908010482788,1.9426382780075073,216.2044219970703,275.9017028808594,0.3554314970970154,1.2073071002960205,145212.171875,2.0455048084259033,522.65283203125,48.48677444458008,275.6137887410886,-218.73520018378616,0.3537471890449524,0.0072683766
14,1,-1.1063942020855888,48.5741430261215,1.0883522033691406,1.9401042461395264,-157.38015747070312,313.50390625,0.4658982753753662,1.044225811958313,122438.1875,2.0756750106811523,525.9207763671875,41.164710998535156,306.54836923236155,152.9273283177169,0.4660153388977051,0.017222235
14,1,-1.5143913697583924,44.89909300245106,1.149727702140808,1.9645787477493286,-30.35380744934082,357.8562927246094,0.39115098118782043,2.353139877319336,107944.296875,2.0168676376342773,500.9388122558594,15.324646949768066,359.5401834330704,27.99564338081235,0.3916986286640167,0.030543419
14,1,-1.1045965483009392,38.005715585009895,1.1887152194976807,1.8120895624160767,27.667724609375,368.66802978515625,0.4610730707645416,5.93921422958374,123784.484375,1.9882557392120361,510.985595703125,40.16160202026367,364.5000069991226,-27.680297496636985,0.4573763310909271,0.07406054
14,1,-1.0520982405302872,49.94677366855368,1.1973600387573242,2.0127182006835938,215.39877319335938,253.57696533203125,0.4043366014957428,0.38750985264778137,150132.921875,2.0332143306732178,502.2964172363281,44.55134963989258,251.93697668703206,-217.2030536088423,0.4070778489112854,0.0061802603
14,1,-0.8315019922150826,37.6423464672276,0.9290021657943726,1.8589447736740112,-238.1260986328125,-306.7772216796875,0.4199349284172058,1.473813772201538,142163.03125,1.9769853353500366,525.9169311523438,77.52014923095703,-309.01761539720485,232.56585960245957,0.4226955771446228,0.6769904
14,1,-1.0954291250891863,45.78680364566787,1.0971084833145142,1.7977427244186401,-239.66307067871094,335.0658874511719,0.5023934841156006,6.077682971954346,108750.9921875,1.9483973979949951,405.31219482421875,32.53562927246094,325.57565336757244,242.5419783441774,0.5047115087509155,0.0061702495
14,1,-1.5244093131481946,27.353458787271137,1.1605713367462158,1.9289638996124268,-178.55392456054688,292.9410705566406,0.4621201753616333,5.934781551361084,123784.484375,2.0867974758148193,1112.767578125,33.26548385620117,288.569952321927,179.31717064684477,0.4573763310909271,0.8907996
14,1,-1.0154438328406417,43.54205773058544,1.1452287435531616,2.0278940200805664,-252.76612854003906,325.7836608886719,0.31822824478149414,0.21093381941318512,131715.234375,2.1212618350982666,638.8175659179688,61.6498908996582,323.2865559684842,252.63912840449592,0.31787312030792236,0.09404515
14,1,-0.9647394395575835,45.971585177376,1.1680890321731567,1.9342817068099976,183.62083435058594,-360.9278259277344,0.5119430422782898,5.691854476928711,112783.65625,2.100522041320801,610.3051147460938,66.19221496582031,-365.9412821623953,-179.14667984369993,0.512438952922821,0.016568776
14,1,-1.345795628526774,40.49760548933021,1.1458011865615845,2.1000285148620605,218.38687133789062,-313.0906066894531,0.2566410303115845,3.3890180587768555,129803.5390625,2.0641400814056396,580.872802734375,26.198942184448242,-312.2219749159389,-216.05970414607498,0.25534772872924805,0.31098115
14,1,-1.0511999282349571,32.817420485021565,1.1672346591949463,1.9487333297729492,-313.6284484863281,269.0777587890625,0.47327977418899536,3.7353525161743164,140329.34375,2.138324499130249,945.482666015625,84.03363037109375,271.39821324630765,316.59416709592375,0.47314921021461487,0.80737984
14,1,-1.0552995446402635,49.653350958269996,1.1714473962783813,1.9463320970535278,-343.35186767578125,-124.72804260253906,0.4708232581615448,3.7380917072296143,140329.34375,2.1516757011413574,625.33740234375,55.057193756103516,-120.20738834983163,347.15231786883874,0.47314921021461487,0.003994076
14,1,-1.0742066356642583,44.442987380030985,1.167396068572998,2.0631911754608154,310.89495849609375,282.27655029296875,0.4448338747024536,5.236701011657715,149222.6875,2.215355634689331,772.8027954101562,65.14204406738281,277.734579940007,-306.105810721157,0.44674813747406006,0.096883595
14,1,-1.1936147111882711,25.42663582226441,1.1497455835342407,1.9727404117584229,-36.960514068603516,-401.291748046875,0.4741361141204834,3.719899892807007,140329.34375,2.0891058444976807,957.7659301757812,61.325904846191406,-397.95449452288705,37.55819410622016,0.47314921021461487,0.9201304
14,1,-1.3098027655856903,36.84604940998725,1.1471271514892578,1.832068681716919,-249.66307067871094,-222.84266662597656,0.5183860063552856,2.0700278282165527,130873.1796875,1.9992780685424805,590.76025390625,28.947229385375977,-220.30971749662555,245.95925548952724,0.5183332562446594,0.38150477
14,1,-0.9594498731330768,40.65203719024725,1.1182674169540405,1.8174331188201904,-107.142333984375,386.1376037597656,0.34501713514328003,3.851339817047119,111557.328125,1.9169821739196777,430.2704772949219,47.237918853759766,385.63989395002267,110.82666719380674,0.34633511304855347,0.027762903
14,1,-1.187268420060948,45.91592522341366,1.1586650609970093,1.9455188512802124,-346.7337341308594,-172.35357666015625,0.442731112241745,5.313884735107422,127289.9609375,2.077585458755493,558.2300415039062,36.26966857910156,-176.04413564013697,352.30037579118215,0.44035765528678894,0.014213799
14,1,-1.2939716200872025,39.15958637572781,1.1151964664459229,1.8403451442718506,50.21291732788086,374.4693298339844,0.2573132812976837,4.0103020668029785,136714.5,1.8793920278549194,417.6282958984375,21.22346305847168,375.32538865945037,-48.22621613064571,0.2579841911792755,0.04222717
14,1,-0.9893852083841044,43.404914658981085,1.1256576776504517,1.8884042501449585,-356.89068603515625,-97.27120208740234,0.3463658094406128,3.862521171569824,111557.328125,1.919614315032959,402.1208801269531,41.206939697265625,-96.27722029922646,360.9996490235227,0.34633511304855347,0.018278489
14,1,-1.2665647755261364,44.48345694284599,1.1413391828536987,1.8613653182983398,346.4826354980469,213.0075225830078,0.22115789353847504,3.0843329429626465,115490.9765625,1.864526629447937,357.7760009765625,19.36618995666504,213.9946103327032,-344.83524259148874,0.21789464354515076,0.0031077377
14,1,-1.1988715945959962,36.03277689592858,1.120683193206787,1.9099867343902588,64.55365753173828,337.5268249511719,0.34653913974761963,3.8415982723236084,111557.328125,1.9402248859405518,493.55133056640625,31.221900939941406,338.68481700792563,-61.273582821789255,0.34633511304855347,0.45643413
14,1,-1.004246983059372,46.5212254178532,1.1757174730300903,1.8131647109985352,356.8421630859375,-89.3544921875,0.17938821017742157,5.014766216278076,137418.90625,1.8617252111434937,340.0995788574219,33.67889404296875,-90.31224959982212,-355.9842511528171,0.17921248078346252,0.00030595012
14,1,-1.0999788961632286,42.478686888811886,1.1843576431274414,2.010521173477173,355.7086486816406,92.35221862792969,0.28116947412490845,3.6269233226776123,117947.5703125,2.035597085952759,567.2894897460938,45.06349563598633,96.45830417674995,-353.65700058040204,0.27914124727249146,0.04623581
14,1,-1.1690494321194154,48.26520364217454,1.1405497789382935,1.8933188915252686,-136.8930206298828,352.30828857421875,0.2568000853061676,4.001855373382568,136714.5,1.9284768104553223,401.6929016113281,27.217180252075195,355.8694442759809,138.80190722624707,0.2579841911792755,0.0011999862
14,1,-0.8525169652382738,40.42270604990208,1.063017725944519,1.8473414182662964,390.4620666503906,-74.14055633544922,0.25448888540267944,3.850632429122925,101548.265625,1.854835033416748,371.0719909667969,52.1123161315918,-72.69192056745536,-388.4393624745325,0.2620203495025635,0.04486351
14,1,-1.2545399073023875,37.964743035603526,1.17116379737854,1.9309513568878174,-360.4591369628906,-167.83126831054688,0.3772161900997162,3.9501872062683105,138867.171875,1.9860738515853882,548.0279541015625,30.497299194335938,-167.62586173374564,363.76825695241286,0.3744159936904907,0.24428427
14,1,-0.8762816891612286,47.337369150987826,1.199193000793457,2.067878246307373,-133.07138061523438,-358.44342041015625,0.28558921813964844,3.7443792819976807,135557.921875,2.0634896755218506,529.5972900390625,70.41471862792969,-354.83867173084724,133.59283419907584,0.2856648862361908,0.009936682
14,1,-1.1037036677986343,36.878874946283325,0.9676883816719055,2.08105206489563,-80.27295684814453,-357.0750732421875,0.2667635381221771,2.2405083179473877,125024.984375,2.090496301651001,669.6998291015625,52.744319915771484,-355.7651536562413,77.62789326063505,0.26633819937705994,0.8350564
14,1,-1.252767153040512,38.44974850321019,0.9830179810523987,2.0681710243225098,345.3414611816406,-183.93637084960938,0.267622172832489,2.243748903274536,125024.984375,2.0724620819091797,632.6290893554688,35.34929656982422,-184.09606880942962,-347.61833909566514,0.26633819937705994,0.74002504
14,1,-0.8810397316035156,35.246134479656696,1.11702561378479,1.859432578086853,342.6427917480469,-170.00228881835938,0.30014532804489136,5.139540195465088,119519.1875,1.9499856233596802,538.6320190429688,70.83563995361328,-172.045263737265,-339.05989949646465,0.30038437247276306,0.32006457
14,1,-1.1258126872540248,36.857934433498755,1.1618952751159668,1.9623643159866333,-92.83763122558594,320.7795715332031,0.3246079683303833,5.1320481300354,115984.65625,2.0214943885803223,615.9105834960938,46.1003303527832,320.0966328447254,97.05365008914157,0.32673606276512146,0.35052988
14,1,-1.1201082856803057,43.08059314072489,1.077879548072815,2.0617151260375977,-109.95598602294922,396.0486755371094,0.4669276177883148,3.9118471145629883,151844.25,2.2123618125915527,818.5536499023438,62.07806396484375,399.3282362776885,113.16160027788403,0.47029373049736023,0.35091844
14,1,-1.1020128246189744,37.551996456418294,1.0727894306182861,2.1000285148620605,324.2718200683594,27.915996551513672,0.25541847944259644,3.1125080585479736,156868.859375,2.0604794025421143,597.9901123046875,47.280303955078125,30.843528284468533,-323.487174063462,0.25645285844802856,0.7140817
14,1,-1.360714094809361,49.643557295642005,1.1330143213272095,1.934716820716858,48.2811279296875,-415.57281494140625,0.5231889486312866,5.8428168296813965,130139.953125,2.0107548236846924,425.44207763671875,18.54060935974121,-420.08253423102394,-45.55535097472613,0.5313231348991394,0.0056133894
14,1,-1.17619749269486,39.29262836345734,1.1982778310775757,2.0676286220550537,-154.72215270996094,-360.5361328125,0.2547529339790344,3.1147677898406982,156868.859375,2.134143590927124,781.8173217773438,52.108306884765625,-358.892906882117,155.66121250457437,0.25645285844802856,0.25259158
14,1,-1.014140346256378,44.31984754221617,1.16323983669281,1.8756710290908813,43.51851272583008,338.8760681152344,0.2083476036787033,1.3893824815750122,110874.8671875,1.9381674528121948,393.2199401855469,38.06221389770508,337.3233319131944,-47.131400864183426,0.21240434050559998,0.0036979245
14,1,-1.1309519486764361,45.02219157926443,1.083257794380188,2.0196449756622314,334.8558349609375,-124.31838989257812,0.4701818525791168,3.906203031539917,151844.25,2.1967713832855225,739.0308837890625,54.665061950683594,-121.69870090825049,-330.87950671376404,0.47029373049736023,0.13106668
14,1,-0.9691960276545282,46.75996224531281,1.1848715543746948,1.857386827468872,198.08721923828125,279.3888854980469,0.21467633545398712,1.4084982872009277,110874.8671875,1.9132604598999023,368.8619384765625,39.59740447998047,280.11251355454266,-198.92486911480228,0.21240434050559998,0.00093216967
14,1,-1.0456519686384573,46.913297895181266,1.146217703819275,1.964316487312317,-262.23590087890625,-261.2642517089844,0.3946322202682495,0.7810094952583313,127960.046875,2.0392603874206543,528.0330200195312,47.534420013427734,-262.7273878313405,261.94181101890666,0.3968958556652069,0.01691465
14,1,-1.4215322272794904,43.77167470908762,1.0907106399536133,1.9476925134658813,-326.7861328125,-64.48668670654297,0.47865477204322815,1.1426079273223877,130835.2890625,2.14984130859375,649.2215576171875,24.595685958862305,-66.2492864769207,324.20768043646683,0.48042863607406616,0.13087583
14,1,-1.3339601492962667,42.281022529940344,1.168766736984253,1.8311389684677124,75.2846450805664,325.9853210449219,0.30411097407341003,5.697822093963623,109032.1328125,1.918969988822937,417.1046447753906,19.332260131835938,326.0138067346058,-74.14142219871023,0.3062753677368164,0.005151054
14,1,-1.1460137826614745,48.55457186840234,1.179877758026123,1.9958091974258423,-136.91600036621094,-289.42999267578125,0.3214615285396576,4.860713958740234,138135.203125,2.0476880073547363,523.5221557617188,37.404178619384766,-290.2367838898771,141.10264809606426,0.31972771883010864,0.003427693
14,1,-1.092030474982431,43.515749238176085,1.0979729890823364,1.9453730583190918,68.09384155273438,-414.0768737792969,0.42593249678611755,2.9937052726745605,138690.578125,2.0274555683135986,499.9158630371094,40.44504928588867,-409.65864183857065,-70.1845528732757,0.42378053069114685,0.08370275
14,1,-1.1678498549196765,44.178216791859874,1.1527687311172485,1.8947592973709106,-253.7890167236328,319.83935546875,0.5051864385604858,1.1259758472442627,104153.4609375,1.9303897619247437,374.2989807128906,25.43121337890625,317.40314952673015,251.1070988377488,0.5051488876342773,0.04156473
14,1,-0.9658785332615176,37.01212326662092,1.1837424039840698,1.8814889192581177,-246.1944122314453,216.10829162597656,0.23821768164634705,5.316824436187744,114754.9140625,1.9467860460281372,477.86834716796875,51.69266128540039,213.4248591393525,248.09705162557628,0.2365245521068573,0.07250323
14,1,-1.2675681698829127,45.474906470743676,1.127281665802002,1.9832168817520142,-393.802490234375,83.28748321533203,0.3493311107158661,0.6985425353050232,132469.0625,2.056551694869995,508.87939453125,27.481796264648438,81.70208457766908,392.4408881180224,0.3501560389995575,0.034950476
14,1,-0.6107889639372924,39.403448350796914,1.080708384513855,1.9251415729522705,-298.1351623535156,-140.21209716796875,0.3506428599357605,2.4076075553894043,110058.015625,2.014986991882324,560.2618408203125,137.27825927734375,-136.60941366664488,289.40791555170637,0.34553709626197815,0.27150917
14,1,-1.210181055158236,49.29871668842252,1.1978843212127686,1.996675729751587,-342.9019470214844,178.236328125,0.34954410791397095,0.6801623106002808,132469.0625,2.0672531127929688,519.8187255859375,32.03830337524414,174.11990459185205,343.41078223673907,0.3501560389995575,0.004480164
14,1,-1.3735786841432682,45.86846747133963,1.118291974067688,1.9846680164337158,320.6654052734375,-219.9687042236328,0.45110392570495605,2.184612989425659,130836.0625,2.1442465782165527,617.1312255859375,26.109416961669922,-217.995142307844,-325.131586706604,0.4495866894721985,0.051080886
14,1,-1.1299118079831711,38.25891805395629,1.1108317375183105,1.870926856994629,-346.9374694824219,-187.72848510742188,0.3144114017486572,6.004779815673828,106532.234375,1.9573864936828613,457.2897644042969,33.90614318847656,-191.65326904887138,348.31877377709446,0.31457602977752686,0.114829645
14,1,-1.4393432463334839,29.96373609068437,1.1883244514465332,1.9544609785079956,15.749909400939941,-344.2754821777344,0.44447728991508484,3.1088645458221436,156817.09375,2.0893547534942627,869.0396118164062,31.60057258605957,-342.7941523705462,-16.283347517491727,0.44313016533851624,0.8692908
14,1,-0.6036596350487644,37.3980016677453,1.1889593601226807,1.845022439956665,113.1054916381836,399.79571533203125,0.1958291232585907,4.704381942749023,142102.265625,1.8755204677581787,455.82781982421875,113.53788757324219,401.7114734841112,-112.78646895366796,0.1929447501897812,0.026634006
14,1,-0.7672035029991925,42.63447943560855,1.1868714094161987,2.005915403366089,-339.5495910644531,173.8670654296875,0.2139696329832077,3.380479574203491,137295.78125,2.0418038368225098,535.9552001953125,91.60612487792969,173.43256655477825,339.6218784693642,0.2157435268163681,0.02604558
14,1,-1.3207794009459208,33.99030613124933,1.14287269115448,1.9705754518508911,-169.49778747558594,-282.04705810546875,0.4405496120452881,3.1134610176086426,156817.09375,2.152287721633911,846.9511108398438,40.46484375,-279.2746073328101,170.00113620443557,0.44313016533851624,0.7906998
14,1,-1.1177968698582141,44.43640352701227,1.1298918724060059,1.9642746448516846,346.82763671875,47.98480987548828,0.35089632868766785,4.657675743103027,145391.984375,2.135540723800659,632.08544921875,48.19234085083008,47.2738360227442,-344.0650478708091,0.3420628309249878,0.02696455
14,1,-1.1021402378371086,48.14913304572737,1.1948494911193848,1.9913668632507324,310.2497253417969,-105.7762680053711,0.3402476906776428,4.688525199890137,145391.984375,2.1170434951782227,586.3035888671875,46.34270477294922,-107.61169163505514,-306.3185020095201,0.3420628309249878,0.0037575513
14,1,-0.8579565210061619,40.0309839133967,1.14531409740448,1.8231338262557983,197.06201171875,315.65765380859375,0.1887262463569641,4.685519218444824,142102.265625,1.8725348711013794,392.03802490234375,54.37144470214844,313.74851620480644,-197.87303271346372,0.1929447501897812,0.008298301
14,1,-1.4268697524028016,48.611390217569706,1.1599268913269043,1.8458596467971802,277.59033203125,218.79368591308594,0.24616269767284393,5.997400283813477,101626.46875,1.8602651357650757,336.7659912109375,12.60245132446289,216.11391844652255,-276.96737794832075,0.24746325612068176,0.0003642607
14,1,-1.0963411170224426,35.169404814985,1.195754885673523,1.9217276573181152,273.6944274902344,-237.3080291748047,0.392659455537796,3.6038923263549805,151146.921875,2.0130395889282227,647.2687377929688,51.849273681640625,-234.28792281872575,-272.12035063700813,0.3916829824447632,0.48233786
14,1,-1.0255589225717865,44.21662452200712,1.1403543949127197,1.8210206031799316,-212.75015258789062,-351.77154541015625,0.25134506821632385,5.818748950958252,107931.84375,1.8477323055267334,316.98907470703125,29.887109756469727,-356.91518418256777,210.24378775734334,0.24919594824314117,0.0018010581
14,1,-1.4308427440345797,41.75916259736784,1.1788800954818726,1.897039532661438,359.1626892089844,131.34524536132812,0.26044726371765137,2.1415934562683105,136644.46875,1.9409853219985962,430.8085021972656,15.974924087524414,134.48319296561044,-361.77692465064257,0.25782057642936707,0.01652221
14,1,-0.797235625616778,48.337508358987776,1.109048843383789,1.9033464193344116,-121.56097412109375,334.2967529296875,0.29691755771636963,5.664560794830322,153636.5625,1.9923901557922363,448.2490539550781,71.49623107910156,332.41987999615003,122.78351066923625,0.2968501150608063,0.0019493122
14,1,-1.0035835426668305,35.51081592743467,1.1095317602157593,1.9995906352996826,-71.69420623779297,373.6021728515625,0.25313621759414673,0.07630036026239395,128567.984375,2.006598949432373,589.6065063476562,58.476043701171875,369.60837369655616,71.6818244391747,0.25174811482429504,0.68533516
14,1,-0.9205858378993987,48.2687745418991,1.1233916282653809,1.8137985467910767,373.2259216308594,-19.729711532592773,0.24073317646980286,0.5416542887687683,108269.921875,1.8438316583633423,333.75396728515625,40.071861267089844,-20.594720879742635,-374.10941614441754,0.24332614243030548,0.0008273488
14,1,-0.882599126412133,42.17828113949354,1.1778676509857178,1.9407814741134644,-148.12078857421875,371.1851501464844,0.23749220371246338,5.8216352462768555,113353.03125,1.9357938766479492,433.47052001953125,56.801483154296875,369.32791120578383,145.64023679836941,0.239765003323555,0.013236884
14,1,-1.3479844449073974,41.39448538658429,1.137031078338623,2.054835557937622,402.653076171875,-90.28478240966797,0.19491355121135712,1.561118245124817,149070.84375,2.160101890563965,737.8153686523438,33.11021041870117,-91.58636525572594,-404.9515136904807,0.19527776539325714,0.14077398
14,1,-0.883941216627499,35.23036387507548,0.8895329236984253,1.8596177101135254,281.87896728515625,209.6740264892578,0.25130727887153625,0.09299198538064957,128567.984375,1.9214980602264404,477.0010070800781,62.31281661987305,206.35203826697864,-281.85222169197897,0.25174811482429504,0.77410233
14,1,-1.0996501975652502,48.142530019407424,1.1559913158416748,2.038804054260254,360.3582763671875,156.05584716796875,0.17908276617527008,1.6590149402618408,153535.671875,2.084503650665283,548.4451293945312,43.59954833984375,155.54417867593153,-360.8736384292512,0.1749003529548645,0.005201321
14,1,-0.3141208199422473,38.77388978442236,1.1573874950408936,1.9506136178970337,157.54530334472656,-384.4539489746094,0.33535102009773254,3.530710220336914,132948.78125,1.998253345489502,548.2967529296875,266.00799560546875,-381.0709782184073,-158.87989174851063,0.3352297842502594,0.20498575
14,1,-0.6741032522556343,43.43972109504965,1.1593056917190552,1.9584369659423828,-208.48890686035156,-250.77548217773438,0.4018690884113312,4.595139503479004,148976.09375,2.0587072372436523,542.5829467773438,114.91123962402344,-252.50706686719687,213.58694231332086,0.402351051568985,0.04042537
14,1,-0.9522327686816777,41.92534911403254,1.0717871189117432,1.8223943710327148,-336.6908264160156,-250.1860809326172,0.21229974925518036,4.4630866050720215,121482.828125,1.8877394199371338,367.00616455078125,40.967506408691406,-250.98377882764427,336.9493627232386,0.21522165834903717,0.009815256
14,1,-0.6372771219175362,44.810502430566096,1.1264898777008057,1.9801216125488281,9.533888816833496,-376.70501708984375,0.38209474086761475,0.48971864581108093,147271.0625,2.0839102268218994,598.1251831054688,137.88424682617188,-379.6179161864725,-12.404584921958353,0.38509640097618103,0.055776358
14,1,-0.7835550272537548,40.17014385845275,1.1887003183364868,1.9551973342895508,-256.0032043457031,264.4564514160156,0.17999163269996643,6.237356662750244,153938.140625,2.007507085800171,536.4970092773438,88.31038665771484,261.4631884270423,256.19929051565333,0.1795199066400528,0.023180496
14,1,-1.662686758945974,45.68688838259668,1.19907808303833,2.0031678676605225,253.83218383789062,-195.2860565185547,0.352870374917984,3.2627556324005127,126631.3515625,2.162703275680542,694.0404052734375,15.090204238891602,-192.87002490771278,-252.46143957647223,0.3520396053791046,0.014751952
14,1,-0.7507992749706804,42.99292806497109,1.1848859786987305,1.8535304069519043,14.198205947875977,-371.8539123535156,0.4114725589752197,4.5784173011779785,114623.625,1.9279751777648926,406.88323974609375,72.2220687866211,-371.486934933926,-10.235332557293923,0.4121341109275818,0.010484766
14,1,-0.976630454986477,41.74526568814969,1.1288998126983643,1.9672414064407349,343.19451904296875,218.6126708984375,0.3827386796474457,0.48328572511672974,147271.0625,2.076826810836792,585.9024658203125,61.82927703857422,214.51474237872688,-344.44247250424996,0.38509640097618103,0.16153385
14,1,-1.1991755745093302,43.09688601120235,1.061189889907837,1.9219294786453247,7.216725826263428,-326.7808837890625,0.17897877097129822,0.060194242745637894,116850.5234375,1.9922378063201904,490.3757019042969,30.999305725097656,-329.68307499178246,-7.062744905380599,0.17864662408828735,0.033701364
14,1,-1.012451108400341,38.850383314823,1.1336432695388794,2.038804054260254,-41.88127136230469,-376.19793701171875,0.1786014288663864,6.250162601470947,153938.140625,2.090444564819336,718.5103759765625,69.82023620605469,-380.2829928236311,42.305808072048386,0.1795199066400528,0.19767447
14,1,-1.0797538742942785,48.412462888549506,1.1571935415267944,1.9508951902389526,360.1153259277344,-19.941184997558594,0.33823108673095703,2.1922028064727783,135894.71875,2.012369394302368,478.2336730957031,39.800193786621094,-18.689369149705843,-360.53112883878345,0.3409328758716583,0.004130309
14,1,-1.0674639521444251,48.46803841335417,1.1329686641693115,1.941662311553955,113.7744369506836,310.26788330078125,0.19926568865776062,5.208952903747559,108491.921875,1.9346753358840942,381.6865234375,32.67695236206055,306.09353491202893,-111.77055030965056,0.2016376554965973,0.0012916194
14,1,-1.0348034825062722,44.470525496214954,1.1864674091339111,1.8492934703826904,322.55816650390625,156.3516845703125,0.3270060122013092,0.9030606150627136,124425.8984375,1.9534239768981934,448.9895324707031,41.441139221191406,155.36468627177112,-325.1298438890202,0.3276834487915039,0.004670872
14,1,-1.0729332656618025,31.71126531988059,1.1253777742385864,1.9623643159866333,203.92892456054688,-271.5954284667969,0.323677122592926,0.9045658707618713,124425.8984375,2.0246071815490723,723.0048217773438,61.12335968017578,-273.91761055708287,-208.33877535779493,0.3276834487915039,0.847512
14,1,-1.1149681166867336,46.81315566538381,1.1737116575241089,1.8747926950454712,28.473648071289062,-392.8848571777344,0.44090536236763,3.817838668823242,103151.796875,2.002692699432373,459.2724304199219,35.24528503417969,-389.4024489308252,-24.98976500905065,0.44075608253479004,0.004071522
14,1,-1.2257165535033288,39.07793328588914,1.1474895477294922,1.9573640823364258,-262.7367248535156,238.74383544921875,0.2613602578639984,4.877298355102539,111789.171875,1.9953033924102783,557.3145141601562,33.14228820800781,237.71774505685042,264.9392650742764,0.2596800923347473,0.12404391
14,1,-1.5971840131123662,44.697646457321035,1.0853108167648315,1.9837712049484253,-242.94741821289062,-245.2850341796875,0.41884973645210266,1.8133922815322876,156308.703125,2.113196611404419,644.1642456054688,16.285831451416016,-244.90796809266985,239.79369757714966,0.4179155230522156,0.094344474
14,1,-0.8444338679138128,40.4261453109742,1.0648775100708008,1.8238600492477417,-409.8771667480469,31.584074020385742,0.2503501772880554,2.319719076156616,104061.171875,1.8574817180633545,356.7249450683594,51.03860092163086,34.418912450210634,407.3757144129943,0.24870066344738007,0.037961412
14,1,-1.384599371424641,48.91728641775615,1.1793172359466553,1.996675729751587,358.47149658203125,-17.048110961914062,0.3524133563041687,3.3574228286743164,106373.046875,2.0623958110809326,514.2560424804688,21.211822509765625,-13.61510590862849,-358.9331908210433,0.35120126605033875,0.0044107307
14,1,-1.2165517029217403,47.75457750161545,1.1544182300567627,1.9251415729522705,399.88232421875,13.629268646240234,0.3499796986579895,3.3507447242736816,106373.046875,2.013545513153076,490.16851806640625,29.770919799804688,14.850225262609822,-399.1987905077148,0.35120126605033875,0.0037161876
14,1,-1.0459308524186601,38.60523936792467,1.1494526863098145,1.8381986618041992,336.96875,-2.493709087371826,0.2705148160457611,3.506251096725464,114303.703125,1.8796441555023193,438.6278076171875,39.46064758300781,-0.9582448857036427,-334.5112196385523,0.27284058928489685,0.042726915
14,1,-1.1134516834694463,38.12246560495326,1.1902730464935303,2.0569374561309814,320.67095947265625,-29.470510482788086,0.3135351836681366,5.393080234527588,154176.890625,2.1281254291534424,744.1133422851562,57.30422592163086,-30.010369165384073,-318.3714772787457,0.31316694617271423,0.3757031
14,1,-1.2782206048610445,45.43524222833221,1.178837776184082,1.8197898864746094,317.9710693359375,-207.5811309814453,0.3894333839416504,6.187258720397949,110586.2890625,1.8899003267288208,383.3082275390625,20.19879150390625,-211.9574566323617,-317.1486094700214,0.38984164595603943,0.0017808846
14,1,-0.9773710036883871,47.66022542496446,1.1926788091659546,2.0675015449523926,-320.50811767578125,154.4486541748047,0.23987209796905518,4.979945659637451,142846.046875,2.1205039024353027,614.921630859375,64.78106689453125,153.80469810353668,322.8390643609907,0.24114900827407837,0.0059519885
14,1,-1.1246082927335135,47.09164098284933,1.0405550003051758,2.08453106880188,123.74292755126953,392.79156494140625,0.19879946112632751,2.125310182571411,134836.171875,2.107398748397827,555.1456909179688,41.667518615722656,392.59417401591276,-126.20065098257739,0.19787266850471497,0.044298023
14,1,-1.0322466699770372,48.54029649614247,1.18019437789917,2.083850145339966,-352.27484130859375,176.009765625,0.19945597648620605,2.145404815673828,134836.171875,2.1027424335479736,547.2429809570312,50.808067321777344,175.55707187951103,351.7670367537513,0.19787266850471497,0.0063513857
14,1,-0.8803917608521019,45.449197774414856,1.1825987100601196,1.9122775793075562,209.44088745117188,-251.0342254638672,0.47364410758018494,0.5218655467033386,121858.140625,2.049313545227051,588.758544921875,77.54341125488281,-255.52608917170807,-210.05772910078898,0.47762244939804077,0.019703142
14,1,-1.0533735460019051,49.05245263528088,1.1647809743881226,1.8837083578109741,174.84463500976562,-351.2500305175781,0.25770363211631775,2.9866747856140137,120032.4453125,1.8899176120758057,350.6920471191406,31.013513565063477,-346.59622602572574,-175.6958636639582,0.256314218044281,0.0007293911
14,1,-0.9829653235673584,43.86087355864582,1.1089131832122803,2.0835251808166504,39.51316452026367,-333.5420837402344,0.22156396508216858,3.9941842555999756,148792.5,2.157097578048706,739.850341796875,76.94457244873047,-332.92896580094515,-37.10857180381039,0.22261925041675568,0.082366884
14,1,-1.292796763589695,35.07915520814876,1.1063052415847778,1.8488527536392212,-43.0346794128418,396.8254699707031,0.3806949853897095,5.04804801940918,115339.9375,1.9325528144836426,499.57574462890625,25.456745147705078,393.807573611746,47.736566692168424,0.3817288279533386,0.4468877
14,1,-1.179149528558558,45.06760894377225,1.1854920387268066,2.050715208053589,-311.2804260253906,-135.41848754882812,0.5027520060539246,4.241970062255859,149204.453125,2.1666131019592285,773.3046264648438,51.19178009033203,-134.1058526032484,315.2642576200645,0.5040147304534912,0.08568711
14,1,-1.4656293061296581,29.175841053879918,1.1636109352111816,2.0217769145965576,324.00982666015625,108.88140106201172,0.2716542184352875,3.4844088554382324,157730.375,2.0951945781707764,911.5540161132812,31.199792861938477,110.02256538938545,-322.57268224181615,0.2702109217643738,0.8844217
14,1,-1.2103033437747273,42.08615476225225,1.1558804512023926,1.8405073881149292,-343.78363037109375,-75.80403137207031,0.3171587586402893,1.0807744264602661,119080.6640625,1.9734104871749878,463.29864501953125,28.546716690063477,-75.4650707731472,341.6682564853205,0.31673216819763184,0.015008479
14,1,-1.0592718157086707,41.99703199250602,1.183944582939148,1.8338959217071533,-69.54844665527344,-396.9931335449219,0.38839104771614075,1.202104091644287,120673.203125,1.973961353302002,465.8301086425781,40.64009094238281,-397.2516693508268,64.84083359769157,0.38495469093322754,0.016959246
14,1,-1.0131409416050043,49.69065206290783,1.181538462638855,2.0556352138519287,57.638729095458984,333.6861267089844,0.17727014422416687,5.886109352111816,138227.359375,2.067150592803955,516.7586669921875,50.13557052612305,332.7427898017331,-55.74122104785848,0.18087126314640045,0.0015951352
14,1,-1.1424010167894172,34.39751465637783,1.1677615642547607,1.9362775087356567,212.05076599121094,355.48919677734375,0.2892467975616455,3.8806676864624023,114595.3046875,1.9676998853683472,559.93505859375,40.339969635009766,357.03914308493626,-210.3704833336293,0.28785744309425354,0.5198951
14,1,-1.0423126507147689,42.636533354541434,1.125793695449829,1.8902612924575806,-10.26672649383545,-406.5902404785156,0.2871285080909729,3.8700366020202637,114595.3046875,1.9514379501342773,430.6591491699219,39.06788635253906,-405.7274563100147,12.469111876319372,0.28785744309425354,0.017610244
14,1,-0.7632045505587931,34.663541769487225,1.1549828052520752,2.013317584991455,367.1341247558594,176.02796936035156,0.4967997372150421,3.9420228004455566,151555.28125,2.2324893474578857,989.3345947265625,170.66261291503906,179.36541049438583,-363.3357737345764,0.4969238042831421,0.808517
14,1,-1.2840862358551945,39.347668919038895,1.1573129892349243,1.9244050979614258,-130.85609436035156,294.25927734375,0.3942404091358185,5.333844184875488,127051.8203125,2.051050901412964,637.9373779296875,33.165802001953125,294.43605696907423,132.73301463410053,0.3921984136104584,0.14475831
14,1,-1.0106247978278469,46.989341776065395,1.1388802528381348,2.0049569606781006,-279.5679016113281,216.4056854248047,0.5080665349960327,4.2454400062561035,149204.453125,2.1755430698394775,718.1303100585938,70.07737731933594,218.02888727520465,285.65727008431776,0.5040147304534912,0.03758572
14,1,-0.927216475478639,44.045871075738035,1.1281613111495972,1.8266459703445435,-128.34776306152344,390.2086181640625,0.48820599913597107,1.30534827709198,140974.984375,2.0035955905914307,475.96685791015625,56.280696868896484,387.9562933330943,122.93755664528462,0.4856550097465515,0.021886053
14,1,-1.0252474434571135,44.33495183832278,1.088642954826355,1.9725617170333862,308.3612365722656,255.47927856445312,0.21436680853366852,4.8108320236206055,104728.328125,1.9990322589874268,449.4907531738281,42.41039276123047,253.4116596301412,-305.5411876095347,0.21654343605041504,0.019141626
14,1,-0.7879612931903505,48.86650929060428,1.1890244483947754,2.0228216648101807,-181.7805938720703,-297.5190734863281,0.4233054518699646,6.200681209564209,125862.7578125,2.118858814239502,627.7155151367188,102.28245544433594,-302.23681166339105,182.55516711901197,0.42509642243385315,0.0063496167
14,1,-1.276347988753378,39.119313509337644,1.1969833374023438,2.046093225479126,-299.307861328125,-229.23365783691406,0.3102729022502899,4.0791144371032715,148964.90625,2.0937306880950928,668.1010131835938,35.35842514038086,-228.38328987283148,302.31141330284083,0.31096139550209045,0.2675522
14,1,-1.04297036127264,47.41795367766903,1.1548868417739868,1.9107105731964111,276.4073791503906,-261.1488342285156,0.24480581283569336,3.309231996536255,109213.46875,1.950408697128296,430.414306640625,38.98658752441406,-259.7242541830817,-277.8716899050155,0.24454428255558014,0.0017839015
14,1,-1.0842855215642855,42.26753577599539,1.078590750694275,2.0733888149261475,-16.55877685546875,-394.7912292480469,0.3639029264450073,2.1005022525787354,131267.859375,2.061760902404785,580.4249877929688,47.803497314453125,-395.18647486221414,15.694775738513203,0.36305367946624756,0.36642492
14,1,-0.8298548172831147,43.815677861771846,1.1415208578109741,1.8338757753372192,-69.09270477294922,-375.4636535644531,0.35375043749809265,0.11576282232999802,100533.6796875,1.9535815715789795,406.7133483886719,60.17732620239258,-379.24901150488597,68.70075605050768,0.3543184697628021,0.011145122
14,1,-1.1723296898095499,34.35268599016954,1.1693148612976074,2.050715208053589,299.3611145019531,263.48541259765625,0.5028924942016602,2.298689842224121,158951.953125,2.1735832691192627,908.510498046875,61.094139099121094,264.0300228939524,-304.95621764041823,0.5016925930976868,0.84703964
14,1,-0.8514136694713276,42.006357330301014,1.0731955766677856,1.8940047025680542,153.8489532470703,335.082763671875,0.2152654528617859,4.991787433624268,128427.3984375,1.9724302291870117,464.4040222167969,65.38552856445312,335.1103074220948,-152.40330557866068,0.2196490615606308,0.023318619
14,1,-0.8425512311194492,38.59196283859913,1.059746503829956,1.8726645708084106,32.018672943115234,318.6739196777344,0.24462150037288666,2.2162251472473145,131036.1953125,1.868390679359436,379.4812927246094,54.530357360839844,320.30542752031863,-34.59387636158266,0.24277439713478088,0.16013284
14,1,-1.1153386601018485,46.114576809645136,1.1281976699829102,1.840411901473999,247.67623901367188,-253.79998779296875,0.3616691827774048,6.015737533569336,104553.3203125,1.931705117225647,411.5455017089844,31.555700302124023,-258.0082558468075,-247.0775573160298,0.36334484815597534,0.0025757551
14,1,-1.0163972813595916,46.307041827340825,1.1238378286361694,1.9081228971481323,18.997310638427734,322.6205749511719,0.21906059980392456,4.99636173248291,128427.3984375,1.9603595733642578,439.09521484375,42.282474517822266,322.71854580886924,-17.58163752143276,0.2196490615606308,0.0025158087
14,1,-1.1379412748633875,41.65659253066832,1.116246223449707,1.9714447259902954,189.4707489013672,371.0709533691406,0.3297046720981598,4.031601905822754,127504.2109375,2.019463062286377,505.572265625,36.79940414428711,370.77023489445634,-186.01541185017348,0.32880547642707825,0.10534216
14,1,-1.3119856770014668,35.97974544093378,1.0659277439117432,2.0646743774414062,-178.86553955078125,-358.15838623046875,0.4534705579280853,1.1096709966659546,133026.203125,2.1710221767425537,911.3316040039062,44.43137741088867,-359.3959746830266,175.53948237916993,0.45657238364219666,0.85692424
14,1,-0.7874065650267401,38.72189182859162,1.1909860372543335,1.9269537925720215,211.41954040527344,358.97039794921875,0.4868088960647583,3.272423267364502,132501.15625,2.0206754207611084,537.2881469726562,87.65974426269531,362.48879897525416,-209.35155226998262,0.48835697770118713,0.2714344
14,1,-0.8778781637613123,37.739862124867386,1.1252726316452026,1.972187876701355,143.29896545410156,-367.5148620605469,0.45734524726867676,1.1074323654174805,133026.203125,2.1159045696258545,704.8824462890625,93.37660217285156,-369.49778159296056,-147.5753423951204,0.45657238364219666,0.60780144
14,1,-1.0046159309210887,46.34068659854663,1.1677048206329346,1.8714309930801392,-109.88944244384766,-358.0937194824219,0.3266497254371643,4.0236310958862305,127504.2109375,1.980284571647644,464.02789306640625,45.912105560302734,-358.3026153554926,111.31193699579643,0.32880547642707825,0.0022753195
14,1,-1.3676693139234652,46.450779757669984,1.1582791805267334,1.948046326637268,388.9636535644531,50.39649200439453,0.4537346661090851,1.1068414449691772,133026.203125,2.1380462646484375,637.46728515625,27.339275360107422,48.72366426846042,-393.3808225895995,0.45657238364219666,0.020708859
14,1,-1.0276899068528396,48.77949532388749,1.1681948900222778,2.031395435333252,-6.6161065101623535,-411.7220153808594,0.3964483439922333,0.5033627152442932,129227.1875,2.062156915664673,542.5658569335938,50.905147552490234,-414.69395104111413,7.443208340711752,0.3950918912887573,0.014777047
14,1,-0.948396624821055,38.255862842510595,1.128542184829712,1.9625415802001953,346.8863525390625,170.4345245361328,0.3960408568382263,4.136209964752197,152002.328125,2.0465712547302246,646.90966796875,72.85282897949219,172.56320014923142,-345.14970434794037,0.3959105312824249,0.39578444
14,1,-0.8499614216015826,41.23620578396832,1.1287492513656616,1.9932624101638794,-18.7889347076416,328.78790283203125,0.394205778837204,4.133188247680664,152002.328125,2.0700294971466064,624.3394165039062,88.1980209350586,329.693605535048,20.695314819587505,0.3959105312824249,0.19466844
14,1,-1.1755849155222535,45.09623183199184,1.1981284618377686,2.0700876712799072,-261.90338134765625,-290.4320068359375,0.27970874309539795,0.13704237341880798,154715.390625,2.088102102279663,617.985595703125,41.24700164794922,-293.0098214775814,261.2000798536475,0.27906209230422974,0.039249044
14,1,-0.8852613867870567,36.24037483371704,1.1327612400054932,2.0394647121429443,367.7273864746094,178.4208221435547,0.34745001792907715,2.860727071762085,148093.28125,2.0234625339508057,559.8493041992188,72.91370391845703,182.4260022106326,-367.9587404222316,0.3498324453830719,0.707308
14,1,-1.0180878107091502,45.91260528435756,1.1961238384246826,1.8902583122253418,-367.7620849609375,-197.0853729248047,0.28279244899749756,1.3814055919647217,112051.0546875,1.9721689224243164,417.0932922363281,40.00776672363281,-199.02144518430399,369.16825003246396,0.28390371799468994,0.0027218936
14,1,-1.180375220984206,37.857780233966054,1.0970239639282227,2.0198373794555664,-285.0205383300781,-247.0176239013672,0.27750566601753235,0.12107750028371811,154715.390625,2.0425095558166504,612.4534912109375,40.42935562133789,-250.21873195390424,286.08514560301165,0.27906209230422974,0.56922066
14,1,-1.159785954363448,39.328602050888385,1.172157883644104,1.9251415729522705,224.31674194335938,-314.1336669921875,0.3509865701198578,2.860440254211426,148093.28125,2.0141689777374268,584.3472900390625,40.44678497314453,-310.76231881265085,-226.4725930136572,0.3498324453830719,0.12856363
14,1,-0.9123156535134954,42.0138592402076,1.0543063879013062,1.882219672203064,39.51309585571289,401.00311279296875,0.2647264003753662,0.7598937749862671,120059.140625,1.8686773777008057,365.1041259765625,44.67865753173828,399.64384051181094,-40.83877915881089,0.2635420262813568,0.05664971
14,1,-0.5823308451737911,48.410118315519526,1.1529552936553955,1.9356753826141357,400.1205139160156,-33.51935958862305,0.39052698016166687,0.5115964412689209,129227.1875,2.0026333332061768,465.9766540527344,121.90821075439453,-36.58816105347063,-400.05016595718445,0.3950918912887573,0.006332738
14,1,-1.4708899697290587,25.54877527315928,1.1856894493103027,2.0692481994628906,-270.5780334472656,262.3911437988281,0.28270378708839417,0.12096152454614639,154715.390625,2.064323902130127,1041.0653076171875,35.203575134277344,259.10975177956516,270.9783707199857,0.27906209230422974,0.9288898
14,1,-1.2742856792034705,39.17512935756679,1.075506329536438,1.8747464418411255,-360.8304138183594,168.85084533691406,0.2634926736354828,0.7523566484451294,120059.140625,1.881727695465088,368.4320373535156,19.591581344604492,169.02736994042166,355.97624899913797,0.2635420262813568,0.14278068
14,1,-1.1442439090652106,45.707698561747165,1.1640242338180542,1.9154869318008423,-346.14202880859375,6.46221399307251,0.5158519744873047,2.2678112983703613,128544.5625,2.0118823051452637,480.9764404296875,34.504730224609375,8.173822799338216,343.20673428212245,0.5173102617263794,0.023189701
14,1,-1.195652670977657,41.78306755444607,1.1915123462677002,1.8791850805282593,337.8019104003906,113.0224838256836,0.38534021377563477,5.370628833770752,131570.40625,1.9957342147827148,497.98974609375,31.737035751342773,110.32306306467935,-334.43366989033825,0.3870235085487366,0.018116059
14,1,-1.1313622405729151,35.701964800283214,1.0916917324066162,1.9139890670776367,-299.3554382324219,-232.55384826660156,0.4205991327762604,5.035051345825195,115021.203125,2.0051727294921875,641.3869018554688,47.39766311645508,-233.99966360662717,298.9914251766112,0.42606499791145325,0.61615807
14,1,-1.2578272846692211,36.51868487807419,1.193481683731079,1.866395354270935,-7.558947563171387,-416.84222412109375,0.20259977877140045,4.921898365020752,131034.7265625,1.9599387645721436,569.7122192382812,31.464937210083008,-417.8126072334799,10.116439980847737,0.20474033057689667,0.055276264
14,1,-1.1928453598254913,38.369503687632424,1.1334373950958252,1.9282933473587036,406.040283203125,-28.78510093688965,0.5152094960212708,2.2500112056732178,128544.5625,2.0295703411102295,571.9172973632812,36.684844970703125,-26.21811411809754,-411.58192218361575,0.5173102617263794,0.4825031
14,1,-1.191930208528036,36.44047485582561,1.1875276565551758,1.9832406044006348,196.54444885253906,359.0771484375,0.4248592257499695,0.5370016098022461,124008.828125,2.0987708568573,720.0219116210938,46.28226089477539,356.2208913559393,-197.05816215446046,0.4268355667591095,0.61012924
14,1,-1.083202110715949,45.094984823684165,1.1007885932922363,1.9265375137329102,175.9761199951172,-276.0443115234375,0.4129609167575836,1.1032201051712036,127372.7265625,1.9898204803466797,481.8111877441406,39.78081512451172,-277.6800082318807,-180.40920894384732,0.41539421677589417,0.038717333
14,1,-0.9886760795100337,44.193533827849144,1.1467984914779663,1.9603759050369263,-331.3667297363281,-110.03260803222656,0.42651504278182983,0.5452650189399719,124008.828125,2.111823320388794,611.7823486328125,62.79429244995117,-112.37812715829764,328.40857197657175,0.4268355667591095,0.061450634
14,1,-1.1970864004555517,45.43441680302843,1.1421395540237427,1.8232091665267944,294.92767333984375,284.47747802734375,0.4982258677482605,0.31752994656562805,111544.34375,2.001380681991577,452.36053466796875,28.734046936035156,279.2839208200784,-297.3750112339301,0.4966212511062622,0.012289279
14,1,-1.0076884737161362,38.73622673737169,1.123585820198059,1.8455190658569336,-127.95360565185547,308.83154296875,0.4235667288303375,5.035280704498291,115021.203125,1.9686086177825928,527.78076171875,51.85184860229492,306.197461408349,131.40225494229486,0.42606499791145325,0.13212201
14,1,-1.1433290491830752,38.96488474109359,1.0657927989959717,2.000967025756836,-379.0463562011719,171.49981689453125,0.4230690896511078,1.8549855947494507,124865.2734375,2.057164430618286,618.2787475585938,44.448211669921875,172.3728758203294,376.77759893254716,0.4210863709449768,0.6133758
14,1,-1.4801896475563758,32.809101339123266,1.197196364402771,1.9501498937606812,-193.8087921142578,-360.1473388671875,0.4009547233581543,3.473893165588379,119616.5078125,2.050729274749756,815.429931640625,26.989534378051758,-356.81487059237617,196.45895610205486,0.3982590138912201,0.7467088
14,1,-1.226404085247905,43.80211606573209,1.120680570602417,1.84169602394104,207.12530517578125,293.0939636230469,0.24713267385959625,5.722416400909424,111071.640625,1.8935024738311768,391.9043273925781,23.26880645751953,291.0890718003776,-207.6226209185425,0.2502122223377228,0.0034653135
14,1,-1.0150375533180733,37.077395663165056,0.9840896725654602,2.059105396270752,-300.5099182128906,280.33587646484375,0.24006962776184082,1.0082615613937378,154390.46875,2.0623414516448975,624.2826538085938,60.303565979003906,280.2457907047175,297.6600215342836,0.23904812335968018,0.79485554
14,1,-1.3439656498084447,42.00063104342275,1.1601793766021729,1.8780156373977661,391.0249938964844,-118.86337280273438,0.17758670449256897,2.7457942962646484,103110.6875,1.949609398841858,421.2503356933594,19.079734802246094,-119.26392725342723,-389.476666411687,0.1734822690486908,0.007145021
14,1,-1.3436267225149299,38.152996707505395,1.195587396621704,1.8726645708084106,-9.477185249328613,396.6890869140625,0.24510812759399414,5.738007545471191,111071.640625,1.865336537361145,423.73333740234375,19.207181930541992,395.30420945316223,10.767696244005652,0.2502122223377228,0.03170808
14,1,-1.4234479581345014,43.8063073039517,1.0964488983154297,1.821439504623413,-413.0815734863281,-40.875972747802734,0.29927876591682434,3.528475284576416,106327.328125,1.9179538488388062,409.70257568359375,15.453182220458984,-37.116721997215684,413.9712304870838,0.29828163981437683,0.0065950803
14,1,-0.8710209312110175,43.05255817804542,1.0343451499938965,1.803889513015747,-112.06202697753906,-316.64044189453125,0.3186380863189697,0.31642457842826843,112411.1484375,1.9197132587432861,417.0895690917969,56.13162612915039,-316.8176854724,110.93649492422597,0.32043853402137756,0.025488062
14,1,-0.810835012251461,48.83779904112542,1.150598168373108,1.8097652196884155,-222.63211059570312,-333.2443542480469,0.43160226941108704,4.755876541137695,101107.9765625,1.933876633644104,374.145751953125,57.83690643310547,-332.61860827955866,224.89371212625818,0.4308949410915375,0.00090483035
14,1,-0.9392120525087131,41.985154076667285,1.0522226095199585,2.004744291305542,-252.57044982910156,238.6688232421875,0.2909224331378937,6.128809928894043,121361.78125,2.0021607875823975,499.88739013671875,57.498878479003906,235.0448398519277,251.79866786148773,0.28958165645599365,0.14982074
14,1,-0.8881916585160481,48.7248927065308,1.1835124492645264,1.9249367713928223,-257.73529052734375,302.9779052734375,0.41400983929634094,6.0846428871154785,147621.640625,2.0484719276428223,515.8997192382812,66.73796844482422,299.2964227284693,259.43607609031625,0.41270211338996887,0.0020824377
14,1,-1.0912803673442686,45.249110102941614,1.1654152870178223,1.9137071371078491,-174.81581115722656,-365.8924560546875,0.5020493268966675,5.158511638641357,145146.25,2.1084461212158203,596.9429931640625,48.37841033935547,-369.2808517618727,177.80450001755744,0.5032303333282471,0.017918259
14,1,-0.9572260163963645,45.99813398904838,1.1369028091430664,1.8740053176879883,-411.54571533203125,-70.43093872070312,0.2973460853099823,2.1678953170776367,132774.46875,1.9304965734481812,398.45892333984375,43.970008850097656,-69.25978286242497,408.4802652308981,0.2979314625263214,0.003951282
14,1,-0.7233013777261108,35.52250291458718,1.1100362539291382,1.9173457622528076,24.463960647583008,372.96588134765625,0.3322635591030121,5.064629077911377,101513.359375,1.9940053224563599,577.394287109375,109.18694305419922,372.2105213426846,-21.5514336338686,0.33071306347846985,0.50133836
14,1,-1.1847850796093091,39.62224499891733,1.0202795267105103,1.9506136178970337,321.5995788574219,210.5955352783203,0.3325750231742859,5.068583011627197,101513.359375,2.0043578147888184,500.478515625,32.703861236572266,210.1496342752106,-319.24346962532053,0.33071306347846985,0.34798598
14,1,-1.0420001800780094,47.584434205721706,1.1794142723083496,1.9181166887283325,-367.53533935546875,-128.88546752929688,0.4959237277507782,2.3763880729675293,105778.1015625,2.0015957355499268,440.8954772949219,40.0252799987793,-123.4147146245928,365.83985462291866,0.49276497960090637,0.008215053
14,1,-0.9966468514140784,41.63398771255017,1.1923741102218628,1.8611681461334229,39.731117248535156,323.2420349121094,0.28369104862213135,4.6117963790893555,130575.921875,1.9262404441833496,428.82562255859375,43.21483612060547,323.1677609621607,-37.76735051681782,0.28752076625823975,0.007838306
14,1,-1.4032854450040337,30.94011260746972,1.1120229959487915,1.9173457622528076,26.521217346191406,385.19561767578125,0.3348809480667114,5.080111503601074,101513.359375,1.997351050376892,620.3593139648438,24.51072120666504,383.1706642482389,-23.473629335778483,0.33071306347846985,0.8225027
14,1,-1.2450449284542944,35.42087689476617,1.1699970960617065,2.00089955329895,-351.2306823730469,39.84441375732422,0.4161462187767029,2.8461616039276123,138731.953125,2.058234453201294,703.1137084960938,39.992591857910156,42.32509083062077,350.78479218669935,0.4146251082420349,0.70784026
14,1,-1.1878480989390447,30.877920983445804,1.0967071056365967,2.0660595893859863,262.8931579589844,-197.5616912841797,0.27818208932876587,6.121968746185303,154908.625,2.0979011058807373,874.0875854492188,56.716064453125,-199.71936293896823,-262.1318663212981,0.28054243326187134,0.8822841
14,1,-1.1142602543951527,46.27023196096949,1.1713312864303589,1.9173457622528076,-344.202880859375,-202.525146484375,0.33336395025253296,1.00356924533844,118002.3984375,1.9869219064712524,456.7431945800781,35.10836410522461,-207.5252009412126,341.029408902061,0.33309781551361084,0.0063511096
14,1,-0.598776425820865,42.84808813159405,1.1636030673980713,1.9752172231674194,-271.5518493652344,-305.6101989746094,0.307061105966568,5.965705394744873,127623.1640625,2.0165915489196777,509.6277770996094,128.373779296875,-308.9267190849226,270.5556490964065,0.30657318234443665,0.028563092
14,1,-0.9782364906078623,43.32421788872259,1.0696277618408203,1.801805853843689,84.85840606689453,-402.869384765625,0.35951176285743713,0.7355531454086304,103591.9921875,1.9127700328826904,403.5898742675781,42.43290328979492,-404.50520959790765,-86.85993155089191,0.36291855573654175,0.018804805
14,1,-1.041198271105051,38.67695298748361,1.010701298713684,2.0734598636627197,314.3019104003906,231.67929077148438,0.2797737419605255,6.127692222595215,154908.625,2.054403305053711,593.8707275390625,54.01232147216797,228.57253642052657,-314.1099584295392,0.28054243326187134,0.6410485
14,1,-1.1392549770127298,48.31170884359817,1.1575130224227905,1.963226556777954,-393.99957275390625,93.78262329101562,0.34135136008262634,4.590620517730713,121450.953125,2.035658359527588,511.4750671386719,37.11661148071289,93.73481730342053,396.66680060593785,0.34557053446769714,0.0037369982
14,1,-0.9911848142843593,41.852334353734356,1.1851685047149658,1.8353859186172485,4.397885799407959,336.8319396972656,0.3333628177642822,1.0020473003387451,118002.3984375,1.8662608861923218,367.8694763183594,37.541168212890625,337.2024636330143,-3.781879962079421,0.33309781551361084,0.012725764
14,1,-1.032713401773696,41.2147197844811,1.1261411905288696,2.024393081665039,258.84619140625,239.54318237304688,0.46513816714286804,1.9664386510849,126869.0390625,2.0679187774658203,596.907958984375,55.3596305847168,241.4068314249111,-264.4768799414233,0.4694482386112213,0.3858907
14,1,-0.9237934743121577,48.43046148666394,1.1948975324630737,1.9432064294815063,-256.8236083984375,273.3061218261719,0.43499651551246643,3.9416046142578125,111266.25,2.033412218093872,468.385009765625,55.82242965698242,276.6478986910022,261.01759736996945,0.43454623222351074,0.0037757598
14,1,-0.9283291394083474,45.68647629806851,1.14141047000885,1.9401042461395264,343.76702880859375,-233.83851623535156,0.4685753285884857,1.9583415985107422,126869.0390625,2.0786550045013428,570.3572998046875,67.26934814453125,-231.0127877686791,-346.61056509802046,0.4694482386112213,0.030286586
14,1,-0.7679371672691129,40.380018068445146,1.1770864725112915,1.9311237335205078,285.9513244628906,150.46881103515625,0.2551545202732086,3.9731099605560303,146315.984375,1.9592207670211792,493.33892822265625,84.17976379394531,150.08733167356675,-282.5980491182352,0.24837380647659302,0.03883476
14,1,-1.3003440888433253,40.90697359155622,1.1782647371292114,1.905200719833374,-334.13299560546875,157.50181579589844,0.186639666557312,5.326263904571533,102373.6328125,1.9501127004623413,475.2791748046875,23.801420211791992,155.1834956134725,337.4441912728537,0.18690234422683716,0.010735328
14,1,-1.124307724714552,31.321408529290274,1.1458714008331299,1.9325666427612305,-358.938232421875,27.3446102142334,0.42621350288391113,0.7126237750053406,159708.25,2.014310359954834,702.0376586914062,52.72928237915039,25.943671408469417,356.38672004387774,0.42639532685279846,0.85717374
14,1,-1.4903868745680295,46.32832393348109,1.0498285293579102,1.8839051723480225,202.2763214111328,-263.5218200683594,0.47154662013053894,6.195700645446777,131889.046875,2.0384089946746826,550.4149169921875,17.79511833190918,-269.8854450614672,-202.12163168081398,0.4690046012401581,0.018772531
14,1,-1.3706650933320983,39.90668506009386,1.1592035293579102,1.8906890153884888,382.4063415527344,-25.64981460571289,0.46413594484329224,6.198427677154541,131889.046875,1.9938551187515259,537.5592651367188,22.895986557006836,-29.916311931224964,-382.7418005033507,0.4690046012401581,0.10667679
14,1,-1.01877353639904,44.525608210476335,1.183368444442749,2.0324790477752686,345.35418701171875,37.51697540283203,0.34644615650177,0.10953835397958755,130279.03125,2.012554883956909,512.4390258789062,49.075843811035156,31.362715417563685,-345.02990062410373,0.34557756781578064,0.055723175
14,1,-0.8002066305437767,47.55505816078957,1.1775343418121338,1.9014966487884521,387.04254150390625,2.930774688720703,0.43577635288238525,2.7675516605377197,113149.703125,2.0011751651763916,442.53094482421875,70.10296630859375,6.120912672004826,-387.90797765104975,0.4336124360561371,0.0044689463
14,1,-0.7682134568647563,43.73358557844461,1.1909772157669067,2.017035484313965,-369.2466735839844,27.95575523376465,0.30509310960769653,4.592952728271484,152654.1875,2.070927143096924,593.2222290039062,101.15876770019531,29.45416045779667,372.13410634753757,0.3046574592590332,0.027956394
14,1,-1.0402875290139528,47.0166713960448,1.1856993436813354,2.0910680294036865,-50.79578399658203,346.65252685546875,0.26267996430397034,5.811522483825684,159443.4375,2.0639050006866455,557.5801391601562,50.81815719604492,343.84444929313673,53.617698976043016,0.2582088112831116,0.011774936
14,1,-1.1763882457382673,37.968546155055094,1.1349276304244995,1.9664462804794312,-4.098498821258545,332.84930419921875,0.2025344967842102,1.0695676803588867,118210.0546875,2.044476270675659,661.4459838867188,44.06615447998047,333.0854153582855,2.6841495524475634,0.20368275046348572,0.24355534
14,1,-1.0587636559478095,30.813708230326707,1.1621283292770386,1.848333716392517,-334.9788513183594,127.27442169189453,0.376834899187088,6.114736557006836,116898.015625,1.8856371641159058,566.8695678710938,49.5129280090332,123.6293109511624,337.3579801038238,0.37648993730545044,0.70912945
14,1,-1.596569145636754,46.00231483206003,1.195794939994812,2.0194685459136963,-198.32704162597656,-308.2779541015625,0.24685953557491302,0.9378451108932495,155309.65625,2.044241189956665,535.060302734375,13.546602249145508,-310.5031253214653,198.3011736435208,0.2497628778219223,0.011078908
14,1,-0.5678391138763474,43.99456579973332,1.1133309602737427,1.887046456336975,317.8049621582031,-162.35838317871094,0.32227522134780884,4.921355724334717,136810.0,1.958107352256775,443.363525390625,119.92797088623047,-163.67030131922687,-316.5261498433368,0.3188422620296478,0.011780707
14,1,-1.1783049547614233,49.859306310394906,1.182424545288086,1.9016103744506836,-289.5433044433594,207.46975708007812,0.3775727450847626,6.107614994049072,116898.015625,1.9309583902359009,363.6531066894531,24.120180130004883,203.81788784726314,289.9724851062915,0.37648993730545044,0.0008336942
14,1,-1.073758941904525,40.947386210791294,1.1867783069610596,2.0311715602874756,96.11466217041016,407.47705078125,0.2560012638568878,5.800877094268799,159443.4375,2.0503218173980713,580.6774291992188,48.99763488769531,405.2126860232148,-95.90905740270682,0.2582088112831116,0.076824166
14,1,-0.7557412182729988,44.91130750512154,1.1263890266418457,1.9875739812850952,-181.29078674316406,304.0790100097656,0.24090105295181274,4.3310441970825195,153986.828125,2.018383264541626,510.96539306640625,89.67053985595703,302.47324637705236,182.5876060695797,0.2415699064731598,0.01521955
14,1,-1.290441763202724,44.19853505299466,1.1256513595581055,1.870168924331665,405.5924072265625,-30.65668487548828,0.2952192723751068,2.119380474090576,109166.7421875,1.958237648010254,461.2608947753906,23.632139205932617,-27.580493962520908,-407.1474517121526,0.2935815751552582,0.0089644855
14,1,-1.0523645188329545,38.43466406378201,1.1688621044158936,1.992717981338501,-217.08885192871094,-353.2317199707031,0.3372957706451416,0.2641294598579407,143698.875,2.0741689205169678,603.9640502929688,53.535980224609375,-356.8627368298143,217.45001834202384,0.3383271098136902,0.3731601
14,1,-1.0115771145977053,48.89062384112671,1.1751313209533691,2.0027713775634766,263.9810791015625,-233.94635009765625,0.4579942226409912,1.2574844360351562,131951.96875,2.0667452812194824,583.2867431640625,56.79423141479492,-235.82737024430185,-266.35834586261325,0.4550536572933197,0.012563412
14,1,-1.2128101980811137,49.39789534313857,1.1802974939346313,1.8570692539215088,-84.44052124023438,311.9248046875,0.3632833659648895,4.499534606933594,120128.1015625,1.8903698921203613,362.4869384765625,22.206504821777344,311.4576435543062,89.08879978032984,0.362685889005661,0.00064543606
14,1,-1.2097135681010993,43.983021729560285,1.1856238842010498,1.934920310974121,-19.523719787597656,-333.87030029296875,0.2351924180984497,1.8634899854660034,110857.2890625,1.9617376327514648,464.6288146972656,28.66758155822754,-334.5590767329704,17.68387475312763,0.23307913541793823,0.008122046
14,1,-0.7829094190595387,47.163365397586226,1.1867001056671143,1.895081877708435,35.68947219848633,369.5631103515625,0.22615192830562592,5.410247802734375,116711.296875,1.9409615993499756,418.04931640625,68.91558837890625,368.38170898010713,-37.875449404681206,0.22669243812561035,0.00078529434
14,1,-1.0800383442693562,40.79819316646668,1.0812214612960815,1.8727887868881226,-417.69000244140625,-37.45327377319336,0.2252870500087738,5.432046890258789,112870.5078125,1.8816276788711548,391.255859375,32.5402717590332,-37.91357330212749,420.35238120251074,0.2225254774093628,0.02900877
14,1,-0.9013999874501133,43.47897252179229,1.1660653352737427,1.980908751487732,1.038617730140686,365.28192138671875,0.35518303513526917,1.3050824403762817,128891.2421875,2.1164631843566895,625.8589477539062,78.53729248046875,365.0887349368777,-1.8539149162456212,0.3533373773097992,0.052150436
14,1,-1.4470065609247083,41.23471650630655,1.1847646236419678,2.014845132827759,-305.64385986328125,-135.2543487548828,0.31638506054878235,2.534952163696289,159940.515625,2.1505794525146484,748.844970703125,26.753692626953125,-132.03041204017296,305.5798601724548,0.3185632526874542,0.11564641
14,1,-1.310959810382634,29.665629530645077,1.1328121423721313,1.9586793184280396,-317.4860534667969,-107.16154479980469,0.4904881715774536,4.627011299133301,125148.21875,2.064525842666626,893.824462890625,43.680885314941406,-108.98920016966697,321.4781322224434,0.4918369650840759,0.8889871
14,1,-1.1141866214097322,39.65050636798703,1.0966089963912964,2.0278940200805664,-388.7032470703125,-85.72172546386719,0.31872451305389404,2.5160531997680664,159940.515625,2.126086473464966,684.3487548828125,52.612632751464844,-84.10469909316585,385.9407381571517,0.3185632526874542,0.41653895
14,1,-0.8818209519248286,45.38657909427335,1.1281144618988037,1.8973722457885742,252.1890411376953,-279.262451171875,0.4881991446018219,6.042453765869141,128549.8515625,2.0728023052215576,581.8568725585938,76.38263702392578,-284.72408900854174,-251.53667066600678,0.4880320429801941,0.01683935
14,1,-1.0876147596815195,40.72583221388887,1.199505090713501,1.9418479204177856,-363.9617004394531,-5.791698455810547,0.4920194745063782,4.628301620483398,125148.21875,2.0831704139709473,645.207763671875,52.733184814453125,-6.406393779036063,369.41146860108,0.4918369650840759,0.12596974
14,1,-1.213422820175906,42.147434665467955,1.1982922554016113,2.0278940200805664,-325.0625305175781,-189.337890625,0.3185883164405823,2.54860520362854,159940.515625,2.1228957176208496,659.910400390625,40.370216369628906,-186.94424726068237,324.0873524873124,0.3185632526874542,0.081145376
14,1,-1.4202369595074575,49.056137102440445,1.1855566501617432,1.972670555114746,334.8421325683594,-207.2480926513672,0.39711734652519226,0.09252448379993439,142205.921875,2.034214496612549,529.79052734375,20.1309871673584,-211.22421920403977,-333.9841150085712,0.39591437578201294,0.0061207856
14,1,-1.0621202755209587,27.341147356486672,1.1933138370513916,1.8068170547485352,302.811767578125,-145.84811401367188,0.33900946378707886,4.947336196899414,126347.4921875,1.919043779373169,711.66552734375,61.68150329589844,-149.19841062567056,-298.4060733184093,0.3396403193473816,0.80833626
14,1,-1.1462681557630454,41.96157495698125,1.1626592874526978,1.9001530408859253,-307.6900939941406,185.307373046875,0.18210355937480927,5.463027000427246,127915.84375,1.9787349700927734,487.61834716796875,34.818546295166016,184.0332425067653,308.2210963524977,0.18081486225128174,0.006952649
14,1,-0.6775798581154611,26.352091016181095,1.1794838905334473,1.9910863637924194,131.98007202148438,-318.1385192871094,0.18079538643360138,5.458496570587158,127915.84375,2.0193727016448975,842.1702880859375,176.93746948242188,-318.6697748795712,-133.0291403379876,0.18081486225128174,0.8877881
14,1,-1.3173175567190984,28.50710968778932,1.1328694820404053,1.832068681716919,-387.4630432128906,23.488948822021484,0.5174821019172668,5.936408996582031,125290.3203125,2.006455659866333,764.70849609375,36.827919006347656,17.9057139140025,389.8195235923992,0.5221678018569946,0.8649396
14,1,-1.2012740587041495,46.485546961891316,1.1658635139465332,1.927083969116211,-3.3490371704101562,415.4969482421875,0.48923423886299133,3.123422861099243,144216.78125,2.068413734436035,518.4550170898438,32.61637496948242,418.6514863972789,5.027176027495188,0.4885801076889038,0.014378153
14,1,-0.90232164322506,33.070435828687174,1.1143832206726074,1.9841006994247437,76.33181762695312,372.8309326171875,0.17935337126255035,5.455098628997803,127915.84375,2.0131173133850098,609.1340942382812,76.2764892578125,371.7620766083577,-74.59323404325,0.18081486225128174,0.6852052
14,1,-1.0364829478050062,42.111607154012574,1.0976701974868774,1.8123154640197754,-411.89886474609375,-53.118255615234375,0.5024015307426453,3.311568021774292,112544.828125,1.930419921875,421.92071533203125,38.79241180419922,-50.87092851406984,413.51748702825284,0.5006499886512756,0.051030226
14,1,-0.970918483838821,38.143410035746946,1.0792899131774902,2.0240917205810547,92.46056365966797,-364.8154296875,0.18294033408164978,1.6972272396087646,135011.09375,2.0265417098999023,591.7432250976562,63.27237319946289,-364.17621525661355,-92.95630045174875,0.18378707766532898,0.44218713
14,1,-0.833493612801494,42.052056752493975,1.171602487564087,1.8521125316619873,10.514055252075195,342.427490234375,0.49766239523887634,3.92051362991333,100716.921875,2.0165224075317383,517.792724609375,75.97343444824219,343.0782475183462,-11.171495364689827,0.4971291422843933,0.035983577
14,1,-0.8737243764368106,37.125044801090716,1.1768194437026978,1.8727887868881226,-128.11111450195312,339.8178405761719,0.22810928523540497,4.6090216636657715,109082.9765625,1.882768988609314,458.4156799316406,61.31043243408203,338.9534744982533,130.38507108423073,0.22984051704406738,0.06701495
14,1,-0.9129623112713423,43.72799374731301,1.1689519882202148,1.8821436166763306,238.20443725585938,-214.00502014160156,0.3317377269268036,1.7926403284072876,152590.4375,1.9694883823394775,464.99285888671875,56.81764221191406,-213.0778042880374,-240.15060199426784,0.33281341195106506,0.010778282
14,1,-1.0457467893598087,47.87613484610476,1.1726399660110474,1.827027678489685,-391.43695068359375,2.665462017059326,0.27067917585372925,2.3844902515411377,101553.890625,1.9146093130111694,360.08465576171875,32.40831756591797,3.9992550104157836,389.3510772959163,0.27121877670288086,0.00060735655
14,1,-1.3965384945129076,49.38322363177795,1.1405998468399048,1.8638664484024048,-289.9167785644531,-156.5396728515625,0.32671841979026794,1.578317642211914,114426.9140625,1.9290339946746826,375.92559814453125,15.085528373718262,-159.11273220547952,285.87301105873183,0.33534884452819824,0.0012376551
14,1,-1.0257304999803665,46.146940497377834,1.0966646671295166,2.069751739501953,-310.2962341308594,-283.01971435546875,0.44844821095466614,2.4262099266052246,111426.7578125,2.0550310611724854,486.7695617675781,45.876678466796875,-281.0445215652479,310.39961905205035,0.4480414390563965,0.12762013
14,1,-1.0065319240069723,28.115546673357915,1.0835133790969849,2.000378131866455,-63.03990173339844,397.54315185546875,0.24151283502578735,2.2007713317871094,117969.546875,2.02716326713562,770.4074096679688,75.89059448242188,397.82477996883193,62.449270580432234,0.24179983139038086,0.90812546
14,1,-1.3337896611596054,26.661304767495167,1.1734129190444946,1.8204152584075928,35.29481887817383,-344.2242431640625,0.4525080621242523,2.2919187545776367,107284.90625,1.9585051536560059,874.7249145507812,40.55839538574219,-342.968066989109,-38.546429372562315,0.45194852352142334,0.8819148
14,1,-0.9858073138013986,44.87761937978968,1.1451119184494019,1.8672077655792236,-159.9841766357422,-322.64715576171875,0.18472161889076233,2.085503101348877,104973.8671875,1.9153465032577515,387.5866394042969,40.04611587524414,-321.96173140298424,158.4891445739539,0.18742522597312927,0.002458304
14,1,-1.1095810288196928,35.371976798217965,1.1849565505981445,2.0136961936950684,407.61053466796875,19.35151481628418,0.40756306052207947,2.690434455871582,154367.453125,2.060795783996582,705.566650390625,54.82217025756836,23.65053711086294,-408.9679944105856,0.4104922413825989,0.70628697
14,1,-1.4361908821828502,30.302458933671318,1.1739612817764282,1.9224121570587158,116.45350646972656,336.2055969238281,0.2567145824432373,4.8386735916137695,108388.2265625,1.9481358528137207,619.7941284179688,22.701505661010742,336.05248454845974,-115.14284401987041,0.2524392604827881,0.7678867
14,1,-1.0956210085325,42.336402684603385,1.1882377862930298,1.8609719276428223,34.607479095458984,408.6771240234375,0.5194652080535889,6.075933933258057,144525.484375,2.0161595344543457,480.96087646484375,38.59114074707031,404.98656274676233,-35.70151288065401,0.5204774141311646,0.026909174
14,1,-0.896906351349645,42.744693461758324,1.1761095523834229,1.801705241203308,152.02369689941406,324.657470703125,0.19027721881866455,2.0350191593170166,150668.546875,1.8990046977996826,381.5905456542969,48.382728576660156,323.89903677132565,-155.7630545594179,0.18903303146362305,0.001823881
14,1,-1.7298652791608276,43.309664722070934,1.088699221611023,1.9937940835952759,-43.98604202270508,-415.55511474609375,0.4146874248981476,5.015903949737549,149395.515625,2.0614423751831055,550.2188110351562,10.248632431030273,-417.48174030675415,46.482249747643806,0.41804707050323486,0.12684609
14,1,-0.9297541074417216,39.062628809722376,1.0377076864242554,1.8713467121124268,343.75982666015625,-131.12490844726562,0.21370522677898407,5.403074264526367,121787.4765625,1.9111824035644531,420.85601806640625,49.47417449951172,-133.9423445038891,-341.0135548487212,0.21458947658538818,0.0945887
14,1,-1.1553677465520007,49.845301884023264,1.1680606603622437,2.0393810272216797,83.44933319091797,317.253662109375,0.4124080240726471,5.003398418426514,149395.515625,2.0999104976654053,555.1611938476562,38.81952667236328,315.5016336868851,-78.95659448126978,0.41804707050323486,0.006840793
14,1,-0.717768813821895,37.21779782713514,0.9975768327713013,1.823104977607727,346.5133361816406,83.90567016601562,0.21132276952266693,5.402007102966309,121787.4765625,1.9190853834152222,437.2655334472656,83.74828338623047,81.78168398691237,-343.872635944107,0.21458947658538818,0.17615497
14,1,-0.7740275198853506,46.768845526673104,1.1570565700531006,1.9948986768722534,-235.9049530029297,267.6093444824219,0.302500456571579,3.3104937076568604,132986.03125,2.03633713722229,494.0270080566406,83.12327575683594,268.29437098738555,236.7545004127501,0.3047443926334381,0.0093343165
14,1,-0.9086936433894266,33.79396830088873,1.172481894493103,1.9688152074813843,314.129638671875,-140.42555236816406,0.28237783908843994,1.738214373588562,138709.9375,2.0081355571746826,674.6754760742188,83.25316619873047,-140.6937354448382,-314.51480045642455,0.2811028063297272,0.6737246
14,1,-0.8391150813034112,39.27313554756895,1.145774483680725,1.9698606729507446,362.3202819824219,-3.2534849643707275,0.21191975474357605,2.606736660003662,144197.5625,2.0469253063201904,612.9220581054688,88.77479553222656,-1.1863368560753524,-362.89585682392254,0.20988838374614716,0.12566988
14,1,-0.7586747512027292,45.43698594701875,1.132631778717041,1.9598641395568848,372.4076843261719,124.93546295166016,0.3969093859195709,4.5763678550720215,112150.0,2.0142366886138916,489.1868896484375,85.27064514160156,125.68057447027155,-369.2701642193328,0.39630362391471863,0.021879053
14,1,-1.1408764333497399,26.554965083547856,1.1322013139724731,1.8759164810180664,-326.12628173828125,-236.37278747558594,0.39576348662376404,4.568243503570557,112150.0,1.9827338457107544,753.9375,54.50773239135742,-237.29219121815967,328.7435020208735,0.39630362391471863,0.89231956
14,1,-1.1855786216270285,40.17985228849297,1.0968170166015625,1.9249347448349,-216.06201171875,323.1304626464844,0.4635690152645111,0.5048539638519287,133064.828125,2.0942885875701904,617.2782592773438,40.262550354003906,319.9407045839445,215.23611542181322,0.4641232192516327,0.33785647
14,1,-0.8725336279925311,42.54019615410544,1.1044636964797974,1.9553786516189575,58.91938400268555,411.0024108886719,0.3252217173576355,2.370774269104004,131228.5,2.01277232170105,487.2409973144531,65.34457397460938,411.7350762876951,-59.90313660795951,0.3263281285762787,0.07816247
14,1,-1.0636833404930846,47.80660468499168,1.1900122165679932,2.0450973510742188,-381.12939453125,11.694161415100098,0.23650038242340088,1.8604758977890015,141604.703125,2.030158042907715,477.6681213378906,41.25170135498047,13.801426221007768,378.99819970596144,0.23404036462306976,0.00635501
14,1,-1.3781289045853335,39.89370990447778,1.1950126886367798,1.9481086730957031,-166.7908172607422,-292.5360412597656,0.3149407207965851,2.1099414825439453,139211.0,1.9979544878005981,567.2205200195312,23.7476806640625,-293.83197482990846,162.81806280446605,0.31675252318382263,0.0913031
14,1,-1.0421054155443694,42.23757696656408,1.1557769775390625,2.007011651992798,58.1495475769043,414.017822265625,0.23101118206977844,1.8602150678634644,141604.703125,2.0495755672454834,543.37451171875,49.31658172607422,412.61638756466243,-57.4915780255536,0.23404036462306976,0.058394015
14,1,-0.830376252184855,45.36686613275068,1.159654140472412,1.847292423248291,-147.2589874267578,-289.6102600097656,0.4572295546531677,5.32206916809082,149220.78125,1.9820140600204468,433.83880615234375,64.1137924194336,-291.2409633361502,150.8387217300365,0.4587413966655731,0.0056720674
14,1,-1.1414425958757868,45.49317068241085,1.1542588472366333,2.0161900520324707,161.63319396972656,346.3210754394531,0.299478143453598,3.4170336723327637,148944.890625,2.097442626953125,604.188720703125,43.62435531616211,346.2541184309818,-161.07820076360468,0.3008142113685608,0.020676982
14,1,-1.0055989011419169,37.15630267831235,1.0599818229675293,1.9030561447143555,171.30902099609375,-364.0362243652344,0.20024313032627106,5.000256538391113,101857.515625,1.9090139865875244,416.7499084472656,41.14106750488281,-366.3919358640511,-170.77161366918835,0.1977948397397995,0.23326004
14,1,-1.064661956130795,42.96047181524175,1.1322616338729858,1.8717397451400757,-229.20462036132812,-328.1509094238281,0.36432385444641113,5.876964092254639,103698.296875,1.9111570119857788,390.2945556640625,33.630184173583984,-331.4588791812169,232.3566436294653,0.3607773184776306,0.014991388
14,1,-0.7949124021854141,41.912419058511716,1.1103936433792114,1.8196907043457031,95.96997833251953,354.73016357421875,0.2021380364894867,4.993855953216553,101857.515625,1.918758511543274,414.4189758300781,66.454833984375,354.892215389301,-92.72068437908435,0.1977948397397995,0.0052544056
14,1,-0.8211016179783057,48.71274824324774,1.1738258600234985,1.943325161933899,-236.0486297607422,-264.14483642578125,0.21997208893299103,1.6238670349121094,126466.3828125,1.994497299194336,445.2259521484375,67.21685791015625,-264.2131546422972,233.04044175534187,0.22504368424415588,0.0014633532
14,1,-1.1586820147949122,28.739682178416885,1.0867329835891724,1.975433588027954,36.44807052612305,321.38433837890625,0.23071813583374023,4.211246490478516,131342.546875,2.0015759468078613,728.348388671875,50.542449951171875,322.6239866096969,-34.8788798970945,0.2309597134590149,0.8900521
14,1,-1.3917074762145352,28.32385129270026,1.1472177505493164,1.9758154153823853,-191.21139526367188,-309.6373596191406,0.3512239456176758,0.14950166642665863,129644.4453125,2.094383478164673,903.06884765625,36.6447868347168,-313.01667210857363,190.5257969345198,0.35239067673683167,0.9030011
14,1,-0.9972862944642092,37.650569844866475,1.1124496459960938,1.8818411827087402,-268.2774963378906,271.25762939453125,0.230363667011261,4.208311557769775,131342.546875,1.9412158727645874,508.017333984375,51.12006378173828,272.9810539774805,268.6705537404051,0.2309597134590149,0.12229778
14,1,-1.3431599349940269,35.74281418459878,1.1538965702056885,1.9660894870758057,66.25313568115234,402.2806091308594,0.35203713178634644,0.14429469406604767,129644.4453125,2.1180880069732666,772.3251342773438,35.046043395996094,398.49353575522656,-67.97647736197139,0.35239067673683167,0.62605727
14,1,-1.0543177895887825,38.11578160929162,1.1672561168670654,1.9974478483200073,-229.25474548339844,-349.6485900878906,0.2659887373447418,4.086099624633789,158959.3125,2.006027936935425,550.3605346679688,48.565582275390625,-348.5629368289063,231.52661908909369,0.264023095369339,0.2533188
14,1,-1.0573892594532177,45.22357360774385,1.179131031036377,2.006042718887329,-136.88168334960938,341.1282653808594,0.31888940930366516,1.9881848096847534,147878.25,2.0546624660491943,595.2316284179688,52.15499496459961,340.96453575384413,134.51345480701974,0.3155075013637543,0.021440608
14,1,-0.9731234263762749,42.9094473133371,1.0861425399780273,1.8699990510940552,-10.630476951599121,-362.56036376953125,0.34491589665412903,1.5211261510849,116287.0859375,1.9375241994857788,387.75799560546875,41.25117111206055,-360.71725720774316,8.414597246581929,0.3455519378185272,0.036331397
14,1,-0.8745623170717122,43.67898588527597,1.1172353029251099,1.8143337965011597,310.1959228515625,273.55255126953125,0.46631231904029846,5.915259838104248,100757.6640625,1.9787617921829224,442.1017761230469,59.014564514160156,269.1736148972193,-308.89372088418685,0.46647554636001587,0.01221037
14,1,-0.9580731907654162,34.19379121711409,0.9268099665641785,1.8174331188201904,-368.6968688964844,-90.12626647949219,0.34398987889289856,1.5242705345153809,116287.0859375,1.9164280891418457,474.72454833984375,52.28386306762695,-89.6712205165587,367.2610463646124,0.3455519378185272,0.7849261
14,1,-0.6798521063712772,46.448616225543006,1.1816643476486206,1.8046507835388184,-358.9588317871094,-169.1913604736328,0.3689880669116974,4.541218280792236,117784.359375,1.8607350587844849,356.6468505859375,74.53936767578125,-167.28871753106642,363.57166678562413,0.37280017137527466,0.0010031778
14,1,-1.3199085197101181,41.73347727114649,1.198189377784729,1.948155164718628,-226.3924102783203,249.6543426513672,0.4267585575580597,1.0526223182678223,150972.421875,2.139543056488037,736.0862426757812,35.238624572753906,248.6216081104584,224.06063588774848,0.4286334812641144,0.08741692
14,1,-0.7521308218282053,48.583121855584295,1.1739073991775513,1.8203017711639404,-160.56704711914062,-361.3114929199219,0.34232693910598755,0.2329259067773819,133492.40625,1.9120216369628906,354.31744384765625,62.699058532714844,-363.9396821105711,159.2851888498772,0.3437032401561737,0.0009628087
14,1,-0.9963395997812988,43.17861942577095,1.0916324853897095,1.9603759050369263,369.04827880859375,-55.97728729248047,0.4275377094745636,1.7254233360290527,148614.859375,2.111438751220703,633.6011352539062,63.89629364013672,-56.32733472884785,-372.8513900451121,0.4266320765018463,0.13443807
14,1,-1.140114319911723,28.418224944072186,1.1621047258377075,1.8372483253479004,224.12583923339844,288.3488464355469,0.28022265434265137,5.6813812255859375,106160.9765625,1.8375388383865356,498.9851989746094,36.138668060302734,286.3158377273017,-223.87592932852826,0.27557572722435,0.7814462
14,1,-1.2148459961037028,40.249226938172455,1.10053288936615,2.0497944355010986,166.07139587402344,372.7145080566406,0.47215506434440613,0.5103274583816528,146051.25,2.2035255432128906,841.6617431640625,51.32048416137695,370.1232917315176,-169.5171961578609,0.47464269399642944,0.60956544
14,1,-0.6681359999423333,42.133391149338394,1.1284434795379639,1.8416138887405396,165.06602478027344,345.1052551269531,0.2755597233772278,5.679839134216309,106160.9765625,1.8471497297286987,359.6841735839844,77.22977447509766,344.36397582418255,-163.3147668529254,0.27557572722435,0.008254831
14,1,-1.2731503536683628,40.145551198705036,0.9680854082107544,1.9831132888793945,-348.3228759765625,52.24673080444336,0.4084928035736084,0.46350952982902527,145960.03125,2.117616653442383,643.7089233398438,34.31925964355469,48.35662319772053,346.4862281675531,0.4070126712322235,0.64377004
14,1,-0.9948872934855122,41.251406046763485,1.0402194261550903,1.8375866413116455,163.2065887451172,280.042724609375,0.44512978196144104,1.4291952848434448,132373.6875,1.988156795501709,507.4361877441406,51.344425201416016,280.33692363685765,-165.5657903421285,0.4484102129936218,0.14458977
14,1,-0.9156802991858849,39.016614252244885,1.0799603462219238,2.0891096591949463,374.4161376953125,-43.16608428955078,0.22315256297588348,5.583483695983887,159894.421875,2.0692429542541504,646.2947998046875,78.47834014892578,-46.649762528514884,-373.024239598938,0.2220398336648941,0.4700005
14,1,-1.150659408390794,40.61376920399984,1.0633856058120728,2.0497944355010986,320.2540283203125,-33.646705627441406,0.47371283173561096,0.5141456723213196,146051.25,2.200357437133789,855.0076293945312,60.43796920776367,-36.86621985048372,-323.8078072535351,0.47464269399642944,0.6396185
14,1,-1.250126258284822,39.78557375294437,1.1649047136306763,2.0454673767089844,-149.4727325439453,-376.97149658203125,0.252181738615036,1.3336893320083618,125815.1015625,2.095313549041748,674.0993041992188,37.896270751953125,-376.93595394490615,147.42519191994595,0.2501126229763031,0.25301725
14,1,-1.1337675370742992,42.04015521131048,1.1026668548583984,2.0975048542022705,-22.870927810668945,392.3187561035156,0.22297266125679016,5.5698137283325195,159894.421875,2.1277213096618652,660.1473388671875,48.51459884643555,391.6355286975375,23.464015324817797,0.2220398336648941,0.17789647
14,1,-0.9265347435075538,29.33136243756172,1.1596194505691528,2.000378131866455,-333.78424072265625,-107.24120330810547,0.2401750534772873,4.619747638702393,141010.015625,2.0278985500335693,750.96533203125,88.93744659423828,-107.55801956734491,336.4202866820342,0.23522397875785828,0.865339
14,1,-0.9386100787675007,46.32804883688572,1.1939127445220947,1.8806968927383423,-356.8503112792969,-127.06913757324219,0.47361886501312256,2.82383131980896,119953.9140625,1.9982733726501465,473.1430358886719,54.49812698364258,-125.32167496930283,355.84871591214636,0.46389827132225037,0.00608351
14,1,-1.1774386707309192,46.256506012576025,1.1728668212890625,1.9455698728561401,259.7477111816406,-247.6020965576172,0.421617329120636,1.6920578479766846,134953.421875,2.044628381729126,540.087646484375,35.89420700073242,-247.28794714155757,-263.7288963781717,0.42050930857658386,0.014295367
14,1,-1.1225996852575924,39.572409960674214,1.1125891208648682,2.0322916507720947,-362.3515930175781,-132.5112762451172,0.23406289517879486,4.6306939125061035,141010.015625,2.015141487121582,531.2196044921875,40.0565299987793,-133.4154864004373,364.97424354783925,0.23522397875785828,0.25384504
14,1,-0.9533186041540862,45.433078893464156,1.1060163974761963,2.0322916507720947,93.41763305664062,-334.78875732421875,0.2334851324558258,4.633264541625977,141010.015625,2.0097270011901855,504.4842224121094,56.17307662963867,-334.4179110682681,-94.99141311815605,0.23522397875785828,0.023997534
14,1,-1.2303653471543536,41.87815113158885,1.1878243684768677,1.8791850805282593,95.0310287475586,397.1152038574219,0.38809794187545776,2.214120864868164,122483.0703125,1.988219141960144,527.6039428710938,31.041399002075195,397.52063556165376,-96.3180449076227,0.3893202841281891,0.027007647
14,1,-0.8543714735178087,42.677297324775544,1.1432024240493774,2.021282434463501,-8.928689002990723,375.2853088378906,0.38755694031715393,4.797758102416992,135795.296875,2.1296334266662598,682.7569580078125,95.47599792480469,373.36268829173184,15.918025956378425,0.38460054993629456,0.11918186
14,1,-0.1425198781209461,47.28524600497265,1.114982008934021,2.017035484313965,-329.0198974609375,-188.255615234375,0.3056122362613678,5.66721248626709,158969.625,2.0746006965637207,550.9823608398438,396.8420715332031,-190.9602346769394,329.34683869499827,0.30907171964645386,0.011804913
14,1,-0.9858085208422399,49.96660341731729,1.1119401454925537,1.8333555459976196,151.87551879882812,-383.9987487792969,0.47589871287345886,6.035553455352783,149672.546875,1.9584590196609497,408.67095947265625,42.22447204589844,-389.23948378924587,-150.46433796027438,0.47680482268333435,0.0013564173
14,1,-0.9891486775612783,37.702689713452074,1.1151076555252075,1.8453574180603027,-331.83074951171875,25.62014389038086,0.46219614148139954,2.8106789588928223,119953.9140625,1.9991660118103027,529.080810546875,54.24660110473633,28.752105481635898,330.6559634347334,0.46389827132225037,0.30631506
14,1,-1.2423925398005522,42.53844920735699,1.1315821409225464,1.8468936681747437,147.1982879638672,-351.4777526855469,0.31399086117744446,3.666334629058838,119399.5625,1.910549521446228,395.4117126464844,22.628463745117188,-349.89151632313246,-145.22127672310512,0.2927870750427246,0.012030226
14,1,-1.1634406337774208,37.49676093426109,1.1662962436676025,1.81732976436615,376.8084716796875,-23.8509521484375,0.42937663197517395,2.1541693210601807,108979.0390625,1.9808728694915771,553.3670654296875,37.981449127197266,-22.43098917457602,-382.28035716016024,0.42946603894233704,0.15225346
14,1,-1.5609007025470525,39.14904739575079,1.1282159090042114,2.04313325881958,352.5189514160156,59.656063079833984,0.2915525436401367,0.8558820486068726,151113.8125,2.144319534301758,750.1068115234375,20.61675453186035,57.267929434715086,-354.19562298391423,0.29365551471710205,0.43800852
14,1,-1.038608507116535,44.1510671580288,1.198336124420166,2.0708885192871094,-334.97955322265625,0.6498540639877319,0.26328244805336,5.883052825927734,135876.984375,2.1045827865600586,629.8718872070312,57.629249572753906,-1.7228477547918029,334.46761075134566,0.26608526706695557,0.027593864
14,1,-0.9857895110688223,41.01778513512139,1.1546893119812012,2.0372397899627686,239.2631378173828,232.32470703125,0.3120402991771698,2.7519261837005615,151508.203125,2.080937385559082,619.2732543945312,63.987056732177734,234.1974892109307,-239.79762219595415,0.3101946711540222,0.1946072
14,1,-1.1831977730942969,46.07850957375295,1.1853493452072144,2.0195350646972656,332.9337158203125,1.227697491645813,0.2610078752040863,4.8790082931518555,131813.546875,2.017158269882202,481.8902587890625,31.60450553894043,0.9383365579807887,-329.93386972149835,0.2638716399669647,0.007931418
14,1,-1.1694663325360517,46.46163996585472,1.1434805393218994,1.8127740621566772,-214.88636779785156,-310.9405822753906,0.4202740490436554,5.54373025894165,100238.9140625,1.9123538732528687,376.66448974609375,25.496856689453125,-314.77689324264236,220.34604962208036,0.4273102879524231,0.0020984907
14,1,-0.9383573838248288,46.077811903015316,1.121965765953064,1.9185690879821777,-301.7763671875,-139.4814910888672,0.4007852375507355,4.857534885406494,137066.953125,1.9977847337722778,489.278564453125,56.38947296142578,-139.70920459733404,305.24411411967446,0.3997536301612854,0.011104055
14,1,-1.2425629667945988,42.450353551099596,1.095252275466919,1.9593818187713623,-107.45726013183594,355.8395080566406,0.47096967697143555,2.827186346054077,114091.9609375,2.129551410675049,648.0496215820312,37.07183837890625,360.5243912001008,107.33232842940848,0.46848660707473755,0.1914539
14,1,-1.5393854685649364,46.06480974993421,1.1513093709945679,2.0035314559936523,-34.45142364501953,-320.86236572265625,0.4648715555667877,2.8327646255493164,114091.9609375,2.0964322090148926,552.9370727539062,15.9693603515625,-317.99146500781956,33.62186320196097,0.46848660707473755,0.043208413
14,1,-1.0140964681616484,36.07751811558755,1.1931926012039185,1.9805567264556885,94.44790649414062,-313.13995361328125,0.4279005527496338,3.748117685317993,158857.59375,2.0633981227874756,761.2153930664062,73.6903305053711,-310.807680880568,-91.7315560658524,0.42721185088157654,0.57542425
14,1,-1.1462927218155572,49.100032557033515,1.1707916259765625,2.097884178161621,-288.006103515625,264.37371826171875,0.26649901270866394,4.888659477233887,131813.546875,2.0676939487457275,539.1339721679688,38.494869232177734,261.6601339641838,289.3527467367288,0.2638716399669647,0.007210249
14,1,-1.421991833906903,28.93813335840588,1.161937952041626,1.9009588956832886,-336.3991394042969,12.7132568359375,0.4669792354106903,2.823246717453003,114091.9609375,2.0479393005371094,791.28125,29.94591522216797,15.680076212112496,335.2410664430503,0.46848660707473755,0.8795209
14,1,-1.5321087236249546,48.63812200638525,1.1995896100997925,2.046093225479126,-81.41417694091797,-345.951416015625,0.30864670872688293,5.807906627655029,157317.578125,2.093754529953003,587.6090698242188,17.257474899291992,-349.6638704405132,82.04931326032457,0.30425456166267395,0.0041335523
14,1,-0.8603070863119266,49.55439919485487,1.172175645828247,1.8812483549118042,27.98511505126953,-398.0108337402344,0.41352906823158264,1.5545299053192139,124649.71875,1.9737608432769775,437.185302734375,60.30561447143555,-399.60677812221047,-30.97872651010044,0.434419184923172,0.0017973508
14,1,-0.9135604951444165,44.94898806655526,1.1400960683822632,1.939686894416809,-393.1224670410156,95.22682189941406,0.36369505524635315,2.1050734519958496,131267.859375,1.9972751140594482,446.3050842285156,54.459110260009766,98.02007243823168,390.71519609072107,0.36305367946624756,0.021094466
14,1,-0.6666551692987723,48.96527013937009,1.1462398767471313,1.9023640155792236,248.7124481201172,-209.5218505859375,0.34825482964515686,0.11034908890724182,100533.6796875,1.9099359512329102,385.6293640136719,83.08342742919922,-211.46293157280303,-247.48255812112507,0.3543184697628021,0.0030527578
14,1,-0.7086115850970738,41.83820537021408,1.0746814012527466,1.8386547565460205,-329.6245422363281,-132.3317108154297,0.24509941041469574,2.1889703273773193,131036.1953125,1.839542031288147,339.1053466796875,66.33189392089844,-130.79616566928016,329.22534615352265,0.24277439713478088,0.020972425
14,1,-1.1931208078760853,41.387250399022086,1.196506381034851,1.8360803127288818,-61.22689437866211,345.3658447265625,0.4082586467266083,1.1081613302230835,106410.4375,1.951674461364746,503.9145812988281,32.302398681640625,344.49648723743974,56.29034523714153,0.41006508469581604,0.02330768
14,1,-0.9158831687722762,46.27025922815008,1.1450133323669434,1.9866256713867188,372.4368591308594,-36.3284797668457,0.36276504397392273,2.113687753677368,131267.859375,2.0890371799468994,589.5004272460938,71.54846954345703,-34.85072756523586,-372.79499429157585,0.36305367946624756,0.020060038
14,1,-0.44868102912603414,42.88448508911835,1.0696040391921997,1.976593017578125,-105.91563415527344,-312.8037414550781,0.2208002507686615,4.991057395935059,128427.3984375,1.9983488321304321,483.8211669921875,172.1882781982422,-313.3902591946403,108.39763193545136,0.2196490615606308,0.047839087
14,1,-1.165038167594671,39.4678290853709,1.1901658773422241,1.9549717903137207,181.96185302734375,-334.53070068359375,0.40713581442832947,2.6487371921539307,129693.484375,2.0284814834594727,584.8345947265625,39.99390411376953,-334.4984750217395,-179.71065201391497,0.4096269905567169,0.19490679
14,1,-1.0041985357031034,37.68405757690344,0.9570870995521545,1.9040915966033936,362.0596923828125,-40.64519500732422,0.21721148490905762,5.002104759216309,128427.3984375,1.9678969383239746,503.4743347167969,49.862945556640625,-43.960627247712914,-360.4055961602508,0.2196490615606308,0.41487604
14,1,-1.1265180148678213,43.902647936285334,1.1382213830947876,2.0022616386413574,-259.3809814453125,273.3749084472656,0.4763467311859131,3.5716893672943115,113687.859375,2.066087007522583,574.5239868164062,42.93279266357422,276.1725351786779,261.2087245275534,0.47515228390693665,0.11428257
14,1,-1.0908813295570787,41.21412507210826,1.1416529417037964,1.861604928970337,-298.8107604980469,-244.80252075195312,0.17643427848815918,4.1642327308654785,143965.859375,1.9391639232635498,456.6103515625,37.03934097290039,-246.2434820870768,297.08111558245616,0.17528966069221497,0.008323973
14,1,-1.018410481894211,47.13085108481152,1.1879372596740723,1.971292495727539,-209.04019165039062,-352.2650146484375,0.4449501633644104,1.149289846420288,143603.34375,2.070157289505005,556.7476806640625,53.36384582519531,-353.6004204854404,208.24571590582028,0.4466266632080078,0.014499123
14,1,-1.6303551300132972,42.17351289963441,1.1629338264465332,2.1113431453704834,29.464191436767578,412.8446350097656,0.32970690727233887,2.386390447616577,149673.703125,2.171459674835205,768.8848876953125,18.00958824157715,414.677947004125,-30.44483343500117,0.32890602946281433,0.2586196
14,1,-1.1898446027264051,41.20872681413102,1.1215322017669678,1.984769582748413,-196.6539764404297,353.66021728515625,0.30099841952323914,3.3076326847076416,132986.03125,2.050595998764038,598.3760986328125,38.64813232421875,354.2834584239393,197.80046114926483,0.3047443926334381,0.12727925
14,1,-0.9392634057575713,46.41448766420337,1.125502109527588,1.9664182662963867,318.2511291503906,94.76359558105469,0.3738107681274414,0.09667260199785233,127000.65625,2.0398082733154297,520.140869140625,59.82143783569336,91.16423097719306,-318.12801365003963,0.3743199408054352,0.024972852
14,1,-0.898512085321411,45.21266390543182,1.1463861465454102,1.9430423974990845,-10.258798599243164,-343.12066650390625,0.37921416759490967,1.4276831150054932,136458.578125,2.048452854156494,546.7548217773438,69.0684814453125,-345.79322964352815,8.340509309752623,0.379535436630249,0.02218004
14,1,-1.0539318020638655,47.443998351326485,1.186664342880249,2.103825330734253,10.063668251037598,373.7064514160156,0.23371784389019012,5.573094844818115,115896.6328125,2.0659432411193848,537.88623046875,47.50701141357422,371.0688474590763,-9.879198132658958,0.23807770013809204,0.009691116
14,1,-1.189893864526911,43.48596302954636,1.0526502132415771,1.992030382156372,-346.1129150390625,206.67202758789062,0.3872191309928894,4.6422529220581055,127833.9296875,2.1004316806793213,599.4486083984375,38.7130126953125,205.67948347705683,348.3270662720143,0.3833208680152893,0.14049777
14,1,-1.0843288730378997,35.4512965870016,0.9833003878593445,1.9975827932357788,202.7221221923828,304.8257751464844,0.32070833444595337,0.013983778655529022,149322.78125,2.0390968322753906,583.2526245117188,48.031585693359375,301.00372106873056,-202.8302180230268,0.3191402852535248,0.8434083
14,1,-1.3295818381967945,46.306271968577924,1.1883518695831299,1.9598053693771362,375.13385009765625,-50.42154312133789,0.41377684473991394,0.685516357421875,102850.6484375,2.006277322769165,498.048583984375,23.31782341003418,-53.102346725659594,-378.79597185381283,0.41393643617630005,0.015407268
14,1,-1.3305793617413402,39.599866372286805,1.161811113357544,1.9839693307876587,119.5399398803711,-359.48199462890625,0.3340799808502197,2.5964856147766113,144461.6875,2.0411455631256104,604.417724609375,28.232952117919922,-357.2301710017316,-121.41321953940592,0.3383493721485138,0.21358447
14,1,-1.1494076418711265,35.28377293126827,0.9324147701263428,2.019498586654663,133.4683074951172,298.4177551269531,0.3173520565032959,0.005027153063565493,149322.78125,2.0661303997039795,590.3276977539062,41.848941802978516,295.4253525737866,-132.58969683017847,0.3191402852535248,0.87949467
14,1,-1.1181810056057626,34.255796437991286,1.144175410270691,2.0450973510742188,-281.82000732421875,208.51275634765625,0.23710793256759644,5.585568428039551,115896.6328125,2.036797046661377,688.0421142578125,52.412296295166016,205.1519854649151,281.7374202334673,0.23807770013809204,0.703097
14,1,-1.0568217384869787,37.95102639387591,1.0071738958358765,1.8493986129760742,338.57501220703125,122.14346313476562,0.33494263887405396,1.2482227087020874,112614.875,1.9087207317352295,428.1083068847656,37.560447692871094,122.33287781802433,-342.5003033506951,0.33629563450813293,0.38518932
14,1,-1.0024054079422802,45.76385839476128,1.1951565742492676,1.992323398590088,323.9016418457031,228.50051879882812,0.33388417959213257,4.670269966125488,143112.109375,2.026186227798462,516.7522583007812,51.389705657958984,229.9654764380106,-321.4239883035962,0.3349824547767639,0.009682921
14,1,-0.9061709146130942,49.02497485622179,1.1966943740844727,1.9332515001296997,174.8892822265625,293.26177978515625,0.3126123547554016,3.32417368888855,126319.4140625,1.9872081279754639,438.8585205078125,54.46942901611328,294.57729156198616,-172.9906814924545,0.3107130527496338,0.0013000638
14,1,-1.0272482531945197,47.75364179241884,1.1792376041412354,1.816901683807373,-365.2515869140625,14.225385665893555,0.4957576394081116,2.461030960083008,127277.71875,1.9028326272964478,357.5361022949219,33.579200744628906,21.39572476729844,363.0742189342194,0.493846595287323,0.002227584
14,1,-1.2654427622712794,40.49923417974262,1.1572192907333374,1.8249655961990356,-142.95462036132812,311.12451171875,0.45376861095428467,1.2424499988555908,121816.25,1.9844955205917358,518.0912475585938,28.116544723510742,309.6514383857347,139.03399529230958,0.456429123878479,0.061729833
14,1,-0.6932677734480217,40.22175899155361,1.0337249040603638,1.8280826807022095,-279.43341064453125,-265.8329772949219,0.3635026216506958,5.64157247543335,113010.71875,1.8470611572265625,339.29656982421875,68.75607299804688,-269.78283809938205,280.94630898441375,0.3639044463634491,0.087461375
14,1,-0.32616392993771526,43.70236563033796,1.173780918121338,1.8570692539215088,327.6293640136719,226.1100311279297,0.36670318245887756,5.633294105529785,113010.71875,1.88277268409729,344.2499694824219,162.44625854492188,222.63323068494753,-327.36444547202365,0.3639044463634491,0.005808422
14,1,-1.544745032472728,28.954459017246943,1.1945726871490479,1.9799896478652954,-373.88531494140625,179.96437072753906,0.20896676182746887,3.0913071632385254,123613.2890625,2.0358855724334717,814.8495483398438,23.245052337646484,180.4275812633273,374.8605149203682,0.2084331512451172,0.8506762
14,1,-1.169753297943641,45.060413383419835,1.1854677200317383,1.8227418661117554,-201.16358947753906,-254.61468505859375,0.4640900194644928,5.939886093139648,151766.859375,1.9064512252807617,393.5061950683594,26.619300842285156,-258.66549247846973,201.97148030799875,0.46484172344207764,0.0034717808
14,1,-1.0351283114024754,49.1087967040014,1.193243384361267,2.0128862857818604,394.6024169921875,19.242555618286133,0.38655537366867065,0.43369054794311523,147062.078125,2.0679333209991455,529.2904052734375,48.8162956237793,15.381735875508928,-393.49956447329293,0.39181289076805115,0.007876158
14,1,-1.3520184403592979,44.025527281569865,1.1302294731140137,1.9348654747009277,147.52902221679688,392.11541748046875,0.20243974030017853,3.1901803016662598,123613.2890625,2.002382516860962,472.6933898925781,21.016433715820312,391.24283596270357,-148.1086786849861,0.2084331512451172,0.00972167
14,1,-1.2305473214318696,44.295576978618215,1.1211755275726318,1.8853012323379517,335.9202880859375,241.35243225097656,0.3980688452720642,6.122601509094238,134110.453125,1.9968448877334595,439.8223876953125,25.865943908691406,233.33776589906384,-335.41682827552705,0.3955575227737427,0.013586106
14,1,-1.3206714915399111,41.18258183946171,1.143154501914978,1.914305567741394,389.0098571777344,-62.93785095214844,0.4492914378643036,4.582274436950684,111019.7421875,1.963619589805603,467.45416259765625,22.339096069335938,-63.740826976228284,-383.94170711158023,0.44754916429519653,0.101526015
14,1,-1.4454059146715699,42.18139175942681,1.1945871114730835,1.8832355737686157,-341.5202331542969,101.68878936767578,0.21002399921417236,3.0969483852386475,123613.2890625,1.9813956022262573,473.2491149902344,16.969980239868164,102.0122616760513,341.0719314695879,0.2084331512451172,0.005718693
14,1,-1.0493008197529206,44.86676378109166,1.1079479455947876,2.012481451034546,217.13818359375,-296.9859619140625,0.2196720987558365,0.09120452404022217,116367.515625,2.0212197303771973,513.9328002929688,45.87800979614258,-299.57245053993955,-217.89209382920873,0.21356292068958282,0.037272234
14,1,-1.0964544412952857,42.334932398655575,1.1783424615859985,1.914305567741394,327.1207275390625,-229.50645446777344,0.4488804340362549,4.058046817779541,124621.8359375,1.965025782585144,466.732177734375,37.377662658691406,-226.9992520124782,-321.7141604399445,0.4481159448623657,0.04570367
14,1,-0.9728629797873256,48.163707055927915,1.1984952688217163,1.9137709140777588,103.40398406982422,-369.7275390625,0.28155672550201416,1.044476866722107,110271.703125,1.9858366250991821,418.9586486816406,44.59716033935547,-371.3744908546572,-103.94503401465437,0.28667548298835754,0.0015793468
14,1,-0.850978157384133,47.269914071277235,1.1796810626983643,1.9060014486312866,280.194091796875,185.1956329345703,0.25618743896484375,6.080780506134033,132485.75,1.9452992677688599,425.16131591796875,59.9204216003418,185.24800555551437,-276.23946159654383,0.25861552357673645,0.0010570437
14,1,-1.3961331744521681,43.75573789563665,1.1353989839553833,1.9636163711547852,369.82379150390625,177.8973388671875,0.45369431376457214,2.5382115840911865,136470.25,2.0931589603424072,604.1312866210938,24.265897750854492,179.6961231363259,-371.7850709395721,0.4529044032096863,0.08054895
14,1,-0.8209600624967511,48.929864361904905,1.1482350826263428,1.9038277864456177,321.1753234863281,-237.04017639160156,0.5026267766952515,4.404226303100586,132367.03125,2.016148567199707,461.4917297363281,69.69525909423828,-235.91287275543775,-319.87154803340496,0.505299985408783,0.004540022
14,1,-0.8063981271388014,42.585680183111705,1.1654618978500366,1.9123988151550293,231.49769592285156,317.28955078125,0.2871246933937073,1.049424171447754,110271.703125,1.9817306995391846,510.4368591308594,79.71560668945312,315.72874953779973,-232.42854093459994,0.28667548298835754,0.022398712
14,1,-0.8820137067287774,48.250866963259334,1.1210129261016846,1.949697494506836,-205.53240966796875,-265.318115234375,0.4953356385231018,4.980842590332031,123026.546875,2.049760103225708,519.4118041992188,68.15496063232422,-267.9098196819696,210.18161958076723,0.4968291223049164,0.012045582
14,1,-1.203484963401259,39.79724346349769,1.1184020042419434,1.8533157110214233,-358.76763916015625,-60.7656364440918,0.5155565142631531,0.48966848850250244,131327.28125,1.9936598539352417,523.57666015625,32.771324157714844,-66.17810850445456,356.8715351162125,0.49901267886161804,0.23562908
14,1,-1.083926138469122,44.12885345452651,1.1920948028564453,1.9995906352996826,386.7059020996094,110.8180160522461,0.25871649384498596,0.9150218963623047,118287.875,1.9982786178588867,470.6166076660156,38.791805267333984,110.45446535714152,-388.040046554485,0.2557515501976013,0.021561787
14,1,-1.2228453827889174,34.50090703199599,1.1332025527954102,1.9388909339904785,-348.67242431640625,198.2687225341797,0.4460943937301636,4.4088287353515625,154570.078125,2.1382968425750732,830.1602783203125,49.695343017578125,200.73254415964772,350.6369038596077,0.44404393434524536,0.72256213
14,1,-1.0218558368372168,39.13219110107023,1.0814558267593384,2.084263563156128,56.70969772338867,376.10345458984375,0.23014488816261292,4.122479438781738,152362.28125,2.1309757232666016,740.751953125,70.43951416015625,375.9981515829083,-55.79593199099813,0.23137982189655304,0.48880905
14,1,-0.9844505795948393,38.48105353115472,1.1211504936218262,1.979844570159912,-270.62249755859375,314.98260498046875,0.35343605279922485,1.7098532915115356,152762.40625,2.0842018127441406,631.0982666015625,65.41024017333984,315.0174606127552,268.4296886817376,0.3536536395549774,0.42860648
14,1,-1.3645708602897384,42.748632520747556,1.118862509727478,2.0567102432250977,281.8393249511719,-300.8197326660156,0.22785544395446777,4.115020275115967,152362.28125,2.1372132301330566,680.3236083984375,29.386184692382812,-300.53985296873833,-280.87571884252475,0.23137982189655304,0.09118406
14,1,-1.3154380480280943,30.543144586525152,1.1986172199249268,2.011493682861328,120.63568878173828,348.781982421875,0.3538549840450287,1.7161511182785034,152762.40625,2.0618090629577637,880.8895263671875,42.607139587402344,349.40223973169003,-120.46691250078584,0.3536536395549774,0.8675351
14,1,-1.2151067800931312,41.73451455300591,1.1424858570098877,1.9705754518508911,-117.49279022216797,-338.5289611816406,0.44354990124702454,4.400710582733154,154570.078125,2.151130437850952,718.1900024414062,43.76546859741211,-336.28063810868304,119.74681618064866,0.44404393434524536,0.14571436
14,1,-1.0464597075421342,40.57317789416216,1.1816145181655884,1.8249735832214355,109.25277709960938,339.616455078125,0.493465781211853,3.753218173980713,126337.3203125,1.988883376121521,520.8888549804688,46.80415725708008,343.55491763940097,-105.95560144320753,0.49312591552734375,0.044948705
14,1,-1.2777284074904378,42.967088566085174,1.1905052661895752,1.9428291320800781,318.16204833984375,101.88018035888672,0.44389137625694275,4.410369873046875,154570.078125,2.1362414360046387,693.169677734375,36.5687370300293,101.96386996080099,-315.84776404598404,0.44404393434524536,0.040117558
14,1,-0.8463357148872444,42.165030455786784,1.1683883666992188,1.9758154153823853,-338.0213623046875,-199.214111328125,0.3507750928401947,1.707958459854126,152762.40625,2.0990824699401855,622.8974609375,88.73201751708984,-201.11653826947682,333.8253421847486,0.3536536395549774,0.0785857
14,1,-1.0697510897932763,40.25024049438814,1.1568917036056519,2.104710817337036,-351.655517578125,-162.756591796875,0.1986023187637329,4.921126365661621,120940.3515625,2.0606439113616943,617.751708984375,52.6092414855957,-164.07394682841337,354.1882491756396,0.19877828657627106,0.22590747
14,1,-1.1314749021212873,43.04680949757506,1.0239630937576294,2.008232593536377,39.49396896362305,-403.4226989746094,0.38596177101135254,5.394892692565918,151111.375,2.142590045928955,694.957275390625,51.34313201904297,-406.3790862970981,-36.04805479431994,0.3849782645702362,0.22077703
14,1,-1.0640018966697657,42.399764909696984,1.0332188606262207,1.8778437376022339,256.10162353515625,-266.6579895019531,0.3050414025783539,5.935436725616455,154076.71875,1.964918613433838,488.9685363769531,42.196651458740234,-270.838795758812,-254.2702556215774,0.3048965334892273,0.040125705
14,1,-0.6950848858504233,44.993137640436615,1.173285722732544,1.9831790924072266,-349.8396911621094,-137.288330078125,0.385201096534729,2.314882516860962,155838.84375,2.079209327697754,600.799560546875,121.23956298828125,-136.93359293640177,347.9095177443675,0.38394784927368164,0.027975457
14,1,-1.239916048954716,35.95443523894365,1.1626248359680176,2.1084234714508057,93.16972351074219,-329.45782470703125,0.25836965441703796,4.752455711364746,159963.453125,2.1210777759552,816.7310180664062,47.00695037841797,-331.49983868939944,-90.82999889568677,0.25776633620262146,0.69302136
14,1,-0.9358747603340428,48.03126854497304,1.1523761749267578,1.8196907043457031,-226.759521484375,-314.5233154296875,0.20675423741340637,3.6284735202789307,101376.21875,1.9157320261001587,359.7158203125,41.694976806640625,-314.3252455584249,227.3706284564689,0.207205131649971,0.00036053333
14,1,-0.8509680894278217,41.98397384262538,1.0518966913223267,1.996950626373291,-329.5935363769531,-253.8002166748047,0.3842020630836487,2.3082544803619385,155838.84375,2.0626089572906494,594.079345703125,83.72898864746094,-252.33511033183652,327.3976708650457,0.38394784927368164,0.29241264
14,1,-1.0706857095871103,46.29235912376854,1.0567864179611206,1.9760924577713013,86.81704711914062,373.2353515625,0.38426026701927185,5.373401165008545,151111.375,2.1011781692504883,557.29296875,47.35839080810547,370.4715693489066,-84.45272895910192,0.3849782645702362,0.03320485
14,1,-0.914552902945166,33.79305698012664,1.0442668199539185,1.9495078325271606,369.3965759277344,-82.4638442993164,0.44742074608802795,4.033624172210693,146748.84375,1.9880930185317993,574.4586791992188,69.93672180175781,-80.7929193768572,-367.0509679851733,0.4471190571784973,0.84370935
14,1,-1.2229872673933169,29.81710657622749,1.0814411640167236,1.9125642776489258,-349.74163818359375,218.89732360839844,0.4459417760372162,4.035750865936279,146748.84375,2.0332348346710205,667.7625732421875,39.960758209228516,223.07634166547174,352.21591860909825,0.4471190571784973,0.88681936
14,1,-1.3423125573876638,34.90252649179109,1.1887987852096558,1.9670737981796265,0.03898201882839203,-347.17901611328125,0.49138981103897095,1.3756623268127441,145015.1875,2.125673532485962,954.49462890625,43.39702224731445,-347.10629256581876,-2.427542792133438,0.49044400453567505,0.73950803
14,1,-1.166755597961661,37.94230156829383,1.0778069496154785,2.0438015460968018,-358.5119934082031,-217.8689727783203,0.32136639952659607,2.5348455905914307,159940.515625,2.100271463394165,716.698974609375,48.81803512573242,-215.48850767652868,356.4511166789227,0.3185632526874542,0.65027344
14,1,-0.9460634099137548,48.76807533770784,1.1931970119476318,2.095315456390381,-270.7322692871094,187.7361602783203,0.2768856883049011,4.743592739105225,157685.71875,2.124300479888916,605.4429321289062,68.5502700805664,187.80446863226257,273.0081984265262,0.27648887038230896,0.0069248
14,1,-0.9991777252495928,37.89015611135538,1.1486256122589111,1.9969059228897095,-106.09812927246094,-347.94171142578125,0.17641697824001312,6.245988845825195,123713.796875,2.028484344482422,593.5480346679688,59.46718978881836,-351.6083504675355,104.70701969606097,0.17081384360790253,0.16534613
14,1,-1.0690518923911603,42.913314055302884,1.1225050687789917,1.8400120735168457,-44.928749084472656,410.7931213378906,0.3983398973941803,0.09341298788785934,142205.921875,1.9749938249588013,468.1192321777344,39.93038558959961,406.8597309309495,42.930875166902894,0.39591437578201294,0.029256536
14,1,-1.1884317639674056,42.34802550815016,1.174818515777588,1.8756710290908813,288.303955078125,-284.9341125488281,0.21233515441417694,4.315908908843994,110828.0703125,1.9315879344940186,424.5378723144531,27.509525299072266,-285.2178422803483,-285.203956527117,0.21517173945903778,0.0051971013
14,1,-1.0724242879171322,38.22580803320362,1.1899079084396362,1.9636050462722778,398.1499938964844,88.03858947753906,0.4320853352546692,2.987905740737915,115889.6953125,2.08595609664917,679.0459594726562,57.47435760498047,90.48220052575415,-398.1506946436479,0.4334009289741516,0.34562284
14,1,-0.9310980956746333,42.232162234957144,1.1011488437652588,1.8051866292953491,90.17011260986328,-375.2008056640625,0.3788986802101135,0.5037152767181396,109048.5234375,1.9257268905639648,412.37359619140625,48.32722473144531,-377.45438118681517,-92.4398953114556,0.3869105279445648,0.026749803
14,1,-0.6073400713305731,48.65807581661624,1.1902052164077759,1.939686894416809,330.17510986328125,173.64926147460938,0.3644399046897888,4.749140739440918,140537.03125,1.9948011636734009,425.775634765625,105.15751647949219,176.5063685467997,-326.32891663084706,0.3599366843700409,0.0020060283
14,1,-0.4152107421421043,45.085689132694135,1.0593533515930176,1.950724720954895,-370.40216064453125,61.064056396484375,0.4324762523174286,2.993631362915039,115889.6953125,2.0783846378326416,526.8111572265625,202.50885009765625,62.26172327811588,371.99043030472967,0.4334009289741516,0.06873175
14,1,-1.3488529987382087,36.22715791563802,1.0431643724441528,2.047821283340454,379.58489990234375,-46.72946548461914,0.3771480321884155,2.0490822792053223,104696.4921875,2.0835766792297363,666.073486328125,29.830991744995117,-45.23711010520157,-379.85616826810343,0.3774299919605255,0.82570434
14,1,-1.3754342839947478,43.1347730786636,1.1791322231292725,1.8615463972091675,51.20109176635742,396.5449523925781,0.3458150327205658,0.1106727197766304,112008.703125,1.8593862056732178,325.41900634765625,13.708990097045898,392.7851603589894,-51.60918898658551,0.34556087851524353,0.013459315
14,1,-1.7345980075380056,43.320787792220806,1.0745171308517456,1.9958000183105469,-294.7015380859375,262.833740234375,0.37511640787124634,2.052572011947632,104696.4921875,2.048717737197876,538.7802734375,9.926800727844238,263.7216221969847,291.1759353488987,0.3774299919605255,0.15336005
14,1,-0.9714811660174583,46.858718492943964,1.0375115871429443,1.858493685722351,129.43551635742188,300.8713684082031,0.38925713300704956,0.4910392165184021,109048.5234375,1.952602744102478,404.5421142578125,43.19978332519531,297.29886854237924,-132.3031436620814,0.3869105279445648,0.014711436
14,1,-1.0412406238617895,44.50891520834701,1.105843424797058,1.97738516330719,103.79715728759766,-336.0270690917969,0.3897567391395569,0.45460188388824463,149119.484375,2.026266574859619,539.6458129882812,49.07579040527344,-338.73957431114343,-108.14783330250349,0.3864783048629761,0.07745551
14,1,-1.2601409322584725,43.86865729876397,1.1593916416168213,1.8249766826629639,290.68414306640625,186.6075897216797,0.4002462923526764,5.770850658416748,118971.3984375,1.9453849792480469,434.31219482421875,23.859386444091797,184.84703887938704,-288.42291859307954,0.39894646406173706,0.005168572
14,1,-1.256175533073367,31.777387663741607,1.096932053565979,2.04711651802063,11.984086990356445,381.0625305175781,0.3693293333053589,6.027182102203369,158572.515625,2.0668928623199463,743.6605224609375,41.22855758666992,377.5668498496306,-10.62714352390121,0.36881303787231445,0.876618
14,1,-0.7876437583109823,47.78544407077528,1.1433435678482056,1.8486101627349854,-215.9861602783203,280.49896240234375,0.27374720573425293,2.9552717208862305,150582.859375,1.939009666442871,377.6582336425781,61.58209991455078,283.68346573787886,214.99716378476793,0.27152130007743835,0.0010352605
14,1,-0.6638159669146988,45.00376999392661,1.102316975593567,1.9124529361724854,-329.1771545410156,-80.89739227294922,0.38749635219573975,0.4513993561267853,149119.484375,2.003194570541382,459.0831604003906,99.55772399902344,-85.10111863474236,328.9365794220668,0.3864783048629761,0.031157402
14,1,-0.9693527702850925,35.0790661382218,1.1623728275299072,1.948341965675354,-384.45550537109375,-124.95438385009766,0.38790416717529297,0.44442740082740784,149119.484375,2.0217690467834473,611.0313110351562,65.57073211669922,-130.897123911467,384.24478548507363,0.3864783048629761,0.6640956
14,1,-1.0690309462502603,39.026141160307056,1.1714290380477905,1.8297457695007324,-142.94618225097656,-357.00970458984375,0.39664196968078613,5.765902519226074,118971.3984375,1.907657265663147,439.84576416015625,37.52047348022461,-359.79841647579536,144.62692724638626,0.39894646406173706,0.04529845
14,1,-1.049323957082724,38.85922620022262,1.1744493246078491,2.0003960132598877,-385.25189208984375,9.79776382446289,0.2814590334892273,0.12940996885299683,154715.390625,2.0522234439849854,601.72216796875,53.71199035644531,5.5258533793657625,386.94964250977443,0.27906209230422974,0.27364755
14,1,-0.819507576668306,45.06008698444429,1.1466349363327026,1.8004870414733887,208.79568481445312,-344.8365783691406,0.3699772357940674,1.8008768558502197,127794.59375,1.8998658657073975,391.854736328125,59.376800537109375,-342.6704002286329,-210.23459796544128,0.37262624502182007,0.0035286238
14,1,-1.370818856733778,48.56043066927038,1.18961763381958,1.8347049951553345,257.3652648925781,308.0806884765625,0.4082176089286804,4.059535026550293,115689.796875,1.9748132228851318,432.6533508300781,18.421239852905273,308.8870756735451,-253.56909648593145,0.4093575179576874,0.00084735657
14,1,-1.1055225694304194,27.956524941351656,1.1991056203842163,1.8267875909805298,229.62286376953125,-349.72064208984375,0.3734564781188965,1.804612159729004,127794.59375,1.9235267639160156,728.56005859375,57.140235900878906,-349.06476743754405,-235.77162421993702,0.37262624502182007,0.8372668
14,1,-0.9621353256498028,42.03056466196076,1.1841278076171875,2.0040295124053955,181.21022033691406,368.7518005371094,0.35804903507232666,3.3887603282928467,139143.21875,2.1044602394104004,668.4682006835938,72.93648529052734,370.957830385107,-179.59064297236878,0.3583836853504181,0.0864897
14,1,-0.6516891093760514,43.530186378494534,1.101441740989685,1.8304283618927002,259.71221923828125,244.16500854492188,0.30757373571395874,2.9095449447631836,106785.9921875,1.8827987909317017,380.1563720703125,84.77594757080078,246.15015378960987,-261.69420341298985,0.3086424171924591,0.009125206
14,1,-1.039254034076374,39.85060196162901,1.1980433464050293,1.8821436166763306,342.07562255859375,-51.36818313598633,0.3335890471935272,2.622648239135742,145125.890625,1.966520071029663,520.7389526367188,47.57350158691406,-48.97111988402758,-342.38771614434603,0.3348504304885864,0.042360023
14,1,-0.8113802191516749,45.97533475760496,1.1098777055740356,1.8570692539215088,-341.3899230957031,219.39410400390625,0.3670361042022705,1.8031305074691772,127794.59375,1.885385274887085,357.23760986328125,55.153892517089844,221.57683969955954,337.6635525890095,0.37262624502182007,0.007182565
14,1,-1.0356206351426522,42.66386691010167,1.141004204750061,1.9598264694213867,252.3515167236328,316.8258056640625,0.4938098192214966,5.874837398529053,114259.3046875,2.0311334133148193,493.790771484375,45.490570068359375,312.44290807331316,-252.08174944614328,0.49668049812316895,0.10415485
14,1,-1.258017367693466,37.99727981659868,1.0023529529571533,1.9027947187423706,401.39532470703125,83.61997985839844,0.5172813534736633,6.028487205505371,115029.4609375,2.0736241340637207,577.7681884765625,31.895902633666992,78.07234128952265,-401.6563359272698,0.5170004367828369,0.6231032
14,1,-1.4015107728200034,28.36733606388448,1.1383167505264282,1.8019123077392578,327.88232421875,95.6881332397461,0.31403061747550964,3.923513174057007,145223.125,1.8945763111114502,571.68798828125,22.680173873901367,97.89847656811833,-325.3497143291219,0.315310537815094,0.80833656
14,1,-1.0793341713206512,44.58113792442699,1.1831706762313843,2.104137420654297,188.15884399414062,-354.0769958496094,0.32216888666152954,3.1861133575439453,155550.1875,2.1848645210266113,730.9225463867188,60.888668060302734,-351.6675940539073,-187.87001397137743,0.3229893743991852,0.075375795
14,1,-1.717470662442055,44.87380845858358,1.0654548406600952,1.9564348459243774,-292.1849060058594,231.2272186279297,0.5152361989021301,5.290363311767578,128704.953125,2.1157140731811523,603.6423950195312,11.569252967834473,227.7203341289904,297.0381694686628,0.5152758955955505,0.095814936
14,1,-1.2462111313304045,41.53729855915236,1.1757243871688843,1.8769382238388062,49.77764892578125,365.7125244140625,0.46223077178001404,1.906348466873169,120205.671875,2.051888942718506,603.0011596679688,34.20627212524414,367.7541749059203,-52.4429647519407,0.4634166657924652,0.058928143
14,1,-1.169392534132045,41.27448809754322,1.1599323749542236,1.9564348459243774,374.2090759277344,-170.60757446289062,0.5147773027420044,5.292213439941406,128704.953125,2.114957094192505,748.9988403320312,50.70931625366211,-173.28367889603342,-370.33933742186036,0.5152758955955505,0.17443116
14,1,-0.8845181955150565,48.525931985535635,1.1583303213119507,1.8014417886734009,236.4748992919922,-343.71514892578125,0.3073767125606537,2.0484533309936523,147579.875,1.8473937511444092,319.1147155761719,41.63203048706055,-342.1126769897805,-235.7285614668275,0.30128970742225647,0.0005504001
14,1,-1.328716416325529,25.000015045781733,1.1919935941696167,1.9528602361679077,-103.56478881835938,-362.24603271484375,0.46486595273017883,1.9240812063217163,120205.671875,2.0103254318237305,928.3176879882812,43.549102783203125,-361.88456820209774,100.91264981992033,0.4634166657924652,0.919998
14,1,-1.0142897590255204,41.457082623540956,1.1915878057479858,1.7970763444900513,380.4214172363281,89.3003158569336,0.3060695230960846,3.6580023765563965,115728.734375,1.8430699110031128,355.9201354980469,34.43987274169922,93.15878464806079,-380.18394655091316,0.3114197552204132,0.0046709385
14,1,-1.3733101033207524,33.7017641801134,1.0209368467330933,1.9123257398605347,377.55535888671875,-64.22769927978516,0.5168187618255615,6.039700031280518,115029.4609375,2.105480432510376,716.3621826171875,30.326417922973633,-70.1926271560179,-376.91763983338586,0.5170004367828369,0.8393051
14,1,-1.1834999018585997,33.6817075117466,1.192644476890564,1.8893375396728516,-297.9205017089844,-177.55831909179688,0.31177759170532227,3.934274435043335,145223.125,1.958066701889038,585.6401977539062,38.382198333740234,-176.38107143485115,300.6486226966704,0.315310537815094,0.44937834
14,1,-0.957537839736118,46.04295317635257,1.1849373579025269,2.053497791290283,379.8854675292969,-166.2642364501953,0.44982147216796875,2.414720058441162,111426.7578125,2.0722815990448,536.9513549804688,59.21017837524414,-162.57177858381726,-383.1202412133498,0.4480414390563965,0.053084444
14,1,-1.1793334270771534,36.82328386895091,0.9512483477592468,2.069751739501953,43.69799041748047,-402.8082580566406,0.4477877914905548,2.4188976287841797,111426.7578125,2.056513547897339,624.7938842773438,41.3430290222168,-401.2340834136413,-45.739210796219645,0.4480414390563965,0.88007295
14,1,-1.3018002404740272,36.949341683538904,1.0661427974700928,1.9181643724441528,278.5267639160156,186.50804138183594,0.5149326920509338,3.255967140197754,138023.265625,2.047189950942993,616.22119140625,30.756362915039062,191.63424553284295,-279.2363290097556,0.5188647508621216,0.68620497
14,1,-0.8976326974349715,48.72368465487009,1.1459165811538696,1.8737324476242065,-130.8789825439453,302.146240234375,0.27072495222091675,2.3868303298950195,101553.890625,1.961890459060669,415.794677734375,52.6314582824707,306.3919681220664,129.90501984321983,0.27121877670288086,0.001037568
14,1,-0.6141050674838516,47.01326595865241,1.1562434434890747,1.8595480918884277,-394.0342712402344,3.632078170776367,0.22973321378231049,4.597020626068115,109082.9765625,1.8900134563446045,365.44122314453125,88.86116027832031,3.008570715937522,396.8414758856264,0.22984051704406738,0.0008285484
14,1,-0.31917995307792935,49.82579497806919,1.19160795211792,1.826276421546936,26.29381561279297,331.7386474609375,0.45202070474624634,2.300412654876709,107284.90625,1.930415153503418,365.3299865722656,175.1883087158203,336.63916388096067,-31.33691721483098,0.45194852352142334,0.00080871716
14,1,-0.8739753072264447,28.49566361431636,1.1733561754226685,1.8317209482192993,367.1851806640625,-50.42813491821289,0.22137565910816193,4.583120346069336,109082.9765625,1.8454772233963013,494.8532409667969,66.14552307128906,-50.736149961374835,-365.5248029839641,0.22984051704406738,0.73607564
14,1,-1.1204542703740403,37.41900088930079,1.105000376701355,1.8893375396728516,-96.9843521118164,374.9198303222656,0.3109514117240906,5.135865211486816,132779.6875,1.9477455615997314,487.0108337402344,36.90482711791992,372.890671742117,98.7595480987872,0.31161314249038696,0.22223146
14,1,-1.147798444037156,47.12267238380386,1.1787981986999512,1.9556297063827515,246.9220733642578,280.1308898925781,0.4161389470100403,4.770493030548096,126417.203125,2.0339560508728027,494.288818359375,35.17070770263672,280.3579940363467,-243.24062157647197,0.4146212637424469,0.007022238
14,1,-1.1596833498735863,41.635482806052586,1.1665107011795044,1.8879624605178833,-201.94166564941406,307.0038146972656,0.3113916516304016,5.121826648712158,132779.6875,1.9756734371185303,503.6802978515625,34.87147903442383,303.1670257266301,206.32426093056392,0.31161314249038696,0.017564043
14,1,-1.1411483347139915,38.11178553695081,1.0181440114974976,1.9473507404327393,213.8381805419922,-350.49700927734375,0.29248470067977905,1.7666126489639282,105528.4453125,1.9996854066848755,537.6157836914062,38.843875885009766,-349.5429544535292,-216.71903351615163,0.2931593060493469,0.52196276
14,1,-1.203563992255774,45.70759993733456,1.193213701248169,1.8980493545532227,-368.6011657714844,-77.64746856689453,0.3086145520210266,5.123032093048096,132779.6875,1.9659500122070312,436.7974853515625,27.334714889526367,-82.6731826968803,371.3644664784656,0.31161314249038696,0.0024195658
14,1,-1.2238543636304406,37.66206640611103,1.0998488664627075,1.9762541055679321,-292.28692626953125,213.16502380371094,0.2948020398616791,1.770583987236023,105528.4453125,2.018623113632202,577.99267578125,34.519676208496094,212.243699903858,290.5562722342647,0.2931593060493469,0.47308695
14,1,-1.062848706569097,36.236136126381865,1.1993921995162964,1.8347281217575073,-297.6916198730469,195.71817016601562,0.33391666412353516,1.6167676448822021,127908.0078125,1.8915503025054932,487.1407775878906,42.15069580078125,196.37985332629708,293.2625117296314,0.333631306886673,0.14044279
14,1,-0.8380371782151909,49.454705827228125,1.198601245880127,2.0202529430389404,-341.9661865234375,234.24026489257812,0.22316677868366241,4.8575439453125,151459.25,2.0490002632141113,499.1227722167969,72.47189331054688,233.76384240287908,344.0338848036075,0.2205883413553238,0.0014430735
14,1,-1.1168877312570564,46.92794756095765,1.1840744018554688,2.0308218002319336,346.27130126953125,145.13525390625,0.33815303444862366,2.443779468536377,148334.734375,2.125643730163574,614.5050048828125,46.95012664794922,148.18547137229712,-347.4502389253881,0.34053871035575867,0.014366325
14,1,-1.6387973092060253,29.524733643701154,1.1580114364624023,1.8615463972091675,391.1070251464844,-123.38568878173828,0.34606125950813293,6.175355911254883,122861.8046875,1.8577851057052612,514.8766479492188,11.827752113342285,-127.69935487147842,-390.28488324140653,0.3465740978717804,0.78553766
14,1,-0.9749839075577175,48.254518970962174,1.1866484880447388,1.9820921421051025,-131.92758178710938,-297.6451721191406,0.30196788907051086,3.8231863975524902,122492.9296875,2.0149178504943848,482.4875793457031,51.10947036743164,-298.13462617127533,134.2994654759806,0.30173346400260925,0.0030375577
14,1,-0.8062632287407321,41.08451647593212,1.177912950515747,1.9336299896240234,-371.26947021484375,-57.082122802734375,0.22579224407672882,5.088037014007568,107018.2578125,1.98106849193573,513.26171875,80.18167114257812,-59.267700674455426,373.0804882853318,0.2226460576057434,0.020156443
14,1,-0.9108844170814782,33.74071061604946,1.132128357887268,2.0544180870056152,94.25408935546875,-361.366943359375,0.283612459897995,3.8413302898406982,139495.140625,2.0561840534210205,774.5867919921875,95.10102844238281,-361.9064760927766,-92.7375184257496,0.2838246822357178,0.8084838
14,1,-0.9268974737674509,44.81775589633991,1.179814338684082,1.835438847541809,214.9457550048828,318.26715087890625,0.3335142135620117,1.6515716314315796,127908.0078125,1.9170722961425781,376.1895751953125,44.51519775390625,316.0827996977836,-218.328318656066,0.333631306886673,0.0033887415
14,1,-0.1413866035339801,47.065221946935424,1.1865952014923096,1.8638664484024048,-258.49688720703125,229.61553955078125,0.3259742558002472,3.052243709564209,125604.0,1.9293607473373413,418.3318176269531,302.0884704589844,232.63364609859082,256.3139846906741,0.324052095413208,0.0014444874
14,1,-0.9436067358005181,47.00105945149852,1.1719560623168945,2.012481451034546,217.20889282226562,269.9288635253906,0.22132942080497742,5.10307502746582,107018.2578125,2.0192830562591553,484.04107666015625,55.11561965942383,270.864802566841,-214.43902225897006,0.2226460576057434,0.0042640795
14,1,-0.9737187583569199,48.05511880253588,1.1809533834457397,1.8524037599563599,65.89030456542969,410.3121643066406,0.3950994610786438,5.552802085876465,156139.6875,1.9725825786590576,424.89910888671875,45.140472412109375,406.71471302639384,-61.662191807471814,0.3945613503456116,0.0010630337
14,1,-1.3023213599746863,42.490882814260154,1.1680337190628052,2.0375888347625732,109.53307342529297,344.87603759765625,0.33513402938842773,1.519378900527954,131052.8125,2.0537023544311523,577.260009765625,28.777204513549805,344.0867705277024,-109.42916684171314,0.3382931053638458,0.12496577
14,1,-1.1592067343958405,38.242757526518986,1.0709576606750488,1.8311389684677124,307.1418762207031,-177.4038848876953,0.3053707778453827,5.599366188049316,100932.6484375,1.9174365997314453,440.8685302734375,30.556312561035156,-181.30935468698056,-304.31250377794703,0.3041626811027527,0.10636714
14,1,-1.2530869834651919,37.088641117948555,1.121688961982727,1.8853012323379517,401.69390869140625,16.633682250976562,0.40155455470085144,1.8117400407791138,120739.171875,1.994821548461914,556.7212524414062,31.084896087646484,16.61061547384292,-404.33404945163454,0.4033215641975403,0.39727324
14,1,-1.0573973152880172,33.91310032208633,1.1212252378463745,1.8297457695007324,-208.31570434570312,-285.41412353515625,0.3965969383716583,0.21279020607471466,115618.0234375,1.907219648361206,471.62646484375,41.32375717163086,-289.48545690665657,208.51696680202602,0.391735315322876,0.6141806
14,1,-0.9325414047077514,48.488066359065414,1.1843323707580566,1.9338878393173218,287.35443115234375,199.69613647460938,0.5013523697853088,0.491075724363327,146152.140625,2.0618176460266113,524.7616577148438,61.29428482055664,195.75455046738153,-287.7812208109175,0.5025961399078369,0.008775437
14,1,-0.9525937093043828,40.821139125156435,1.1633517742156982,2.031395435333252,-392.61468505859375,-92.18390655517578,0.39631420373916626,4.129842758178711,131316.46875,2.070356607437134,650.5502319335938,72.5582046508789,-88.70040383128853,396.00803517217525,0.3928314745426178,0.24593192
14,1,-1.0989052507827806,46.558847120852334,1.1560832262039185,1.9831790924072266,324.7174987792969,-213.5228729248047,0.38813531398773193,4.132530212402344,131316.46875,2.0726513862609863,525.583251953125,41.85383224487305,-211.1785561746288,-321.0098848089602,0.3928314745426178,0.014109493
14,1,-1.1042233936948538,45.961633709233396,1.1919211149215698,2.058612585067749,-339.12353515625,-110.40766906738281,0.24518385529518127,3.624199628829956,148877.265625,2.0778019428253174,585.1090698242188,46.026981353759766,-109.22798040042755,339.8764875448183,0.24644143879413605,0.013232419
14,1,-0.587436743864723,37.32550025808503,1.1019015312194824,1.8204152584075928,-98.70134735107422,-347.4276428222656,0.450499951839447,3.1952552795410156,119156.9296875,1.959716796875,484.9421081542969,125.3870849609375,-341.3535938461419,100.5573215126104,0.45108649134635925,0.2877705
14,1,-1.129187034094555,46.73109824786447,1.1681997776031494,2.022426128387451,-250.2756805419922,324.6029357910156,0.337909072637558,1.5695688724517822,123867.453125,2.0683772563934326,540.89208984375,40.171913146972656,324.56449775448,248.4176015626352,0.337677925825119,0.018397091
14,1,-1.011032876037325,36.03087490168542,1.1007606983184814,1.918015956878662,-404.1101989746094,110.94940185546875,0.2758817672729492,0.24975426495075226,115486.53125,1.9659868478775024,502.7121276855469,49.010101318359375,101.75379857903344,399.59951052337686,0.27362060546875,0.5037494
14,1,-1.0091463526290418,47.50853410324772,1.171018362045288,1.9447306394577026,414.55352783203125,-7.010978698730469,0.3610503375530243,4.2310614585876465,125438.0625,2.03472900390625,495.4843444824219,48.515743255615234,-8.365280642541206,-412.31980963800476,0.3637605905532837,0.004227254
14,1,-0.7227098149010045,42.544166515640114,1.051386833190918,1.8102331161499023,-398.2858581542969,-94.69315338134766,0.28933629393577576,0.5671694874763489,118343.0390625,1.815773844718933,333.7392578125,63.19704818725586,-96.42511344447004,397.12736134323404,0.294173002243042,0.022930887
14,1,-1.06291123655807,30.37489865065763,1.1959539651870728,1.9790939092636108,-326.0975036621094,-221.152587890625,0.35591715574264526,4.919073581695557,158613.625,2.137890577316284,964.4189453125,83.43609619140625,-220.10438406517494,329.07403002218354,0.35429131984710693,0.83799195
14,1,-1.2229530262097523,41.26267353773275,1.06568443775177,2.0045323371887207,-396.0660095214844,-134.73068237304688,0.3638533353805542,4.015162944793701,115869.9765625,2.0446009635925293,575.8427734375,34.46272659301758,-134.19300651245507,398.58143308721026,0.358578622341156,0.29114786
14,1,-1.0037124371849124,38.94925773531408,1.1387121677398682,1.979844570159912,327.1454162597656,218.33056640625,0.35303816199302673,4.920825958251953,158613.625,2.0913405418395996,658.2456665039062,65.2641830444336,217.34776492800077,-325.45302049292087,0.35429131984710693,0.27675343
14,1,-1.0724676126809587,41.68907014661659,1.107306957244873,1.827027678489685,-94.19939422607422,322.7556457519531,0.27432993054389954,0.2248864471912384,115486.53125,1.9131076335906982,401.6575622558594,33.9928092956543,320.45337830318067,96.17327187851392,0.27362060546875,0.021650298
14,1,-1.086488125420845,45.33290612402696,1.1674059629440308,1.9033012390136719,-336.98651123046875,120.3669204711914,0.49931731820106506,1.3797980546951294,129375.1171875,2.1149914264678955,613.90625,50.30522155761719,119.89816421717873,334.04580917925426,0.4992199242115021,0.022788212
14,1,-1.0314551976587092,46.97478796118621,1.173105239868164,2.03633451461792,375.10235595703125,96.85647583007812,0.5089510083198547,3.1111438274383545,148484.484375,2.174044609069824,700.6441040039062,65.16908264160156,101.65984957376023,-373.1993082482365,0.5073153972625732,0.044081263
14,1,-1.103866174719695,43.23556725079374,1.1636452674865723,1.8650307655334473,-410.6521911621094,39.34378433227539,0.5012974143028259,1.3786906003952026,129375.1171875,2.049616575241089,558.3343505859375,43.956912994384766,38.87837324609839,404.5034302071671,0.4992199242115021,0.037225917
14,1,-0.8950985986131705,45.53985174422985,1.1328643560409546,1.8248320817947388,282.68402099609375,288.35467529296875,0.17488600313663483,4.645155429840088,125663.828125,1.8101774454116821,292.5756530761719,37.251041412353516,288.98790228391385,-280.5585576048549,0.16944369673728943,0.0008157052
14,1,-1.182244945001473,46.51840699803774,1.1602052450180054,2.0821125507354736,48.75114822387695,-400.95703125,0.2730882465839386,0.7332482933998108,233097.40625,2.1781954765319824,735.8487548828125,48.36628341674805,-402.2911820720039,-53.0937943159551,0.270907998085022,0.032305643
14,1,-0.9299991313340717,40.82618608145221,1.1900906562805176,2.008786201477051,326.55279541015625,-178.17364501953125,0.23118279874324799,2.330538272857666,195168.265625,2.0432820320129395,602.03759765625,70.73329162597656,-178.60674071395232,-327.41741464667024,0.23178790509700775,0.07515697
14,1,-1.0546170110783721,47.25195259724047,1.1782640218734741,2.0232341289520264,285.86566162109375,272.5809020996094,0.18057623505592346,1.711835265159607,211471.78125,2.1368484497070312,623.4154663085938,54.974308013916016,272.38050652488687,-286.102636514642,0.18137091398239136,0.0048812577
14,1,-0.9894146494713276,48.78540388534635,1.1664131879806519,2.0227370262145996,46.5175895690918,319.8193359375,0.48329588770866394,5.897833824157715,169547.09375,2.1818909645080566,649.6495971679688,66.5677490234375,314.12304535124946,-45.34595764161468,0.48464933037757874,0.012303899
14,1,-1.157042473564382,48.07735238806573,1.1852103471755981,2.083439350128174,-333.877197265625,-236.7428741455078,0.43243247270584106,4.84011697769165,195817.515625,2.1889586448669434,681.625,47.479061126708984,-236.00837302115892,338.3305589910556,0.4336756765842438,0.022521237
14,1,-1.0347368585503987,39.785485312148445,1.1257108449935913,2.090365409851074,-318.3990478515625,-193.31419372558594,0.23390941321849823,2.3423030376434326,195168.265625,2.0559613704681396,575.9984741210938,53.172080993652344,-191.891135291058,316.05958933027483,0.23178790509700775,0.39099953
14,1,-1.0680542517420129,44.26629036619438,1.1836678981781006,1.9504871368408203,-318.6708068847656,-84.71045684814453,0.5133990049362183,1.0711745023727417,177795.25,2.1468682289123535,687.0263671875,58.73789978027344,-85.88258386648634,313.8325735956334,0.5105931758880615,0.05945305
14,1,-1.0414415387067606,41.76784751048217,1.1013741493225098,2.0751636028289795,-197.28167724609375,-312.7103271484375,0.4836105406284332,5.896336555480957,169547.09375,2.205894708633423,825.78173828125,75.0625228881836,-317.62618044514295,199.18993642805066,0.48464933037757874,0.43551326
14,1,-1.2234496901008183,37.401947202754506,1.1538561582565308,2.044813871383667,-105.18795013427734,-364.890625,0.5111472010612488,1.458624005317688,195362.0,2.238497257232666,1110.135009765625,66.3629150390625,-365.36206002000927,100.05872484209924,0.5096386075019836,0.7465261
14,1,-1.2328823057241263,46.750362444151826,1.1809972524642944,2.073942184448242,191.11663818359375,-312.31195068359375,0.4718473553657532,2.802246332168579,182616.484375,2.2528040409088135,838.8844604492188,49.07032775878906,-309.5436312679384,-191.31081738904507,0.47521740198135376,0.05641447
14,1,-1.288894717344286,31.44812881607026,1.1834354400634766,1.9764795303344727,-356.99847412109375,86.0956802368164,0.4719770550727844,1.4414526224136353,169672.78125,2.14123272895813,1001.7559814453125,51.507015228271484,85.23957405589243,352.97314488664574,0.4725228548049927,0.8650092
14,1,-0.9303346554273391,43.07410009386411,1.1661731004714966,1.9378187656402588,-145.9862823486328,372.3932800292969,0.49144241213798523,1.5178614854812622,202432.671875,2.1026313304901123,655.257568359375,76.92665100097656,370.70647288366524,141.1202226945205,0.48982489109039307,0.08358161
14,1,-1.1882411597029774,27.689804843644755,1.1752305030822754,2.0689306259155273,-218.6055908203125,-280.89801025390625,0.22730179131031036,4.603741645812988,180423.71875,2.109450578689575,1007.4952392578125,65.313232421875,-280.72109308069537,222.85225589995534,0.22732704877853394,0.8987991
14,1,-0.7178959037449554,45.391785336321504,1.1321812868118286,2.0531070232391357,166.02870178222656,-316.6306457519531,0.18348428606987,1.9342337846755981,188909.65625,2.0813496112823486,586.785400390625,112.35256958007812,-318.1813321439624,-166.46907460103483,0.1875544637441635,0.024051573
14,1,-1.0315877122264183,46.478211162736756,1.144634485244751,2.0418922901153564,-262.96820068359375,-309.3379821777344,0.37455999851226807,1.261013150215149,174367.40625,2.1284403800964355,663.6334228515625,61.707767486572266,-309.17357538808596,260.4357168552363,0.3728615641593933,0.041562907
14,1,-0.9224783414675068,40.36021049843922,1.1352527141571045,2.0974886417388916,317.8250427246094,-170.7600860595703,0.43263158202171326,2.9054205417633057,200961.734375,2.222822666168213,874.632080078125,104.5554428100586,-167.48281723610228,-319.82029761245207,0.4326632022857666,0.55869645
14,1,-1.022665345017726,47.21028478791791,1.1516742706298828,2.0363693237304688,130.0487823486328,-344.0830383300781,0.3128786087036133,4.285504341125488,174412.71875,2.1143596172332764,611.7714233398438,58.066158294677734,-343.2109567150559,-127.18594436505937,0.3108246922492981,0.012966285
14,1,-1.2786158345523146,44.15628575657428,1.1908650398254395,2.105181932449341,-224.5574951171875,-289.3509826660156,0.2902528643608093,1.045793890953064,160321.9375,2.0691921710968018,567.0308227539062,29.85309600830078,-290.3361164367545,221.5785240183355,0.28880906105041504,0.087325305
14,1,-0.7549072667760865,33.077972623331405,1.0042356252670288,1.8888853788375854,-329.6246643066406,84.6476058959961,0.4517453908920288,5.517138481140137,160727.421875,2.0010263919830322,620.8590698242188,109.16548919677734,80.6206754319474,332.8460838183914,0.45368579030036926,0.83724177
14,1,-0.6660736924391615,44.259933793970376,1.1994023323059082,2.010535717010498,-150.77362060546875,369.4437561035156,0.39685481786727905,4.492498874664307,207027.15625,2.100816011428833,653.048828125,140.88723754882812,369.0800963614244,153.0279580442731,0.38644564151763916,0.034492306
14,1,-1.563504016591065,39.407434862585205,1.1954503059387207,2.083559513092041,-198.62124633789062,287.3572998046875,0.4283830523490906,3.349729299545288,176248.921875,2.191112518310547,860.0216674804688,23.496519088745117,289.938220270586,198.81921301504755,0.42895108461380005,0.49149477
14,1,-0.7065453158955003,41.17251132227856,1.049913763999939,2.0244834423065186,271.66546630859375,-249.0887451171875,0.4492897093296051,5.517184257507324,160727.421875,2.0284805297851562,551.5849609375,108.40933990478516,-254.5936055108366,-267.10079304048463,0.45368579030036926,0.44417885
14,1,-1.2112912931105966,28.462979486664345,0.940115213394165,1.8566762208938599,262.3327331542969,-199.38307189941406,0.21419355273246765,4.744818687438965,232285.65625,1.882340669631958,489.3622131347656,30.08414649963379,-201.25585100743777,-258.68018463557564,0.2104654163122177,0.89551234
14,1,-0.5886259225702872,44.65716938952309,1.1826354265213013,2.0190045833587646,304.3746337890625,270.7521667480469,0.3988775610923767,5.8826680183410645,174288.859375,2.0695931911468506,572.845703125,147.7105255126953,266.6671888613031,-302.83396346274986,0.3957790434360504,0.033184677
14,1,-1.0052741371401708,38.881535157647704,0.9763434529304504,1.8946826457977295,228.60105895996094,-264.32415771484375,0.4889572858810425,3.0539677143096924,225091.203125,2.140141487121582,731.9232177734375,72.3087387084961,-260.5968565651878,-228.88607320742798,0.48832377791404724,0.608893
14,1,-0.880628699835545,45.51849210281349,1.179063081741333,1.9669643640518188,-381.35125732421875,110.16068267822266,0.35273921489715576,3.8366401195526123,206039.921875,2.073714256286621,552.2276611328125,72.69237518310547,112.2290551863301,383.931172655379,0.35268378257751465,0.011602502
14,1,-1.0063147216530615,35.01345812451963,1.1690338850021362,2.051046848297119,405.032958984375,-57.07183837890625,0.28502121567726135,0.95492023229599,228456.890625,2.0879743099212646,734.077392578125,72.3479995727539,-59.23738433907526,-407.34543826580597,0.2845543622970581,0.7341521
14,1,-1.1637164324275024,26.487680380921734,1.0072541236877441,1.9311237335205078,105.5428695678711,-356.3960266113281,0.25410571694374084,5.652644634246826,235742.171875,1.9677367210388184,688.1104125976562,47.199867248535156,-359.46352491286365,-105.76348314268031,0.2533656358718872,0.9109159
14,1,-0.9445059033518606,33.85569388956755,1.1098819971084595,1.8261960744857788,-286.3637390136719,176.3246307373047,0.22970888018608093,5.267664909362793,160087.453125,1.8403651714324951,375.09942626953125,42.622554779052734,175.07167975204862,290.4013387608815,0.23148563504219055,0.29626653
14,1,-1.1483721838930547,45.21410639335688,1.1495834589004517,2.0471105575561523,-1.9262712001800537,-400.6395568847656,0.21084728837013245,3.8839566707611084,184847.8125,2.118638515472412,620.9197998046875,44.12272644042969,-399.76100137191355,3.0874491534471344,0.21331186592578888,0.01902812
14,1,-1.4105739321489181,29.906977635014442,1.1229674816131592,1.9392293691635132,-11.767529487609863,-402.9403381347656,0.46765363216400146,2.092118978500366,163641.734375,2.1184418201446533,919.2001342773438,35.713706970214844,-402.0430574439736,8.372185652258263,0.46903619170188904,0.89097756
14,1,-1.2221859642238513,37.92995113057536,0.9624656438827515,2.105597972869873,138.0718994140625,-361.14697265625,0.4081273674964905,1.4848790168762207,162863.15625,2.21107816696167,905.8504638671875,54.30874252319336,-361.4928794408072,-141.45651687828118,0.40624332427978516,0.86514103
14,1,-1.450358050691837,38.69223901160074,1.1604082584381104,1.9417024850845337,-258.96075439453125,278.68353271484375,0.5222840905189514,4.793941020965576,169420.140625,2.0216243267059326,587.1461181640625,20.815462112426758,279.1967378742527,265.58784530877296,0.5237613916397095,0.37986314
14,1,-1.104732805513724,41.267801259212234,1.1649430990219116,1.9619659185409546,-137.9615936279297,369.8981628417969,0.3724958300590515,2.7497217655181885,168720.140625,2.016225576400757,528.225341796875,41.503562927246094,372.70486779847187,137.4567927886214,0.3765929341316223,0.1038876
14,1,-1.058775343016943,47.008547562112746,1.1615370512008667,2.026742458343506,343.4189147949219,-170.42996215820312,0.39671698212623596,0.7791407108306885,170545.046875,2.142224073410034,686.1272583007812,59.92783737182617,-175.00974676505552,-345.0840778759091,0.39800262451171875,0.029112073
14,1,-0.9050061674947019,46.893646800253414,1.178383231163025,2.046395778656006,-125.8294677734375,-339.7970275878906,0.33454734086990356,4.596160888671875,183119.0,2.143972158432007,634.0782470703125,78.9107437133789,-340.66446308682896,127.98990304752506,0.3363313376903534,0.014125847
14,1,-1.0671397572467405,43.25060565740215,1.0168510675430298,2.0757431983947754,322.79791259765625,175.27993774414062,0.28265056014060974,0.5107482075691223,193403.890625,2.163914203643799,725.1270141601562,62.126033782958984,170.4078953912903,-322.38917342210505,0.28102347254753113,0.33145902
14,1,-1.0112637206042914,46.679222707262255,1.1965744495391846,2.064896583557129,237.68783569335938,276.4604797363281,0.44221651554107666,3.209502696990967,223066.71875,2.2332072257995605,832.543701171875,81.12277221679688,279.6870515396207,-237.4918350883579,0.44388899207115173,0.03657309
14,1,-1.2071698178431014,41.15553061663031,1.048828125,2.0741260051727295,-326.6561279296875,-88.73211669921875,0.1972506195306778,3.609642744064331,192701.453125,2.114696979522705,641.1463623046875,39.79113006591797,-89.36675185379514,325.6975760139275,0.19951443374156952,0.30060333
14,1,-0.7640174254363131,41.41024589328902,1.1768934726715088,2.0728225708007812,-201.1255340576172,-258.9940490722656,0.24967211484909058,0.0974297747015953,222201.59375,2.155910015106201,748.2933959960938,128.8410186767578,-262.9369597967924,200.96194407688736,0.2379818558692932,0.18062513
14,1,-1.0433895777846744,45.07734700011723,1.155376672744751,2.048971652984619,-372.3450622558594,-156.00045776367188,0.30239564180374146,4.7914652824401855,202292.203125,2.1482937335968018,669.2725830078125,60.56374740600586,-156.62742259769465,374.78968533190294,0.30411994457244873,0.031704538
14,1,-1.1326942805508229,35.552845675270795,1.1722476482391357,2.0452091693878174,-146.65562438964844,309.2305908203125,0.2127675861120224,0.6950843930244446,224984.125,2.1594278812408447,904.4718627929688,66.63465118408203,307.6370172894405,145.1197284260671,0.21409884095191956,0.6188914
14,1,-1.6250049208113766,43.712836077768394,1.1418136358261108,2.0988919734954834,-332.0110778808594,-207.82974243164062,0.4398409426212311,5.924297332763672,172305.515625,2.245222568511963,877.21435546875,20.801694869995117,-211.73941396918852,334.3284733108128,0.43958422541618347,0.20061895
14,1,-1.1152911521106652,44.73808180533565,1.118335485458374,2.110508680343628,-159.12997436523438,381.2695617675781,0.34609028697013855,2.8384580612182617,192551.75,2.1599526405334473,693.8152465820312,53.20492935180664,384.415195553763,158.44035628519777,0.3459082245826721,0.15337647
14,1,-0.761621699813027,45.952281016990376,1.0963836908340454,1.9672561883926392,-249.7595977783203,-208.90939331054688,0.39100372791290283,0.11517348140478134,176688.90625,2.0516934394836426,533.47802734375,92.36222076416016,-213.0420212525764,249.1303046758242,0.389989972114563,0.04428705
14,1,-1.0043641660069624,38.86354179008467,1.1725852489471436,2.0609588623046875,-49.43062210083008,401.098388671875,0.44493818283081055,3.1886143684387207,223066.71875,2.2411649227142334,978.7963256835938,96.90087890625,403.73403369389104,49.69975451278365,0.44388899207115173,0.5586034
14,1,-1.1626443101851271,46.72515739427947,1.1497530937194824,2.0983192920684814,-336.0378112792969,28.59981346130371,0.5030958652496338,0.7700732946395874,216795.203125,2.2530994415283203,868.5795288085938,59.72615432739258,25.050988833464967,334.58279250010816,0.5075692534446716,0.13397092
14,1,-1.1516988043705618,29.614074414797066,1.1932158470153809,2.0991721153259277,-328.6044616699219,166.0387725830078,0.23647984862327576,0.0875130370259285,222201.59375,2.1448020935058594,1081.1153564453125,76.23820495605469,163.38231711522252,327.4723072161821,0.2379818558692932,0.89726734
14,1,-1.1877860313281672,41.60178725211193,1.0886050462722778,2.104097604751587,278.4892883300781,-200.65646362304688,0.41977575421333313,3.5297012329101562,206769.640625,2.2312445640563965,868.192138671875,56.341583251953125,-196.14724994276443,-277.0419470701463,0.41915884613990784,0.51740956
14,1,-0.7170456291868581,45.63575225391513,1.1793373823165894,2.105181932449341,344.9184265136719,74.18877410888672,0.2904405891895294,3.1875216960906982,182974.25,2.0668368339538574,542.9932861328125,104.17137908935547,77.84709178142315,-344.3474009756899,0.2865702509880066,0.042215623
14,1,-0.8938249083074126,33.104146918159756,1.0394858121871948,2.0426366329193115,-271.1472473144531,295.23651123046875,0.27210062742233276,2.1622109413146973,207363.671875,2.060171365737915,685.372802734375,87.5188217163086,296.8313010961328,269.5159305995205,0.2707298696041107,0.8759581
14,1,-1.2331458116819667,36.052590272913505,1.1611342430114746,2.0500411987304688,239.17941284179688,-288.1077880859375,0.48753800988197327,4.88375997543335,188224.09375,2.253506898880005,1165.4237060546875,68.12984466552734,-289.36608787765925,-234.44325311776836,0.48798495531082153,0.7639265
14,1,-1.0811782440093056,44.96294283433219,1.1548717021942139,2.0897061824798584,150.1837158203125,387.2887878417969,0.4493921101093292,1.1392375230789185,189348.4375,2.165781259536743,694.5673217773438,57.61497116088867,385.1673052826845,-153.4455918397493,0.44963338971138,0.16663083
14,1,-0.9655918827653864,45.26233857554926,1.1887776851654053,1.9906343221664429,-71.53959655761719,-381.03656005859375,0.3557857275009155,0.716166615486145,181031.125,2.0954065322875977,596.1752319335938,64.53292846679688,-383.62525162418154,70.47730075875793,0.3548830449581146,0.023633072
14,1,-1.1821795085518316,46.38014972363519,1.1845505237579346,2.0728163719177246,352.2493896484375,27.53838348388672,0.46807581186294556,3.0939979553222656,190354.734375,2.1933491230010986,771.8053588867188,50.737308502197266,31.083509718790253,-351.03534552797515,0.4684089422225952,0.05942287
14,1,-1.113372042978581,34.57770240640818,1.1653929948806763,2.0596044063568115,-335.3519287109375,-181.55258178710938,0.5174391865730286,1.6573395729064941,215935.640625,2.2683534622192383,1167.3450927734375,89.91387939453125,-183.1833669201674,332.0164079859541,0.5142958760261536,0.8543081
14,1,-0.7800166020677658,48.59611052671389,1.1658962965011597,2.0088095664978027,-108.05735778808594,332.2474060058594,0.37115657329559326,0.06165485829114914,173721.1875,2.0533807277679443,504.45257568359375,83.7149887084961,328.99313461159585,108.92357883419865,0.37014126777648926,0.011422156
14,1,-1.086269621350141,48.10307615816349,1.1778687238693237,2.03847336769104,-173.35386657714844,343.18707275390625,0.46827709674835205,3.1015851497650146,190354.734375,2.1989948749542236,766.9751586914062,62.87977600097656,346.85855096213714,174.05176691162703,0.4684089422225952,0.021462241
14,1,-0.9799398020041767,32.615636259415666,1.1340810060501099,2.006279945373535,-16.229978561401367,-331.3076477050781,0.32966965436935425,2.664836883544922,234232.125,2.0796303749084473,794.980224609375,83.25608825683594,-327.54280583478027,14.221871560011818,0.3332855701446533,0.8363174
14,1,-0.6292129292353753,42.83642384441005,1.0718830823898315,2.065333127975464,-355.86492919921875,-101.2631607055664,0.3486848771572113,0.51641446352005,208528.359375,2.2034664154052734,803.0010986328125,188.58319091796875,-105.07452332477666,354.6830787804442,0.3500617742538452,0.3202828
14,1,-1.1908890128924834,31.469546216976198,1.1960227489471436,2.081393241882324,0.1769634187221527,-377.1307373046875,0.21620413661003113,6.201172351837158,186601.171875,2.130115509033203,996.830078125,64.22904205322266,-378.558373993782,-0.49634675807557177,0.2107127457857132,0.81561255
14,1,-1.1233576135384575,40.774572224079826,1.175732135772705,1.9044033288955688,-258.8316650390625,-319.68853759765625,0.5203762650489807,2.653367519378662,181102.734375,2.1491451263427734,748.8886108398438,56.371402740478516,-312.25329934966805,259.353050903746,0.5169993042945862,0.14470246
14,1,-1.2178064854490247,37.45909032791183,1.1403619050979614,2.009288787841797,-345.51861572265625,22.930910110473633,0.46701744198799133,2.1650948524475098,165074.015625,2.1771903038024902,829.7394409179688,50.24980545043945,24.029899831692543,341.2203713417317,0.46430402994155884,0.6686552
14,1,-0.9196259902859338,48.42893617603081,1.1554139852523804,2.0974886417388916,-78.26544189453125,409.3733825683594,0.4335823953151703,5.700819492340088,195081.59375,2.2197327613830566,682.7984619140625,82.16105651855469,405.8466447087495,82.05632058641962,0.43477678298950195,0.028003225
14,1,-1.0567330165037019,46.640049445201605,1.1751221418380737,2.0254995822906494,-217.4800567626953,255.9380645751953,0.4009675681591034,2.231753349304199,167866.0625,2.163738489151001,692.2495727539062,60.74757766723633,256.55301742004093,214.90261159486414,0.3990913927555084,0.025230028
14,1,-0.942251258103167,48.53544069322056,1.1963621377944946,1.8213865756988525,192.66050720214844,-330.4095153808594,0.29931214451789856,4.495802402496338,167259.015625,1.8696544170379639,342.1861877441406,39.084999084472656,-330.479079765665,-192.6270199972679,0.3021301031112671,0.00032094785
14,1,-0.8603111087352531,44.88774674420911,1.1922733783721924,2.065333127975464,-390.6170349121094,-121.20472717285156,0.3504009246826172,0.18852992355823517,198146.234375,2.196668863296509,776.6901245117188,107.1362075805664,-127.94888284211224,390.7291317914251,0.34636759757995605,0.06439371
14,1,-0.6494597939542877,41.01247847530313,1.158998727798462,1.9670737981796265,-153.00340270996094,-334.7047424316406,0.49323976039886475,5.274257183074951,164065.171875,2.129070520401001,730.4146728515625,163.722900390625,-339.77566845847224,159.0305568396533,0.49330201745033264,0.19254673
14,1,-1.23733781937657,43.45005829376901,1.0893629789352417,2.08634352684021,411.89996337890625,-62.72715377807617,0.35316917300224304,5.501821517944336,239233.75,2.2333664894104004,866.947509765625,50.19426727294922,-64.14761175565916,-410.10538205522784,0.3530750274658203,0.20086287
14,1,-1.074343000201487,38.828934414670115,1.0816088914871216,1.989869236946106,-130.85894775390625,-345.4827575683594,0.37143591046333313,4.605937480926514,202551.78125,2.135033130645752,754.97509765625,63.61930847167969,-344.89115052732456,134.71808656869118,0.3744807243347168,0.45853892
14,1,-0.8417729271391282,28.02086082138724,1.0917197465896606,2.0762736797332764,-257.25927734375,-275.3749084472656,0.2869560122489929,5.961977481842041,204826.109375,2.126143455505371,953.194091796875,137.21705627441406,-279.3588455069816,259.4354773405485,0.28529247641563416,0.9098682
14,1,-0.9981068587978082,27.02300276889156,1.1410269737243652,1.8244638442993164,287.6651916503906,-197.27159118652344,0.3614543378353119,6.14813232421875,184138.90625,1.9734241962432861,770.41357421875,77.37782287597656,-200.70515895265842,-287.6127035320068,0.3625764846801758,0.8574795
14,1,-1.1725765873364873,36.980393642797466,1.0882482528686523,2.08634352684021,-336.1716003417969,239.4029541015625,0.3519391119480133,5.496809482574463,239233.75,2.2302167415618896,945.9505615234375,63.57570266723633,237.44487702055213,336.3646779181953,0.3530750274658203,0.74284655
14,1,-0.7410697204172964,36.39474807401211,1.135334849357605,1.8575612306594849,129.75827026367188,-331.11712646484375,0.2571338415145874,1.9895275831222534,171794.140625,1.863890528678894,412.1819152832031,74.82015991210938,-330.1396556196881,-131.850049730762,0.2545327842235565,0.18969893
14,1,-0.43651885116391664,47.41821789427554,1.1819438934326172,1.927819013595581,-344.8533935546875,162.8655242919922,0.35292693972587585,3.7975716590881348,204035.59375,2.0438451766967773,552.9842529296875,202.3921661376953,163.24803916035648,346.97745861355503,0.35371342301368713,0.0031729047
14,1,-1.2495525464815411,33.46218597188755,0.9879943132400513,1.9573640823364258,-237.15487670898438,-242.77073669433594,0.2623036801815033,2.70176100730896,192134.484375,1.9929428100585938,572.9345092773438,32.2515869140625,-241.357505656896,237.43765442877583,0.2603670358657837,0.8433558
14,1,-0.9768148587367256,49.81635018267636,1.1633024215698242,2.0261127948760986,-56.746402740478516,-412.92950439453125,0.521005392074585,3.900742530822754,234324.25,2.2297608852386475,723.0991821289062,76.27503967285156,-408.8373735369723,58.94395222554904,0.5189790725708008,0.013657799
14,1,-0.9319980764652896,45.70250839403849,1.1092509031295776,1.96408212184906,309.3033752441406,228.16600036621094,0.4157838225364685,1.8326276540756226,169931.953125,2.081765651702881,579.6109008789062,67.78565979003906,230.04443334300848,-313.8537605885596,0.4186011552810669,0.03980116
14,1,-0.9778770921392894,39.14688886873514,1.0793001651763916,2.014357805252075,59.363582611083984,377.69464111328125,0.4176200032234192,1.8303167819976807,169931.953125,2.0630061626434326,625.695556640625,65.83931732177734,378.55595216750845,-63.62605365399922,0.4186011552810669,0.5962618
14,1,-1.4883812270339565,38.71165390874275,1.1429857015609741,2.087214231491089,-365.27288818359375,205.9901123046875,0.4947751462459564,3.475555419921875,165615.984375,2.1990511417388916,875.7442626953125,28.44425392150879,209.14487450940968,363.5896074120163,0.4997157156467438,0.70418686
14,1,-1.4488565682603844,40.237501109448985,1.1766594648361206,2.0885753631591797,-1.5649774074554443,334.396484375,0.35266730189323425,4.7253642082214355,214494.65625,2.2083499431610107,944.7449951171875,33.60908889770508,333.3872507284697,3.755948275215808,0.3523087203502655,0.33600238
14,1,-1.325060581884502,36.30501921544146,1.1240419149398804,2.0568459033966064,403.35296630859375,31.51656723022461,0.4994930028915405,5.861668109893799,196226.84375,2.2479915618896484,1064.7838134765625,50.373252868652344,25.694918373722317,-401.3900998227868,0.5015360713005066,0.78539836
14,1,-1.1570548079825684,44.22252373859256,1.1151024103164673,2.000455856323242,232.86672973632812,-260.75604248046875,0.5104095339775085,5.222077369689941,230924.109375,2.185258626937866,798.8732299804688,55.64450454711914,-265.1470517432246,-228.5830602813183,0.5107666850090027,0.12417597
14,1,-1.1097622195376209,37.431690248443125,1.0913254022598267,1.992717981338501,210.82447814941406,331.279296875,0.33799394965171814,5.293459415435791,162714.15625,2.080472469329834,646.6864624023438,50.22624206542969,330.2851805839542,-207.52508195905347,0.3351341485977173,0.5270225
14,1,-0.9993127281709392,36.41905006834538,1.058987021446228,2.0567102432250977,3.8437235355377197,-376.56781005859375,0.22751979529857635,2.649259090423584,194115.53125,2.131779432296753,786.9276123046875,78.81729125976562,-374.5044354801197,-5.774596870467861,0.22644378244876862,0.72808444
14,1,-1.1593941041820748,32.20647219433208,1.153396487236023,1.9900282621383667,-203.15365600585938,-302.4692077636719,0.336782306432724,5.26708459854126,162714.15625,2.1364123821258545,886.2716064453125,61.400516510009766,-305.69149679400607,205.31488976309885,0.3351341485977173,0.8031717
14,1,-1.0046179395164903,41.58526437031683,1.1740776300430298,2.036423921585083,248.01583862304688,338.6624450683594,0.38381484150886536,4.831516742706299,182834.625,2.180417060852051,758.1486206054688,75.01287841796875,338.04089115051454,-244.62338603048818,0.3815150856971741,0.16010173
14,1,-1.1076512406320838,44.39974325741709,1.1987245082855225,1.9090220928192139,218.5198974609375,337.8736572265625,0.42763233184814453,2.934638500213623,168837.328125,2.015805721282959,476.8467712402344,37.215721130371094,341.7346237169823,-218.76827023355938,0.43266162276268005,0.013569877
14,1,-0.8233520960499847,41.06518757814188,1.0262120962142944,1.9170563220977783,182.49728393554688,-302.6558532714844,0.5015455484390259,0.16382096707820892,204153.171875,2.087158679962158,638.7059326171875,95.92866516113281,-307.71942104130085,-184.27407593288376,0.4996556341648102,0.42510146
14,1,-0.9170504256578726,47.6296020823393,1.1667693853378296,2.0314557552337646,319.8502502441406,-188.17514038085938,0.3895930349826813,5.210951328277588,247923.296875,2.1443588733673096,663.1453857421875,80.27083587646484,-190.108590013749,-316.5658615553715,0.3924931585788727,0.012984868
14,1,-1.1821184456686717,40.55309480438661,1.058655858039856,2.042015790939331,-366.6855773925781,-102.34291076660156,0.4817667305469513,1.787543535232544,182074.046875,2.2368831634521484,894.3038940429688,58.798458099365234,-100.195566841395,362.0602558902044,0.4824956953525543,0.62858975
14,1,-1.3791268375716284,47.224328340040714,1.1687018871307373,2.028921365737915,-41.240482330322266,-331.7943420410156,0.3369569480419159,1.1124428510665894,162840.28125,2.15989351272583,675.9640502929688,28.235483169555664,-333.0043760502518,39.60857797342154,0.3358500003814697,0.017049626
14,1,-0.7425222852609575,46.43028628772532,1.1654863357543945,2.0089681148529053,316.98974609375,201.386962890625,0.3371850848197937,2.6613664627075195,244497.234375,2.054288625717163,519.3484497070312,93.95850372314453,203.56857240569343,-319.0447766532273,0.33428308367729187,0.015858738
14,1,-0.7659207725728683,38.35239670032665,0.9980251789093018,1.9553475379943848,317.1357421875,-236.4035186767578,0.3369658589363098,2.6632351875305176,244497.234375,2.0386176109313965,563.9849243164062,96.68214416503906,-232.03114955830873,-317.6300569052908,0.33428308367729187,0.5889006
14,1,-1.049827636928688,43.525749564607466,1.1051008701324463,1.9869416952133179,-45.492366790771484,-383.71954345703125,0.45581305027008057,0.191024050116539,213418.296875,2.155670642852783,737.9654541015625,65.79724884033203,-388.9377569541618,43.901068530925734,0.45156025886535645,0.17839314
14,1,-1.1364012298829032,44.476277459485566,1.1652706861495972,2.089862585067749,278.6785888671875,-228.0845947265625,0.4291202425956726,5.968593120574951,187543.359375,2.223276376724243,929.449462890625,67.89282989501953,-232.27062463695916,-277.646250751834,0.4245547950267792,0.109799
14,1,-1.574869719581448,25.447622394871427,1.18828284740448,2.0660595893859863,-337.0979919433594,176.8145751953125,0.2759990394115448,5.532754898071289,175728.390625,2.0937325954437256,1118.429931640625,29.767173767089844,173.95734048347023,340.2181174851089,0.27281370759010315,0.91154283
14,1,-0.9047437102689052,45.97744883140704,1.1084251403808594,2.089862585067749,50.84257888793945,335.7968444824219,0.4311004877090454,4.493744850158691,187919.09375,2.2250468730926514,783.4700317382812,97.56144714355469,337.1409358341487,-45.3933584232249,0.4299214780330658,0.11451667
14,1,-0.6712131849004339,46.04637006643216,1.1664044857025146,1.9945117235183716,335.50445556640625,110.66649627685547,0.32691991329193115,0.829022228717804,190865.40625,2.137155294418335,640.0230712890625,136.45269775390625,108.70601463249695,-336.2952212679882,0.3264085650444031,0.018335348
14,1,-1.3220906282140157,37.65937180756676,1.154282569885254,2.0794925689697266,-218.00120544433594,-353.3909606933594,0.21559980511665344,0.35681721568107605,172369.03125,2.165961980819702,823.1075439453125,39.20711135864258,-356.329865174201,216.64816591191916,0.2145172357559204,0.5371714
14,1,-1.1765893593392722,38.05276786895825,1.1284924745559692,2.0758135318756104,-10.399222373962402,408.763427734375,0.4298422932624817,4.499396324157715,187919.09375,2.1916756629943848,841.3013916015625,56.022369384765625,409.13450841623853,13.256805314200378,0.4299214780330658,0.68443096
14,1,-1.0209907971305134,43.93199943938737,1.1864293813705444,2.0663862228393555,392.0849304199219,-88.22944641113281,0.327758252620697,0.8214006423950195,190865.40625,2.184014320373535,758.6658935546875,72.28682708740234,-90.55035709683105,-395.73175441731877,0.3264085650444031,0.08304834
14,1,-1.1235187765422043,40.78626395053465,1.1308989524841309,2.075348377227783,-302.24365234375,106.20513916015625,0.3117702603340149,1.4187661409378052,206799.171875,2.121833562850952,679.1295166015625,51.10142135620117,105.01734583568212,299.4384818013614,0.3116833567619324,0.36085662
14,1,-0.8029300457676535,48.39882170831054,1.1957508325576782,1.8067691326141357,-109.02903747558594,362.91229248046875,0.4680766761302948,6.183920860290527,180207.640625,1.9375324249267578,361.9290771484375,56.97609329223633,359.8251761411178,108.74839407022476,0.466098427772522,0.000695488
14,1,-0.9235032033929534,33.41127189895912,0.9952964186668396,2.003455638885498,-338.1153869628906,-202.96755981445312,0.3612348735332489,0.7730242609977722,216060.78125,2.0678446292877197,695.000244140625,82.8860092163086,-206.03736513230342,336.41622549341156,0.3611663281917572,0.88939476
14,1,-1.1708732593598172,37.79470805496396,1.0191571712493896,2.0015668869018555,271.28314208984375,175.26275634765625,0.3385559618473053,5.6854448318481445,181323.40625,2.1031813621520996,702.0584716796875,47.36953353881836,172.7529389851735,-269.11439974250203,0.3370990753173828,0.6326636
14,1,-1.0935918849350104,31.124990872824704,1.167302131652832,1.9737470149993896,-304.8908386230469,-231.01380920410156,0.360760897397995,0.7682985067367554,216060.78125,2.074641704559326,858.6304931640625,69.2171630859375,-234.5255718003315,303.0239499568337,0.3611663281917572,0.85690403
14,1,-1.1771220379851068,35.69841068513752,1.0825215578079224,2.002901554107666,-350.7320861816406,135.62368774414062,0.2058689296245575,5.049483776092529,170965.9375,2.1341590881347656,801.8717041015625,53.33128356933594,134.0605727840362,351.70634458473165,0.20135685801506042,0.5860565
14,1,-0.8322605835700083,40.32605724764383,1.1340283155441284,2.0340611934661865,217.63955688476562,346.5279541015625,0.21014772355556488,2.2924888134002686,194372.3125,2.151756763458252,730.0359497070312,107.4195327758789,347.34648021601606,-219.00657911678667,0.21246375143527985,0.18054639
14,1,-1.0466229014460164,44.89076904146637,1.149538278579712,2.005406379699707,-245.77223205566406,-229.2088623046875,0.3297785520553589,3.7756502628326416,162774.609375,2.1136982440948486,616.0716552734375,55.33597183227539,-227.35483688753405,248.4063223740597,0.3281022310256958,0.02880843
14,1,-1.0667895565421,40.8255732445321,1.053808331489563,1.9453006982803345,-344.7240905761719,192.8325958251953,0.5064238905906677,3.8597424030303955,199787.53125,2.1070587635040283,662.9674682617188,56.84626007080078,196.39988836214206,349.56133502170746,0.509134829044342,0.39393404
14,1,-1.6823933735843333,47.08394140228661,1.1606839895248413,2.0885753631591797,28.326087951660156,-405.5314636230469,0.351334810256958,1.8182992935180664,184752.4375,2.204744577407837,748.2221069335938,15.546562194824219,-405.3136556682952,-32.574014430235174,0.35327279567718506,0.038575776
14,1,-0.7616605253702359,43.63893783034725,1.0354959964752197,2.081636428833008,-198.3168182373047,-342.4936828613281,0.4935057759284973,5.9420166015625,227720.828125,2.2492167949676514,840.0673828125,145.4297637939453,-346.53567914353084,200.74211621437343,0.4938789904117584,0.4091687
14,1,-1.2767246633482987,40.709509326991515,1.1938852071762085,1.9888044595718384,-142.016845703125,350.09368896484375,0.4783112108707428,5.090880393981934,178630.84375,2.052441358566284,609.427001953125,32.22520446777344,349.01475883790994,147.91761475588268,0.4769201874732971,0.18912867
14,1,-0.9471024323157577,32.00910210816999,1.193280577659607,2.008786201477051,-295.0625915527344,229.6710662841797,0.22972476482391357,2.9573121070861816,165678.109375,2.0384438037872314,740.9257202148438,83.68964385986328,231.71645870366322,295.7845671738944,0.23320873081684113,0.7689041
14,1,-0.6477723324304723,45.23061135613447,1.1200400590896606,2.05428147315979,223.7718505859375,252.11476135253906,0.2946934103965759,5.005314826965332,189379.859375,2.159184694290161,709.018798828125,159.54571533203125,250.4000630248482,-220.78971275701716,0.2968425452709198,0.041702393
14,1,-0.6963879733202715,41.42482744701694,1.1641910076141357,1.9974735975265503,-73.99425506591797,-376.8125305175781,0.25138059258461,3.489375352859497,197760.265625,2.0519309043884277,578.909423828125,116.47219848632812,-375.86404719056765,76.11325303649143,0.24889685213565826,0.06522233
14,1,-1.1160925702906748,43.471640208942944,1.1763824224472046,2.017202377319336,-16.580589294433594,-368.59417724609375,0.29373815655708313,5.918427467346191,232410.25,2.1125173568725586,671.6297607421875,51.408687591552734,-370.8930886075692,18.228467103877513,0.29332220554351807,0.02938799
14,1,-1.1193244905157422,38.484267964179935,1.1791726350784302,1.8588756322860718,367.24896240234375,164.28060913085938,0.416976660490036,0.873059093952179,182076.84375,1.9828218221664429,531.2236328125,40.36006164550781,162.25894009216083,-370.4784430313674,0.42003774642944336,0.14743088
14,1,-0.8109939142766293,49.32374452570484,1.161766767501831,2.1057751178741455,56.41759490966797,317.8810119628906,0.45851418375968933,0.0667920857667923,246432.421875,2.1917836666107178,699.924072265625,108.1574935913086,312.7505513347212,-56.73613354419469,0.45740360021591187,0.042696636
14,1,-1.225636440647895,45.60526106034594,1.178008794784546,1.9321671724319458,-345.22259521484375,82.28758239746094,0.48005545139312744,2.5634992122650146,172399.796875,2.107405662536621,607.5592041015625,36.136905670166016,87.17669049953355,343.24995193612773,0.47383615374565125,0.019753257
14,1,-1.076356264900657,34.42903417572157,1.027038812637329,1.9937940835952759,-86.88821411132812,-334.46148681640625,0.4157995581626892,5.578446388244629,173958.703125,2.065767765045166,707.8535766601562,59.372650146484375,-337.2880107676063,89.66853287205163,0.41502296924591064,0.8398126
14,1,-1.1090047035184027,47.16445152438097,1.1706756353378296,2.0370490550994873,189.15798950195312,322.5294494628906,0.29632651805877686,3.0420279502868652,160093.5,2.068453311920166,541.2330322265625,42.109352111816406,326.3680569819899,-191.24894108089651,0.29579421877861023,0.011435722
14,1,-1.5157672196070282,30.40962158852822,1.1763466596603394,2.071147918701172,165.43760681152344,-277.9792785644531,0.3757581412792206,1.4644979238510132,168410.984375,2.1540322303771973,1097.9735107421875,33.4829216003418,-278.894536061703,-169.34090511640727,0.37327826023101807,0.8963725
14,1,-0.7859557563161069,39.4508280007481,0.9934894442558289,2.009948968887329,375.3826904296875,-105.37086486816406,0.36194518208503723,0.6735512614250183,184219.921875,2.1657230854034424,798.30712890625,130.6814422607422,-107.4832917211925,-377.4441155831957,0.36399275064468384,0.6621771
14,1,-1.0911486863650386,46.07613631423366,1.1147246360778809,2.106219530105591,-371.7200622558594,-145.80287170410156,0.4844661056995392,5.187428951263428,244308.09375,2.2494654655456543,793.8833618164062,64.35871124267578,-148.7894297553898,376.30306541877445,0.484860897064209,0.15032116
14,1,-1.2303989995347449,48.535551990558666,1.1804852485656738,2.068037509918213,-219.43096923828125,246.78004455566406,0.4694947302341461,6.261149883270264,222487.25,2.229748249053955,776.593505859375,45.6871223449707,242.840834506434,219.56346010366144,0.4677934944629669,0.017756298
14,1,-1.218934909790164,49.51921304158392,1.1770368814468384,2.0815460681915283,-199.73117065429688,-336.9512023925781,0.3865208923816681,3.7871925830841064,242939.09375,2.198424816131592,726.9066772460938,43.90790939331055,-334.6769374554227,200.1961231246487,0.3830564320087433,0.0113452785
14,1,-0.9792189662359296,40.95656375217766,1.1387335062026978,2.021883726119995,322.1076354980469,-260.3115539550781,0.21261264383792877,5.57253885269165,164234.171875,2.0909817218780518,629.3880004882812,66.02354431152344,-261.2164009458882,-321.976007702478,0.21183477342128754,0.08615329
14,1,-1.0922779223983041,48.12246790691764,1.1936613321304321,2.0632245540618896,388.1878967285156,-115.87528991699219,0.28485772013664246,5.3697590827941895,202998.265625,2.1406941413879395,619.069580078125,50.056522369384766,-119.26014644345312,-386.1779618857031,0.28270405530929565,0.0059572863
14,1,-1.0224165557975327,46.53109054599846,1.0834017992019653,1.975901484489441,-197.43978881835938,-350.50750732421875,0.42785578966140747,0.12580326199531555,189928.078125,2.1412901878356934,661.2377319335938,62.79721450805664,-353.2348776633097,196.46070525633374,0.4287933111190796,0.053654794
14,1,-1.1137818440186709,46.081939080297865,1.1611768007278442,2.089315414428711,-231.0855712890625,261.3496398925781,0.18642114102840424,4.095809459686279,171320.078125,2.1645925045013428,699.3806762695312,53.818424224853516,261.2158381254103,232.45562471800415,0.18721668422222137,0.01622238
14,1,-1.057610742261387,34.678352990575334,0.9479459524154663,2.0226566791534424,334.35211181640625,31.9238338470459,0.17462313175201416,4.408411979675293,226371.734375,2.0044021606445312,615.635498046875,53.91530990600586,31.93456129970021,-334.1326622255319,0.17493431270122528,0.8299292
14,1,-1.0715835274850565,46.29389055743523,1.1416794061660767,2.0414698123931885,-280.29827880859375,-265.3887023925781,0.429000586271286,0.12673094868659973,189928.078125,2.2006380558013916,745.9178466796875,63.256736755371094,-269.9145617258782,279.3343776868301,0.4287933111190796,0.07039613
14,1,-0.9171924764324988,45.81053398782527,1.1559410095214844,1.8906890153884888,-148.62722778320312,-313.1632995605469,0.4646051228046417,1.798571228981018,164790.6875,1.9893440008163452,440.3240661621094,53.281829833984375,-311.973135277777,144.09259868611719,0.46187934279441833,0.0136764655
14,1,-1.3584204386125325,32.412167840705095,1.1843668222427368,2.002166748046875,-373.850341796875,17.582429885864258,0.2826206684112549,5.280799865722656,179593.75,2.0416083335876465,761.048583984375,33.341922760009766,16.078781143735686,376.397909043688,0.2854808568954468,0.7472052
14,1,-1.5400507012458993,37.04765890295206,1.1965858936309814,2.025050163269043,354.9793701171875,-201.96055603027344,0.17752623558044434,5.62945556640625,180742.75,2.1150920391082764,754.4375,21.75557518005371,-203.18565750986946,-353.6427028660593,0.17746758460998535,0.21839699
14,1,-1.0756939503898386,36.852623402662374,1.196790099143982,2.062844753265381,88.05101776123047,386.25244140625,0.46297064423561096,1.5436524152755737,177465.75,2.2223944664001465,1089.2830810546875,91.50531768798828,386.0435287157029,-92.16286122488556,0.4622185528278351,0.7208182
14,1,-0.9951028437911867,43.68254409502248,1.1730058193206787,2.0420963764190674,-92.4646224975586,331.00347900390625,0.30339691042900085,0.6276684403419495,241343.703125,2.1506714820861816,716.6337890625,72.47593688964844,329.3484767231527,91.13025071918933,0.3021414875984192,0.07088372
14,1,-0.7973177453856463,47.78614756167064,1.1447997093200684,2.013963222503662,-309.5649719238281,-178.3441162109375,0.183486208319664,6.022893905639648,182871.53125,2.048447608947754,506.505615234375,80.77295684814453,-180.24404779064952,310.5173425473909,0.18186651170253754,0.0029642028
14,1,-1.3842078082110876,45.76411916001155,1.184352159500122,2.0672993659973145,294.1184997558594,-196.7900848388672,0.26720044016838074,5.236703872680664,160289.140625,2.115622043609619,647.45458984375,26.730056762695312,-198.3195950222887,-292.101539090971,0.2651910185813904,0.01664551
14,1,-1.601769651840148,41.9364998957295,1.187465786933899,2.0790326595306396,88.79768371582031,-337.04156494140625,0.4994761049747467,2.6348536014556885,196615.109375,2.273629903793335,1039.920654296875,26.015302658081055,-332.83431938590746,-90.33146788839912,0.5010038018226624,0.35217935
14,1,-0.8090732903478293,46.16257997165098,1.1725142002105713,2.092280149459839,161.7675018310547,-347.2737731933594,0.4405900537967682,5.183650493621826,212027.484375,2.229318618774414,821.9320678710938,127.57403564453125,-350.0641438482176,-157.50210168996026,0.4407605826854706,0.06210884
14,1,-1.067882678017531,49.3709909277365,1.1839624643325806,2.0620205402374268,-122.16192626953125,345.403564453125,0.30124345421791077,4.573256492614746,180363.03125,2.130713939666748,606.67041015625,51.888282775878906,344.8223648215052,124.35089246724249,0.3046081066131592,0.0048022442
14,1,-1.1938996166641205,39.64040828963914,1.0577492713928223,1.9979952573776245,-175.03018188476562,322.00439453125,0.4859806001186371,5.537364482879639,211676.375,2.160309314727783,834.21044921875,53.37958526611328,319.0091255555984,177.3336699259533,0.48938891291618347,0.556532
14,1,-1.6346930814953802,25.44203552483419,1.0971930027008057,2.1124014854431152,-63.56007766723633,-326.984375,0.2993670403957367,2.539299488067627,179447.859375,2.1667323112487793,1114.2579345703125,25.839908599853516,-325.1060632967322,60.52332562673994,0.30209091305732727,0.9416091
14,1,-1.1273302860516685,47.6736585129989,1.1262075901031494,2.0888500213623047,-337.86883544921875,-190.61285400390625,0.38197505474090576,2.0848169326782227,215780.65625,2.208406925201416,728.5909423828125,54.34413528442383,-188.40835784129015,332.5930727120515,0.38191208243370056,0.0485917
14,1,-1.1997726062731675,42.88750557693276,1.1528797149658203,2.043887138366699,-305.892333984375,-235.23709106445312,0.44346344470977783,6.066987037658691,170405.25,2.196317434310913,794.239990234375,50.13930130004883,-239.48107960197464,307.3647380375328,0.4457993805408478,0.15140809
14,1,-1.093937556319694,42.56170994549393,1.139650583267212,1.9422024488449097,213.8098602294922,355.20098876953125,0.2717541456222534,0.060908298939466476,169952.65625,1.99997079372406,499.1965637207031,40.209896087646484,350.12088877638996,-212.9724430366771,0.26926156878471375,0.044089995
14,1,-1.1471352377657602,26.720348314342964,1.1656053066253662,1.938888669013977,258.6439514160156,-207.81710815429688,0.481504887342453,0.6526976227760315,192077.015625,2.055844306945801,988.099365234375,70.41493225097656,-212.23756758858198,-263.2631232445102,0.48200100660324097,0.9130266
14,1,-1.0170628224738956,43.863770628594466,1.1704028844833374,2.10841965675354,-143.6934051513672,-374.44085693359375,0.45553749799728394,1.142438530921936,199978.90625,2.278806686401367,967.29931640625,93.00313568115234,-375.27237300799317,141.49325282523577,0.4565446972846985,0.25656867
14,1,-1.1721832971415345,30.425648379853676,1.1869559288024902,2.1025564670562744,322.2046203613281,-264.3484191894531,0.3849238455295563,2.0900635719299316,215780.65625,2.2321271896362305,1256.555908203125,84.52749633789062,-263.3165185558295,-324.9895353643682,0.38191208243370056,0.8994311
14,1,-1.3305240935336595,44.94876733564777,1.1882894039154053,2.091601610183716,-277.6907653808594,-302.47979736328125,0.43708333373069763,5.917900562286377,172305.515625,2.2417383193969727,796.2479858398438,37.198299407958984,-307.97573368357496,279.3723149966067,0.43958422541618347,0.07972002
14,1,-1.1412466367190945,46.31943430093412,1.1014313697814941,2.098386526107788,-342.7768249511719,210.5225067138672,0.4446457624435425,3.1989686489105225,223066.71875,2.25717830657959,832.7199096679688,60.1522102355957,212.35568518254684,343.97809677686496,0.44388899207115173,0.13837744
14,1,-0.8706126015965526,41.663394279010866,1.1774436235427856,1.9923065900802612,298.9812316894531,-120.55485534667969,0.4984729290008545,3.422942876815796,185048.3125,2.202183961868286,842.771728515625,113.52642822265625,-118.36239257928915,-298.905439239795,0.49874547123908997,0.19887407
14,1,-1.180368101329622,42.856361376172444,1.1576993465423584,2.105597972869873,397.2225341796875,65.24402618408203,0.4073660969734192,4.019407272338867,245805.796875,2.215359926223755,841.138916015625,55.52631378173828,66.0521610306667,-393.8423336418765,0.4075998067855835,0.25326854
14,1,-1.1176348585421079,31.582385916400497,0.997420608997345,2.009220838546753,-118.4454574584961,323.7735290527344,0.43885940313339233,2.069035530090332,166121.765625,2.0665857791900635,723.6906127929688,55.19723129272461,324.18770492939854,115.4061465992868,0.4402955174446106,0.9106723
14,1,-0.9112207371342315,26.702562253682053,1.1290719509124756,2.07586932182312,-309.92999267578125,208.08267211914062,0.2323049157857895,1.118428111076355,221172.78125,2.0604095458984375,839.8739624023438,103.03694152832031,207.19648644299434,308.89947720420406,0.23002876341342926,0.9232257
14,1,-0.9384555946121313,41.60218012658738,1.041522741317749,1.9457954168319702,-284.1212158203125,274.3712158203125,0.462417870759964,2.4781017303466797,190593.46875,2.0680696964263916,552.0528564453125,63.6098518371582,276.55228986141856,282.18319862056654,0.4546873867511749,0.3200745
14,1,-1.1192070727807875,45.22509073713619,1.1709586381912231,1.9421435594558716,-176.53834533691406,380.149658203125,0.43788647651672363,6.209101676940918,204789.671875,2.0427534580230713,503.4342041015625,38.25907897949219,374.05751698932306,177.54762541451055,0.43252822756767273,0.014167091
14,1,-0.9126688891009728,33.819005807727635,1.0849632024765015,2.072277784347534,-92.27397155761719,-357.53607177734375,0.2284829318523407,1.1016730070114136,221172.78125,2.0869524478912354,719.7266845703125,88.0031509399414,-358.05626094527025,91.88996589399189,0.23002876341342926,0.84840846
14,1,-1.0583934889261364,42.83116096630155,1.0317898988723755,1.9691425561904907,317.4742431640625,-119.42642974853516,0.4525602161884308,2.4998397827148438,190593.46875,2.108203887939453,650.0527954101562,56.82695388793945,-115.4151949330975,-320.0329749397048,0.4546873867511749,0.26888368
14,1,-0.8413208410476636,42.2800451375028,1.097438931465149,2.011894464492798,128.9715118408203,378.314208984375,0.37965700030326843,5.089076995849609,160564.0625,2.0682857036590576,546.33154296875,78.7290267944336,374.8974883675543,-122.82960810040825,0.37415021657943726,0.17254792
14,1,-1.1901097108111525,27.40277509313021,1.1452010869979858,2.0544521808624268,250.00914001464844,200.0053253173828,0.2414570152759552,5.303182125091553,229488.65625,2.1420719623565674,1078.8980712890625,69.64181518554688,200.22352555517614,-246.71236228529867,0.24220377206802368,0.902462
14,1,-1.3733031004496057,47.154348732850835,1.1474311351776123,1.9170563220977783,-265.0419616699219,-320.9526672363281,0.5010913014411926,1.2732762098312378,165902.328125,2.0857818126678467,572.4235229492188,24.233301162719727,-321.8782588436549,261.7194877074146,0.49821749329566956,0.015821183
14,1,-1.1902329114838033,44.10159142819633,1.1854331493377686,2.0729727745056152,-257.4910583496094,240.026611328125,0.3740142285823822,1.5117287635803223,213229.515625,2.1800241470336914,784.2388916015625,50.60746765136719,238.57826599160938,252.94188997810525,0.3768221437931061,0.10118579
14,1,-1.0322300209292512,42.15523941520344,1.1878944635391235,2.108224630355835,346.4423828125,-121.95623779296875,0.49438774585723877,4.941277503967285,187564.828125,2.243015766143799,927.89306640625,86.15240478515625,-123.06999088866743,-341.93964530881317,0.49310103058815,0.3439105
14,1,-0.8713694686121636,34.48284030796656,1.1531728506088257,1.9817538261413574,-91.74853515625,-399.7900085449219,0.4346575438976288,5.783406734466553,229698.09375,2.111422538757324,758.948486328125,102.0569076538086,-406.6880598644363,93.70992742713656,0.4352095127105713,0.7273793
14,1,-1.0841894264849747,44.64648438418577,1.1394355297088623,2.0730574131011963,313.15753173828125,-191.18887329101562,0.3208417296409607,4.522399425506592,168630.703125,2.120410919189453,631.4418334960938,52.0167350769043,-190.3636086640694,-310.2236939948664,0.31521734595298767,0.0676146
14,1,-0.9715155546401264,39.91180669675526,1.1924376487731934,2.030496597290039,-220.47373962402344,350.42523193359375,0.5132418274879456,0.3674154579639435,186955.0625,2.1735918521881104,779.1163330078125,83.1928939819336,346.50322331245445,219.29750268200877,0.517390787601471,0.4817365
14,1,-1.0138748175260444,25.351160298593197,1.151557445526123,1.9993221759796143,-337.8655700683594,-17.590621948242188,0.31730949878692627,4.466454029083252,168630.703125,2.1082615852355957,1055.599365234375,102.24071502685547,-17.366080498069277,340.2812381695435,0.31521734595298767,0.91309375
14,1,-0.9430062770379057,38.95206930474646,1.1248204708099365,2.0640311241149902,-357.8896484375,-135.1793975830078,0.18029610812664032,5.802240371704102,212610.046875,2.1314876079559326,727.453369140625,82.9465560913086,-136.1053793521824,358.47514590315586,0.18574123084545135,0.26776722
14,1,-1.305578585070991,35.689366730960074,1.1767504215240479,2.076690435409546,-294.35064697265625,-206.5863494873047,0.5155348181724548,0.3638119101524353,186955.0625,2.2423431873321533,1164.73779296875,57.630027770996094,-212.37274568479504,291.65239041077297,0.517390787601471,0.8340725
14,1,-1.0074730852004072,33.695850028011215,1.1541215181350708,2.022426128387451,-370.6181335449219,32.78522491455078,0.33952224254608154,3.705435276031494,209688.078125,2.0622684955596924,733.0446166992188,72.05377197265625,34.3682590876834,372.6801896019147,0.34059420228004456,0.7894823
14,1,-1.096372813661237,41.98990192441459,1.1664320230484009,2.083559513092041,-193.63059997558594,-368.0860595703125,0.4285886883735657,0.3173176348209381,194375.3125,2.1936824321746826,831.993408203125,66.64175415039062,-370.17451269569244,193.25110900259077,0.431343138217926,0.35652173
14,1,-1.1648351783442292,35.94070059818546,1.1449743509292603,1.9715644121170044,-206.50611877441406,-269.38275146484375,0.3908918797969818,0.9337141513824463,163185.171875,2.0193684101104736,646.8055419921875,44.25247573852539,-271.56677801516327,204.21243511645235,0.3901312053203583,0.6615351
14,1,-1.2205571251656286,38.08519880794199,1.1500170230865479,2.0067312717437744,325.7861328125,-135.7318115234375,0.32798928022384644,3.362306594848633,166314.859375,2.1081807613372803,724.119873046875,43.576499938964844,-133.23185124623637,-324.71125340632756,0.3255058825016022,0.40787748
14,1,-1.37153228727674,43.24467604503111,1.070961594581604,1.9757925271987915,113.5296630859375,-386.5598449707031,0.4553145170211792,3.4724366664886475,205040.015625,2.1422574520111084,682.9989013671875,29.03261947631836,-382.8636052720534,-111.50949167168585,0.45790186524391174,0.1772766
14,1,-1.0299258455829308,39.99384506705854,1.1076613664627075,2.075348377227783,286.2070007324219,-294.6590881347656,0.311972975730896,0.36045482754707336,164749.78125,2.1188485622406006,714.9149780273438,66.73104095458984,-298.66986990828104,-288.74924119738176,0.3095742166042328,0.5040049
14,1,-0.6820601932678986,44.57829257303673,1.1002235412597656,1.9188904762268066,388.8155822753906,32.74756622314453,0.2675972580909729,1.0031930208206177,207770.046875,1.9737091064453125,470.4860534667969,97.83316802978516,30.827295012760107,-392.4555627426954,0.2682721018791199,0.017880121
14,1,-0.9072839278257354,49.10872851287526,1.1772732734680176,1.9048140048980713,-328.24285888671875,242.25558471679688,0.40200603008270264,3.376777172088623,205867.21875,2.03828763961792,526.1421508789062,65.13561248779297,244.6415382408899,330.21411584449095,0.4117993712425232,0.0019150232
14,1,-0.9010035425255689,47.342840472498175,1.1233960390090942,2.0564873218536377,321.1394958496094,-248.2001190185547,0.472657173871994,3.151383638381958,177039.765625,2.169724225997925,674.3218383789062,84.69605255126953,-242.23857783917015,-321.3021882789367,0.4708610475063324,0.06014875
14,1,-1.126764557617374,45.98590246955176,1.1856008768081665,1.9716997146606445,259.9145812988281,288.4540100097656,0.42517349123954773,6.022803783416748,166802.53125,2.139874219894409,640.3722534179688,47.82632827758789,282.4662372345532,-261.83562281069203,0.4254467785358429,0.011887691
14,1,-1.2639606457569454,44.63227199017001,1.166975736618042,2.0397908687591553,213.92955017089844,329.64337158203125,0.39502066373825073,2.983319044113159,187610.796875,2.1227304935455322,656.7107543945312,35.76121520996094,332.7369061710157,-214.118074998631,0.3948778808116913,0.0657955
14,1,-0.6950772294712633,42.497774769353605,1.1721659898757935,2.061901330947876,11.825206756591797,-389.43829345703125,0.3387918770313263,3.909194231033325,163308.890625,2.175307273864746,717.0192260742188,144.69491577148438,-387.95005068345637,-7.8846671576436,0.3395371735095978,0.12636298
14,1,-0.9582736688971191,39.752337488457435,1.06815505027771,2.075465440750122,-147.05148315429688,-373.29949951171875,0.32827848196029663,1.6991641521453857,217234.59375,2.1835834980010986,857.9010620117188,94.44154357910156,-374.47073196436367,144.0230070510703,0.332042932510376,0.5946418
14,1,-0.8684895336516687,40.08123178054049,1.0319440364837646,2.0888500213623047,-287.12371826171875,-222.5064697265625,0.3827970623970032,3.783738851547241,172611.125,2.2110650539398193,870.32958984375,117.81317138671875,-219.92193755490467,293.97923384052126,0.36344024538993835,0.66697747
14,1,-1.113002035457976,40.01684243128641,1.1438629627227783,2.0567102432250977,376.7903747558594,22.871192932128906,0.2271299809217453,4.569328784942627,162952.453125,2.131991147994995,698.5960083007812,53.85465621948242,23.16801541971759,-374.83073007245997,0.22758741676807404,0.20757604
14,1,-1.2244776944438185,34.15989964113055,1.1968834400177002,1.9238771200180054,119.1194839477539,-312.98565673828125,0.2776121199131012,5.149857997894287,206226.90625,1.937150239944458,593.740478515625,35.409332275390625,-316.5666244769336,-117.96199077208671,0.27317991852760315,0.39748544
14,1,-1.361400078412392,35.944881858120326,0.9604255557060242,1.9102524518966675,-344.6826477050781,-97.6360855102539,0.48741817474365234,5.210867881774902,160167.953125,2.0929341316223145,706.41943359375,30.736976623535156,-100.089289730441,349.3066184099523,0.4828140437602997,0.80039495
14,1,-1.0801762972153437,41.69426045440146,1.1050442457199097,1.9837712049484253,-344.839599609375,-198.6246337890625,0.4175567626953125,2.390430450439453,167573.390625,2.116637706756592,637.09228515625,52.96942138671875,-195.35070178042494,343.41690073963264,0.4144493043422699,0.23200649
14,1,-1.4584877534195644,27.03339688703701,0.9646890759468079,1.8936196565628052,-352.6910095214844,-171.7460174560547,0.4801868200302124,5.2103590965271,160167.953125,2.03432559967041,777.08740234375,27.03837013244629,-174.69524398572779,357.1260488613745,0.4828140437602997,0.91892064
14,1,-1.2533044949586747,46.93707680515501,1.1710898876190186,2.095315456390381,-18.367509841918945,-371.9867858886719,0.27793705463409424,4.446105003356934,198750.71875,2.130852460861206,644.1469116210938,35.94837188720703,-371.00824182166633,22.129589701476778,0.2702454626560211,0.019029917
14,1,-1.1595654829241573,43.57225855385503,1.0818963050842285,1.9757925271987915,356.1236267089844,118.14543914794922,0.4565187692642212,6.21865177154541,202950.890625,2.1453051567077637,673.1914672851562,46.619991302490234,113.84759666733967,-355.8676919320139,0.4556286036968231,0.112763315
14,1,-1.0420489157338313,44.02520323330531,1.1010092496871948,2.0788073539733887,396.32672119140625,77.50660705566406,0.36138200759887695,0.7967031598091125,192059.765625,2.166940927505493,703.197021484375,63.830379486083984,71.21361231995257,-398.60894633307674,0.3588719964027405,0.21232463
14,1,-0.9093536783010701,42.560070241982025,1.1937744617462158,2.0379836559295654,-354.9769287109375,103.46734619140625,0.2715257406234741,5.715267181396484,182594.15625,2.146975517272949,713.5468139648438,87.91607666015625,100.51904489071204,356.4265244173457,0.27069729566574097,0.04214384
14,1,-1.1314112225918462,46.09879694628047,1.137614369392395,2.0470454692840576,341.62408447265625,167.74534606933594,0.5131366848945618,2.348165988922119,224520.96875,2.2083065509796143,786.9884643554688,58.15089416503906,170.72358223104683,-344.07836180231027,0.5144903063774109,0.10486122
14,1,-1.198077436457347,39.04073675433394,1.1006814241409302,2.014357805252075,-171.23849487304688,325.1813049316406,0.4192579984664917,2.6643564701080322,166775.671875,2.0640673637390137,650.71728515625,41.23954391479492,327.7072831103713,171.52924324630246,0.4170084595680237,0.5553081
14,1,-1.0918437003189947,31.797030400786483,1.1838805675506592,2.0001063346862793,-154.85003662109375,-361.7928161621094,0.3764960467815399,2.859384775161743,184271.015625,2.0209667682647705,746.5008544921875,60.420719146728516,-359.4201316694878,153.79751866635976,0.375763475894928,0.83998775
14,1,-1.1402933651800176,38.9373939535411,1.0122331380844116,2.06746506690979,-256.07525634765625,-234.91766357421875,0.24271588027477264,5.148438453674316,161633.0,2.097317934036255,681.4664306640625,49.334442138671875,-236.07984811165593,257.769750507321,0.2434873878955841,0.59068507
14,1,-1.1645313118739766,44.31381503742589,1.1607540845870972,2.1076529026031494,-373.0395812988281,-79.44998168945312,0.42830514907836914,3.095189094543457,197609.0625,2.265320062637329,951.3862915039062,65.1365737915039,-76.49361153842135,373.668065452342,0.42969298362731934,0.18234974
14,1,-1.2109062490833091,48.54301031486606,1.1837739944458008,2.076524257659912,359.65399169921875,-85.68696594238281,0.2986643314361572,3.379014015197754,209491.75,2.179445743560791,686.4845581054688,42.239959716796875,-84.75944729479342,-360.11752521366657,0.2979525923728943,0.008964512
14,1,-0.8986994060261564,47.120165267911545,1.1851540803909302,2.035478115081787,3.6542413234710693,-417.288330078125,0.28726765513420105,2.3331151008605957,167229.8125,2.140188455581665,648.9603881835938,81.94420623779297,-414.9709175538519,-5.594304729182599,0.2888314127922058,0.0101966895
14,1,-1.2271315843282686,37.81629970773582,1.1478592157363892,2.0957674980163574,101.8054428100586,-398.46478271484375,0.42983755469322205,3.0953705310821533,197609.0625,2.247973680496216,1012.0443115234375,59.9883918762207,-394.20169365289416,-102.4587590222665,0.42969298362731934,0.72517157
14,1,-0.8225749453383828,49.647479254740034,1.1373975276947021,1.7973883152008057,-162.81680297851562,300.4911804199219,0.4254071116447449,2.9428465366363525,168837.328125,1.9259216785430908,377.63946533203125,56.8200569152832,302.89382002718014,160.35220268686578,0.43266162276268005,0.00081306905
14,1,-0.8793607300457968,38.10736186296096,1.025053858757019,1.8001821041107178,363.60546875,-38.309471130371094,0.4994310736656189,0.16603700816631317,204153.171875,1.9973716735839844,538.955810546875,71.15277099609375,-44.158559691659306,-363.6099138005358,0.4996556341648102,0.44290182
14,1,-1.0103031969455736,45.20997284140664,1.1343005895614624,2.0426042079925537,75.47904968261719,-345.33294677734375,0.3897646963596344,5.2099175453186035,247923.296875,2.1623380184173584,687.6758422851562,67.15524291992188,-347.61865966022293,-71.88497911240427,0.3924931585788727,0.056029256
14,1,-0.8766124611323084,41.42245626176462,1.1061686277389526,1.8540509939193726,354.8118591308594,27.020383834838867,0.3428952991962433,0.2087041735649109,169893.796875,1.9723477363586426,454.4230041503906,60.37360763549805,22.473131272236472,-354.44043205478806,0.34642350673675537,0.054566007
14,1,-0.9280460767094548,47.62579782659927,1.1449650526046753,2.10493540763855,237.50698852539062,-285.4903259277344,0.4371151626110077,2.7732913494110107,198039.875,2.1877472400665283,689.8748168945312,81.41860961914062,-282.066451512882,-239.67193200705967,0.43743443489074707,0.06308952
14,1,-1.1417247769907395,38.80375368901787,1.1799664497375488,2.050579309463501,-399.5226135253906,95.81640625,0.44131895899772644,5.7588090896606445,174554.96875,2.169250011444092,806.9083251953125,58.223548889160156,91.06728228417971,401.0804208251647,0.44732022285461426,0.4644073
14,1,-1.1610100632920335,46.83118106191057,1.1565639972686768,2.045166254043579,-26.889596939086914,-323.25677490234375,0.4682105481624603,6.16868257522583,160321.15625,2.169900894165039,715.781982421875,49.404876708984375,-327.61693513326475,27.74353721537951,0.4697670638561249,0.03464361
14,1,-1.2538424209908101,37.91392354865839,1.1653510332107544,2.0889458656311035,-336.62396240234375,-75.30548095703125,0.40277618169784546,5.189203262329102,177426.265625,2.227982521057129,987.2357788085938,55.0272331237793,-77.39318712410618,338.77424252833384,0.4041581153869629,0.62566096
14,1,-0.6245595418738132,47.37915053689471,1.1176371574401855,1.8636493682861328,156.8226776123047,333.0538024902344,0.5177052021026611,1.3916666507720947,206978.5,2.043614625930786,498.20550537109375,118.26292419433594,331.2674405302818,-164.51075750491864,0.5198748111724854,0.01130647
14,1,-1.2131191335995972,48.283603937693606,1.1867969036102295,1.9574812650680542,-17.162248611450195,363.56402587890625,0.4690289795398712,6.1799821853637695,160321.15625,2.156193733215332,663.46923828125,40.6163215637207,361.1333563056157,17.82770540616096,0.4697670638561249,0.005011711
14,1,-1.1881933922361325,36.18548169364711,1.0924160480499268,2.0957674980163574,-360.288818359375,-112.89220428466797,0.42930084466934204,0.2658069431781769,204040.4375,2.2475743293762207,1034.20263671875,67.0519790649414,-117.97625509102816,361.4401919134904,0.43162646889686584,0.85238004
14,1,-1.0129545896438386,34.38804860191984,1.1586432456970215,2.0559258460998535,-228.19467163085938,-271.8487548828125,0.24530358612537384,2.279005765914917,209578.953125,2.1379175186157227,817.8961181640625,79.38583374023438,-270.795172070754,225.484146318393,0.24335964024066925,0.7500735
14,1,-1.0135767986961406,44.43415692128383,1.0658255815505981,1.9217612743377686,-167.63352966308594,312.8254089355469,0.481084406375885,5.843507766723633,162077.34375,2.1173255443573,623.5277709960938,60.43357467651367,307.7739633256453,167.39469493736198,0.47895705699920654,0.061252862
14,1,-1.422942406543608,42.85953997168432,1.076888918876648,1.9354783296585083,5.534677028656006,-378.6239929199219,0.48928946256637573,0.9164966940879822,184985.703125,2.1280226707458496,715.31298828125,27.01171112060547,-382.0620351091934,-9.566652996384054,0.49014702439308167,0.19452025
14,1,-0.8585574560884461,45.64655059619652,1.1730777025222778,2.0975048542022705,365.4683837890625,-189.7177734375,0.22402413189411163,6.2516093254089355,184613.671875,2.120453357696533,632.5328979492188,87.604248046875,-191.53485156659985,-365.74869350508186,0.2218114137649536,0.019227378
14,1,-1.1506468114896127,39.91859161259738,1.1561883687973022,1.9573097229003906,-139.35011291503906,-298.8919677734375,0.5143522024154663,2.229933261871338,201978.65625,2.076141595840454,674.8209838867188,47.70246887207031,-294.8397724206125,137.97709956639068,0.5138925313949585,0.3504228
14,1,-0.9923190351385779,43.84748749264761,1.1449674367904663,2.009288787841797,-281.77191162109375,160.1521759033203,0.46529465913772583,0.910771369934082,177026.328125,2.1839635372161865,760.595947265625,77.41665649414062,156.6901869629522,277.6442719084027,0.46598750352859497,0.14128861
14,1,-0.9965075731705463,46.74145833584739,1.1345945596694946,1.9526312351226807,305.66937255859375,-245.48068237304688,0.429583340883255,0.839952290058136,167876.78125,2.110881805419922,602.3967895507812,60.725955963134766,-247.1064823978602,-308.47593771427955,0.4311625063419342,0.02183271
14,1,-1.2619435437294442,44.41312089977458,1.0784332752227783,2.106279134750366,355.05194091796875,-78.8120346069336,0.26527631282806396,5.747048854827881,201078.859375,2.1186673641204834,640.0048217773438,35.013736724853516,-79.81067034484067,-352.7597096392235,0.2683331370353699,0.117425404
14,1,-1.0325683967448547,44.61331899807939,1.146182894706726,1.9571703672409058,70.86714172363281,401.81170654296875,0.4741561710834503,3.045543909072876,223252.828125,2.1384975910186768,634.94775390625,58.907264709472656,406.4417684169016,-69.99196744795411,0.47606906294822693,0.0506827
14,1,-0.9364245711248466,41.49674573105476,1.0554215908050537,2.0436980724334717,-134.45565795898438,349.37158203125,0.20620094239711761,1.8541568517684937,215094.6875,2.1201751232147217,657.3790893554688,76.10106658935547,349.76491881332936,131.3145422348572,0.20524531602859497,0.23840691
14,1,-0.7330252957302986,41.88703152912829,1.09133780002594,2.107354164123535,298.6990966796875,-181.17105102539062,0.2840171158313751,1.3592182397842407,183573.578125,2.1846725940704346,808.103271484375,149.4311981201172,-181.73887223410813,-301.94604287465165,0.2816927433013916,0.37415406
14,1,-1.2026843734336143,36.980704211894796,1.1654078960418701,2.0791680812835693,-319.7143859863281,-177.3024139404297,0.25420793890953064,0.6551101803779602,170826.828125,2.1014838218688965,745.3296508789062,46.73724365234375,-180.60697664812565,317.97983656612,0.2537510395050049,0.6169045
14,1,-0.9300877126841629,26.919952143232898,0.9547411799430847,1.846686601638794,-145.7606201171875,314.9015197753906,0.1927463710308075,1.2796379327774048,199702.703125,1.9109306335449219,596.8023071289062,70.10389709472656,313.6604816992818,143.43577158307232,0.1870540976524353,0.91309667
14,1,-0.8982081133168739,34.31701861428389,1.170051097869873,1.9979664087295532,223.71185302734375,346.4598083496094,0.4741438031196594,3.043372392654419,223252.828125,2.1303348541259766,870.2972412109375,110.0168228149414,350.1716084944894,-223.78574285299334,0.47606906294822693,0.7958246
14,1,-1.275452600414987,46.74582866524992,1.0772870779037476,2.0436980724334717,66.98099517822266,414.4020080566406,0.20647187530994415,1.8513718843460083,215094.6875,2.1244494915008545,596.310791015625,31.62413787841797,414.69356607449106,-68.33207269076593,0.20524531602859497,0.024541952
14,1,-0.9674256993426875,44.55370969708436,1.0867987871170044,2.011284828186035,-96.50189208984375,-384.8671875,0.1883811205625534,4.9691667556762695,160829.96875,2.018967628479004,506.1683044433594,54.55925750732422,-386.1018205540594,97.920061274071,0.18248334527015686,0.023777628
14,1,-1.225171993283066,35.07307314285268,1.0819050073623657,2.1091694831848145,-303.3006896972656,-206.72744750976562,0.3179132640361786,3.8476006984710693,179391.53125,2.236882209777832,1071.2869873046875,63.78714370727539,-204.4970682718462,305.91283283819195,0.3183972239494324,0.84717935
14,1,-1.2306980168544301,31.25778985696889,1.1104151010513306,1.9823821783065796,-26.440120697021484,324.1940612792969,0.18313774466514587,4.9752197265625,160829.96875,2.0087878704071045,685.76416015625,40.31583786010742,323.17568858335187,29.125929996797137,0.18248334527015686,0.80518895
14,1,-1.144713822087183,46.967642841232475,1.1608937978744507,2.0491316318511963,-352.65618896484375,146.0003662109375,0.2710980176925659,5.754388809204102,203390.453125,2.156188726425171,642.5006713867188,46.0424919128418,142.4814753703392,353.79119002072804,0.27157148718833923,0.009861656
14,1,-1.2391555584180582,45.6404627837233,1.1931558847427368,1.9994443655014038,-241.74993896484375,290.9228820800781,0.42454859614372253,1.3410286903381348,160253.0,2.1407217979431152,679.181640625,39.158790588378906,289.68230309833865,238.6453017240187,0.4259462356567383,0.030370994
14,1,-1.1514647806455993,27.061752057273353,1.1855775117874146,2.04424786567688,-91.46977233886719,-354.7701110839844,0.4806807339191437,0.8187379837036133,202535.078125,2.2127628326416016,1470.2811279296875,103.73735809326172,-356.9996144127695,88.53281315057626,0.4799010753631592,0.92252547
14,1,-0.7924053175249292,47.21757490700853,1.1650981903076172,2.0212247371673584,71.25294494628906,-315.0635986328125,0.30079054832458496,2.9639663696289062,212098.765625,2.1381490230560303,650.3715209960938,104.8952407836914,-314.49634028174256,-71.16597199823553,0.29602372646331787,0.010184145
14,1,-1.412562795480632,28.2129008712126,1.0945932865142822,2.064896583557129,-360.446533203125,9.633310317993164,0.441244900226593,5.821257591247559,222274.84375,2.2449722290039062,1347.2451171875,52.105430603027344,4.819200561709974,361.5441353675957,0.44383639097213745,0.9136719
14,1,-0.561379575584799,46.112634105490145,1.1422199010849,2.1040921211242676,361.28009033203125,-81.47637939453125,0.47379162907600403,3.57529878616333,247676.578125,2.2542128562927246,839.7431640625,230.55084228515625,-78.89905828140597,-359.929194666183,0.4725622236728668,0.12799664
14,1,-0.8828547059297126,46.027005905957765,1.1266624927520752,2.103403329849243,235.54263305664062,-336.7762451171875,0.4561462104320526,1.1241273880004883,194385.125,2.247720241546631,857.0467529296875,112.2404556274414,-338.23695539537476,-239.21379127075335,0.45355865359306335,0.16570505
14,1,-1.2383145902420463,43.17954487244492,1.1914137601852417,2.0308878421783447,397.613037109375,-54.6763801574707,0.46504831314086914,0.6730305552482605,170518.484375,2.15450382232666,744.5309448242188,43.00977325439453,-59.52466140372626,-398.9825179050197,0.4636963903903961,0.15595354
14,1,-1.0789389263297486,35.29614119554877,1.118741750717163,2.0883257389068604,-403.9602355957031,-72.17445373535156,0.24633410573005676,2.543083429336548,171050.09375,2.069314956665039,682.9644165039062,56.94536590576172,-71.62749632319031,403.2937169515072,0.2479347139596939,0.77890605
14,1,-1.3443725182480886,31.065641304626723,1.1437950134277344,2.0743725299835205,-21.051000595092773,-335.4964904785156,0.28702524304389954,4.485764980316162,202879.59375,2.157545804977417,987.7239379882812,44.6953239440918,-335.88760367185193,24.61758240176604,0.2869485318660736,0.8777575
14,1,-0.8301424722568213,42.823958879659756,1.0979773998260498,2.028388261795044,33.5174674987793,396.222412109375,0.34470847249031067,0.38294100761413574,204061.265625,2.1526429653167725,712.7423095703125,105.38763427734375,394.8074199787619,-34.8296528742914,0.34581151604652405,0.20344864
14,1,-1.209905242543887,31.37208704431771,0.9461786150932312,1.8579442501068115,326.1696472167969,162.6289825439453,0.37848013639450073,3.5968363285064697,229285.5625,1.9227426052093506,501.6712646484375,30.939449310302734,163.86431415394853,-323.0016617294592,0.3837140202522278,0.8817932
14,1,-0.8644623095561652,42.93221736509872,1.0456483364105225,1.8955994844436646,369.5046081542969,48.147308349609375,0.521476686000824,0.17095854878425598,187923.625,2.0561468601226807,575.9091186523438,78.68484497070312,44.339970693387194,-372.64972056281334,0.525255560874939,0.2063454
14,1,-1.1359604608125544,29.330959923847853,1.0405504703521729,1.8489915132522583,-284.2648010253906,176.33828735351562,0.37842443585395813,3.5882749557495117,229285.5625,1.8665471076965332,474.9832763671875,34.7309455871582,180.05132706411845,288.7606907300189,0.3837140202522278,0.8801165
14,1,-1.1904628570080018,42.724243025841844,1.1259783506393433,1.9990248680114746,-33.712913513183594,-336.7117919921875,0.28546473383903503,3.6111080646514893,166133.984375,2.0443365573883057,536.4888305664062,34.60163116455078,-334.8420443099212,34.145227657234585,0.2816789746284485,0.066778876
14,1,-0.9891133967507783,44.98312239101089,1.17782461643219,2.0099475383758545,231.0751953125,266.9435119628906,0.22258245944976807,0.6694391965866089,194412.5625,2.0420620441436768,545.9981689453125,55.985687255859375,265.8656643918993,-231.4788340284417,0.21986506879329681,0.016097957
14,1,-1.4672143602295384,38.108143914082326,1.0112937688827515,2.014451503753662,227.65765380859375,305.2492980957031,0.46091413497924805,3.6781725883483887,179904.1875,2.1963677406311035,860.459228515625,29.343671798706055,309.5433444324743,-225.98545465316957,0.4605334401130676,0.7667169
14,1,-1.0987342023052242,47.88060428308387,1.1512682437896729,2.065333127975464,32.21686935424805,405.92864990234375,0.35331985354423523,1.6032485961914062,189542.71875,2.196035623550415,724.6417236328125,57.728248596191406,405.81564393391,-34.59677492780812,0.35366660356521606,0.024427937
14,1,-1.214573907724413,43.80921943318714,1.0990056991577148,2.003333806991577,-339.4380798339844,197.4076385498047,0.3444426953792572,2.040051221847534,167771.46875,2.078869342803955,584.6253662109375,35.669952392578125,196.6085395410827,336.1197072289799,0.34455981850624084,0.09478871
14,1,-0.7554141526835456,46.101560673161785,1.1588339805603027,2.0392770767211914,-142.66677856445312,-288.5272521972656,0.23416288197040558,0.5414314866065979,170058.953125,2.025980234146118,500.0389709472656,87.81914520263672,-290.8953678067744,140.03984014452206,0.23345991969108582,0.019093774
14,1,-1.257629918676784,29.568531113575915,1.1984184980392456,1.9900282621383667,-218.95094299316406,-306.3159484863281,0.3372560143470764,6.2656636238098145,173793.3125,2.1326701641082764,1049.120849609375,57.9688720703125,-310.72180797526477,221.362121670006,0.33758220076560974,0.8482149
14,1,-0.9247241470876869,40.64623678290807,1.09907865524292,2.104097604751587,193.88455200195312,329.6763000488281,0.4220094680786133,0.39704880118370056,185015.703125,2.236074686050415,914.1650390625,108.7176513671875,325.40082608704193,-195.92833875535578,0.4226486384868622,0.63345486
14,1,-1.1729199946879343,33.66115864069454,1.137718915939331,2.0789904594421387,-99.25698852539062,-362.7969055175781,0.4510674774646759,3.8766818046569824,196923.46875,2.235064744949341,1068.5714111328125,71.76008605957031,-359.45488006854833,101.73694396193265,0.45273473858833313,0.8689141
14,1,-0.9317674518825004,37.538840686524814,1.020167589187622,2.0006439685821533,-134.7070770263672,-321.02642822265625,0.3428225517272949,2.0461745262145996,177691.28125,2.1333587169647217,741.7590942382812,86.7950439453125,-319.44964350703464,132.55436658144043,0.3441403806209564,0.71490294
14,1,-1.092775848586732,48.66979674080427,1.1979349851608276,2.013317584991455,406.2626037597656,-78.18113708496094,0.49698585271835327,5.516993999481201,242082.390625,2.245206832885742,798.7955322265625,64.51476287841797,-79.83787863093855,-402.6810835702839,0.4960298240184784,0.009588509
14,1,-0.5432948187621003,37.6337404745881,1.131016492843628,1.8714309930801392,-53.11661148071289,330.9407043457031,0.32443374395370483,3.573352098464966,173154.703125,1.9842010736465454,525.1978759765625,150.32383728027344,332.8211597280258,54.17314082168673,0.3291621804237366,0.17077377
14,1,-0.9275540473365999,39.552728723162204,1.1394498348236084,1.9714447259902954,-321.9660949707031,-79.82467651367188,0.33016538619995117,3.548872232437134,173154.703125,2.020292043685913,588.9097900390625,69.58155059814453,-76.94336179451196,323.5490915079423,0.3291621804237366,0.20887497
14,1,-0.8510911140697537,35.33860826690801,1.0549876689910889,1.9995906352996826,364.19268798828125,-179.92413330078125,0.2586286962032318,2.549259901046753,206902.84375,2.0020196437835693,548.46337890625,77.27801513671875,-177.52412307364364,-364.4968370381567,0.2553517818450928,0.74439883
14,1,-0.7371266268708778,43.93666402676951,1.1429847478866577,1.9655176401138306,-123.12173461914062,-358.32110595703125,0.2975028157234192,0.9333588480949402,180073.640625,2.0137779712677,500.1521911621094,91.61679077148438,-358.64746978216596,122.00400981640715,0.3020313084125519,0.032824952
14,1,-0.929932704037343,49.07329466676854,1.1601711511611938,1.9802906513214111,186.9233856201172,-287.1200256347656,0.40235528349876404,2.6010100841522217,188317.09375,2.1230239868164062,606.9288330078125,71.3188705444336,-285.65082275182834,-187.1892271066991,0.4046662449836731,0.006246508
14,1,-1.077235590980011,36.091287801846875,1.186102032661438,2.026949882507324,-386.7850341796875,-126.8028793334961,0.494023859500885,6.016651630401611,241435.796875,2.125894069671631,810.4967041015625,67.84455871582031,-131.69474918249105,388.04440844876933,0.4908747673034668,0.6876235
14,1,-0.9759569237936936,44.53338868975637,1.1900687217712402,2.093414306640625,-342.0264892578125,-89.960693359375,0.2756407558917999,0.8295025825500488,204068.609375,2.160163164138794,728.5819702148438,77.00535583496094,-90.86322928117822,339.9757423819572,0.275337815284729,0.06251838
14,1,-1.1901407920512157,44.88593683077814,1.0506083965301514,2.0834646224975586,-315.6271667480469,-205.21278381347656,0.414669394493103,1.5604497194290161,185849.1875,2.2351157665252686,841.6800537109375,54.325714111328125,-205.6382603898933,312.64552470840937,0.4163472056388855,0.2749097
14,1,-1.0322804799245608,47.09020714232413,1.1853276491165161,2.0604817867279053,235.9718017578125,-332.68658447265625,0.5180972814559937,4.992971420288086,191498.328125,2.2790589332580566,883.22021484375,81.9951171875,-334.8674967042702,-231.9366692637852,0.5178583860397339,0.042766217
14,1,-1.0506627393873027,49.8089250007889,1.185855507850647,2.0721967220306396,93.34187316894531,-386.33953857421875,0.5140393376350403,4.998103618621826,191498.328125,2.226034164428711,802.5932006835938,71.4220199584961,-386.3455950801892,-87.95418067018772,0.5178583860397339,0.015881674
14,1,-1.0385891021375304,36.98694054103148,1.0445340871810913,2.025050163269043,306.3406066894531,240.49143981933594,0.17917783558368683,0.9553828239440918,199242.3125,2.1153531074523926,670.0980834960938,61.312435150146484,239.3735457243871,-307.5675121915496,0.180693119764328,0.6341234
14,1,-1.2520738326062593,45.83547180794717,1.1591852903366089,2.0224568843841553,34.064945220947266,-331.9342956542969,0.27385270595550537,5.551772594451904,175728.390625,2.1108145713806152,629.9260864257812,35.25449752807617,-334.04455468893445,-32.563161151020196,0.27281370759010315,0.012144631
14,1,-1.0846022019680874,34.005850740443734,0.9109312891960144,1.963226556777954,-235.08663940429688,333.58660888671875,0.3408750295639038,2.040844202041626,177691.28125,2.032806634902954,595.6791381835938,49.02406311035156,334.0165553314551,233.29132956677248,0.3441403806209564,0.88647157
14,1,-0.8788092955085298,47.370862875263846,1.1973261833190918,2.093414306640625,253.25868225097656,-314.3513488769531,0.27535417675971985,4.949304580688477,221214.0625,2.1580212116241455,689.7263793945312,91.17317199707031,-315.1491631810209,-251.6600155494993,0.2712266445159912,0.011083565
14,1,-1.001131813044828,48.360449329935264,1.1823668479919434,2.048971652984619,-55.55250930786133,-407.1093444824219,0.3019544780254364,5.793322563171387,244216.203125,2.1457722187042236,645.2833862304688,64.36029052734375,-411.6835345057803,57.29181710833635,0.3012760281562805,0.005457248
14,1,-1.0397602238304195,40.68119684901389,1.0304182767868042,2.0162105560302734,-310.8316955566406,188.64810180664062,0.3448962867259979,2.0499088764190674,177691.28125,2.0888149738311768,598.3792114257812,54.60287094116211,190.55530020436325,309.57193224231077,0.3441403806209564,0.45987797
14,1,-0.8010263066533689,41.43489393094671,1.1893569231033325,2.0220272541046143,288.4029846191406,-285.7061767578125,0.2256363332271576,4.243606090545654,174008.25,2.0431976318359375,562.8363037109375,88.99288940429688,-285.3576006223165,-285.5921663319908,0.22526399791240692,0.0527027
14,1,-0.984610672898863,42.185035936082286,1.1734994649887085,1.9981541633605957,193.23712158203125,302.6600646972656,0.49165189266204834,0.963069498538971,202492.15625,2.18281888961792,817.43212890625,84.69163513183594,300.31771015237956,-196.40626289790126,0.4943597912788391,0.20961526
14,1,-1.0788170910855215,45.97892327401127,1.1599546670913696,2.1104559898376465,44.28126525878906,-343.8283996582031,0.495031476020813,5.21446418762207,173641.953125,2.208228349685669,748.0994262695312,62.39381408691406,-345.5957495800549,-41.147713634524735,0.49594128131866455,0.11983201
14,1,-0.9038861200216551,39.45570467791019,1.0176670551300049,2.0789904594421387,377.1336975097656,-17.424640655517578,0.45082634687423706,5.812461853027344,215522.59375,2.2361185550689697,917.2809448242188,114.45001983642578,-22.704942124057954,-374.62271221813,0.45297104120254517,0.72901523
14,1,-1.0022079074156882,45.461842822742526,1.178707242012024,2.011850357055664,-68.78649139404297,-411.2488708496094,0.361034095287323,6.21763277053833,183746.171875,2.126667022705078,626.260986328125,62.30842208862305,-415.1798242935198,68.51729010901583,0.36215144395828247,0.016893025
14,1,-1.356989481735081,43.0600821185448,1.051592230796814,1.9889510869979858,306.5911560058594,-195.06765747070312,0.4276840388774872,0.3075530230998993,186161.171875,2.129183530807495,728.4627685546875,32.01964569091797,-200.12291230797993,-307.49359496386074,0.42742809653282166,0.26799765
14,1,-0.30211967459969036,40.0058753430312,1.1783206462860107,2.0092406272888184,316.5933532714844,267.7439270019531,0.4992265999317169,2.0895612239837646,193620.328125,2.170114517211914,820.9939575195312,409.46820068359375,268.85116586177946,-321.06483573193844,0.49718010425567627,0.40387583
14,1,-0.6251376756184499,36.90973316892554,1.123966097831726,1.9602670669555664,-169.75282287597656,-292.58624267578125,0.45609357953071594,5.028738021850586,174935.25,2.107815980911255,708.3190307617188,167.9155731201172,-293.10504477827664,172.65442835223817,0.45847266912460327,0.58507067
14,1,-1.3063025960665713,47.64059707933872,1.1880264282226562,1.9189919233322144,-384.93994140625,-84.73973083496094,0.49638062715530396,2.082750082015991,193620.328125,2.1459596157073975,649.1895141601562,32.06768035888672,-82.68960539227288,380.7430232416983,0.49718010425567627,0.0077503715
14,1,-1.0600545336010718,40.51369719258176,1.008183479309082,1.9015976190567017,-300.13238525390625,147.1345672607422,0.2068428099155426,4.641541004180908,193314.59375,1.9925066232681274,485.1329650878906,42.24790954589844,148.88953712645576,299.7387500131519,0.20867030322551727,0.098133706
14,1,-1.2118222657303688,42.11092730399816,1.0975065231323242,2.0835251808166504,396.6342468261719,3.8991992473602295,0.22058866918087006,5.359193801879883,192144.859375,2.1624832153320312,744.306640625,45.70131301879883,2.4440701413402133,-395.5640977424728,0.2242739200592041,0.15929957
14,1,-1.2196890229988133,43.48897912654208,1.1895719766616821,2.0931005477905273,226.90402221679688,-340.4580383300781,0.30326470732688904,5.693424224853516,210906.9375,2.180373191833496,819.13671875,49.393123626708984,-342.20018891521795,-226.00024020338947,0.3049517571926117,0.06874243
14,1,-1.110220701706432,43.126731775221636,1.197485089302063,2.1063284873962402,-154.3756103515625,284.14459228515625,0.4222746789455414,5.6185455322265625,168580.171875,2.2095892429351807,863.483642578125,66.99351501464844,280.6095889165984,156.62670616871512,0.4243811368942261,0.16410075
14,1,-1.389676956121204,35.97730725713539,1.1931127309799194,2.050586223602295,-118.46830749511719,395.8182678222656,0.4047218859195709,4.780274868011475,166008.09375,2.100965738296509,824.4525146484375,33.6114616394043,394.7785602050636,122.55975037370068,0.4026007354259491,0.67499554
14,1,-0.8758882531728831,46.55209054311978,1.1493579149246216,2.0617151260375977,-389.176513671875,-86.95803833007812,0.46707162261009216,1.841480016708374,206635.46875,2.2047946453094482,774.858154296875,103.1177749633789,-86.15795309341344,385.68025758966536,0.46533387899398804,0.075984254
14,1,-0.8818174389731215,39.8576679721775,1.033579707145691,1.9595872163772583,360.7002258300781,121.8674545288086,0.45500221848487854,2.6533546447753906,240800.234375,2.0953104496002197,628.3907470703125,82.49199676513672,126.52259669134443,-363.59954265245426,0.45466548204421997,0.5242211
14,1,-0.4973798732882233,47.356241547769486,1.154158592224121,2.106458902359009,74.95848846435547,-317.33734130859375,0.3617931008338928,4.647977828979492,173236.96875,2.1895737648010254,704.7030029296875,224.195068359375,-316.49509243907954,-73.27393872632635,0.36236974596977234,0.035190117
14,1,-0.6942568318469493,43.85543668559154,1.1334885358810425,2.0754692554473877,32.70792770385742,-402.0444030761719,0.2889837324619293,2.2397148609161377,212163.671875,2.0813076496124268,608.2874755859375,122.98487091064453,-402.04318384417195,-33.00472058618515,0.2904372215270996,0.105660595
14,1,-0.977488143188277,46.55424157089591,1.1149893999099731,1.9674746990203857,320.3095703125,133.1837615966797,0.5106070637702942,6.270351409912109,177858.046875,2.1626641750335693,705.987060546875,74.35462951660156,129.58189312435368,-320.8638899232724,0.5092540383338928,0.030432908
14,1,-1.1104648774369252,42.458385659770094,1.0616599321365356,2.0788073539733887,240.1664581298828,227.95443725585938,0.3619639575481415,4.656907081604004,173236.96875,2.170966863632202,754.9518432617188,58.540122985839844,226.06380340302593,-237.97348594283199,0.36236974596977234,0.33852953
14,1,-1.2930137943604285,38.55889771077544,1.1454094648361206,2.0016565322875977,27.67449188232422,-377.6983642578125,0.39335736632347107,0.5407848358154297,198438.65625,2.1287264823913574,818.1249389648438,41.66820526123047,-380.957687833759,-30.593900475598534,0.39046910405158997,0.49512273
14,1,-0.5511214847774567,27.14341595086447,1.1045610904693604,1.9038550853729248,-411.8564453125,28.971038818359375,0.26499828696250916,6.158646583557129,210639.0,1.9450474977493286,653.3184814453125,183.6551971435547,23.652031341637052,412.5941833666622,0.25979021191596985,0.88157034
14,1,-1.1368240504803029,42.37718301616781,1.0786783695220947,2.104137420654297,-408.8344421386719,-52.51076126098633,0.32166948914527893,5.649148464202881,202873.421875,2.181899070739746,760.3601684570312,55.48741912841797,-55.807328309670936,410.60212453394155,0.32451900839805603,0.30224958
14,1,-1.197025707422553,31.5224231556613,1.1507657766342163,2.0146610736846924,330.1361999511719,-116.77375793457031,0.3651743233203888,3.787515163421631,168603.53125,2.036519765853882,735.010009765625,46.69459533691406,-115.84106044110084,-327.85882456776153,0.362284392118454,0.8618127
14,1,-1.071723912046902,25.392405707192268,1.1858869791030884,2.0910680294036865,207.81349182128906,-271.80621337890625,0.2592356204986572,1.2420735359191895,162858.390625,2.068201780319214,1056.5504150390625,89.57067108154297,-271.9984957586561,-209.73817391188328,0.2579602599143982,0.9286683
14,1,-0.80075965072356,44.72899163018508,1.0894277095794678,1.9672561883926392,392.70562744140625,50.28843307495117,0.3895472288131714,0.5391338467597961,198438.65625,2.0444247722625732,554.4649658203125,87.72309875488281,45.52479749665708,-393.5849330031356,0.39046910405158997,0.07295288
14,1,-1.1580309929723245,33.33792199170014,0.9796138405799866,2.046093225479126,-215.91094970703125,333.27203369140625,0.30888432264328003,4.268862724304199,190710.078125,2.1025171279907227,783.9005126953125,54.47900390625,332.82862941204417,217.90607093964812,0.30924955010414124,0.88869774
14,1,-1.176106985012972,47.22109699161163,1.1839568614959717,2.061741828918457,-225.19142150878906,-322.4716491699219,0.3718598484992981,2.452712297439575,198225.328125,2.176999807357788,696.2363891601562,46.413978576660156,-321.41589299756583,222.9376998015331,0.35862261056900024,0.022650143
14,1,-1.0778777673868631,48.42330837400716,1.1822470426559448,2.0953574180603027,-121.70001220703125,369.71343994140625,0.36012598872184753,2.4736688137054443,198225.328125,2.2067179679870605,741.069091796875,61.941287994384766,373.20491077050144,120.88164284625421,0.35862261056900024,0.019341867
14,1,-1.2350393631494005,44.969852439002864,1.112357258796692,1.9946620464324951,99.67607879638672,-346.671875,0.35545554757118225,5.484140396118164,169953.921875,2.0853993892669678,607.1187133789062,35.33727264404297,-349.0127522573109,-96.26899828606804,0.3549135625362396,0.034715693
14,1,-1.3215871087057152,35.856960476873496,1.1802525520324707,2.1022636890411377,42.685935974121094,-342.7003173828125,0.3275955617427826,4.791618347167969,182082.578125,2.170762777328491,906.6217041015625,43.235252380371094,-343.7702990538625,-39.39631973253308,0.32771947979927063,0.71964556
14,1,-1.0475493164413383,43.081056816281006,1.1934186220169067,1.8962323665618896,-334.2823791503906,-225.1983642578125,0.2662579119205475,4.370442867279053,218714.90625,1.9117709398269653,406.0811767578125,36.396728515625,-223.4246748839512,333.5143420313777,0.26297804713249207,0.0058840406
14,1,-1.1984144331982884,44.92270967949514,1.1666754484176636,1.9790939092636108,181.0087127685547,-378.3771667480469,0.35489407181739807,5.488127708435059,169953.921875,2.13266921043396,627.8362426757812,39.75857925415039,-381.15962014512246,-178.69797375376336,0.3549135625362396,0.016741289
14,1,-1.096594898622278,48.268659641582445,1.1739170551300049,2.0281920433044434,-340.216796875,-192.180419921875,0.2750694751739502,1.9798253774642944,177450.203125,2.029395580291748,481.80133056640625,38.571983337402344,-193.23914286426452,339.5267513365077,0.2732667028903961,0.006398684
14,1,-1.1259541045800818,49.71282163084155,1.197967290878296,1.973783254623413,-287.2236633300781,-170.36228942871094,0.2723224461078644,1.9855148792266846,177450.203125,2.0476021766662598,525.4578857421875,39.31721115112305,-170.81390861854916,287.158099771256,0.2732667028903961,0.0015151153
14,1,-1.1126424725458992,38.30135814630448,1.0530972480773926,2.0159409046173096,74.24134063720703,400.0804138183594,0.1931474506855011,5.012496471405029,182913.546875,2.1343512535095215,749.427734375,57.82112503051758,399.4841272731433,-72.24473645270432,0.19509707391262054,0.3962738
14,1,-0.9186472924864238,43.01140256262614,1.0561773777008057,1.981312870979309,-157.8726043701172,284.5788879394531,0.3787844181060791,3.3361921310424805,187529.28125,2.1173720359802246,631.1987915039062,76.12342071533203,287.2161746931362,159.94810115872886,0.37750089168548584,0.15842804
14,1,-1.0319711310409398,40.36993735974771,1.0540703535079956,2.0991721153259277,278.23004150390625,-210.9248809814453,0.23575346171855927,2.475759506225586,200416.5,2.1443374156951904,709.142822265625,65.88126373291016,-210.0713818906822,-280.0822320066594,0.23550842702388763,0.49668112
14,1,-0.8045906310145488,49.22949066958876,1.1867797374725342,1.9319242238998413,-332.9046936035156,-75.79277801513672,0.36010798811912537,5.1060004234313965,161306.328125,2.013413906097412,458.889404296875,71.96424865722656,-77.39699072596996,335.4724184810869,0.36221179366111755,0.0014290621
14,1,-1.1176142509810547,28.162578559659003,1.189231038093567,2.060241222381592,235.88827514648438,252.40904235839844,0.4134359359741211,1.1534035205841064,166014.734375,2.0639443397521973,957.4802856445312,73.03230285644531,251.07551171370247,-238.77661971062145,0.4133039712905884,0.91209936
14,1,-1.1390464901125719,45.77916070161215,1.1833453178405762,2.094820499420166,318.0333251953125,-274.31341552734375,0.2447563260793686,6.256404876708984,180540.3125,2.160341739654541,690.90771484375,50.16175079345703,-278.34337932829726,-317.2124926047674,0.24364741146564484,0.018114528
14,1,-1.252245687912049,38.03641848845361,1.1105016469955444,1.9958091974258423,322.7660827636719,266.78729248046875,0.3219294846057892,0.04470882564783096,184054.78125,2.0494437217712402,605.2562255859375,33.860416412353516,263.5275166858829,-322.899924157336,0.32036736607551575,0.52505213
14,1,-1.5870920706935088,47.508724672944986,1.1510556936264038,2.1001827716827393,361.4650573730469,-11.330697059631348,0.5187801718711853,3.472597360610962,189151.828125,2.295305013656616,888.9774780273438,23.003652572631836,-4.279209571886674,-358.9828204391469,0.5183809995651245,0.08658157
14,1,-0.8693643570610553,47.482120054360934,1.1127303838729858,2.042886972427368,282.3612060546875,-166.22866821289062,0.47056493163108826,2.3467836380004883,223578.890625,2.2054975032806396,769.72021484375,103.98438262939453,-163.70128924422443,-284.9837849110005,0.47131437063217163,0.058091022
14,1,-1.3220887077812264,42.24768966245344,1.130110263824463,2.065608024597168,-363.3170471191406,106.73340606689453,0.38419222831726074,2.6499760150909424,174896.859375,2.202970027923584,797.2000732421875,37.97322463989258,109.58937873978306,362.77706537878123,0.3839099705219269,0.26925454
14,1,-1.2900698522155025,31.866323308738888,1.1761988401412964,2.008232593536377,-139.4982452392578,-322.0801086425781,0.38608917593955994,2.656705617904663,174896.859375,2.1516644954681396,982.7929077148438,50.39544677734375,-318.7022096469879,139.72214676993744,0.3839099705219269,0.85059
14,1,-1.015957179609361,38.10307493119303,1.088301181793213,2.0063974857330322,-205.620849609375,365.9754638671875,0.38930755853652954,6.075076103210449,185099.234375,2.076568841934204,652.159912109375,62.863162994384766,362.0664195161085,204.28176617669337,0.38887912034988403,0.53884137
14,1,-0.6453005661128163,46.9216887670439,1.157260537147522,1.9674431085586548,171.5585174560547,-376.4692077636719,0.28701138496398926,1.9057393074035645,170425.703125,2.00270414352417,475.9714050292969,107.7159194946289,-377.29467474724413,-174.2396704965373,0.2872082591056824,0.0068023237
14,1,-0.92227179035662,43.25265088394348,1.1838256120681763,2.0910861492156982,188.45033264160156,-373.3787841796875,0.3380727171897888,5.936485767364502,213066.140625,2.1958696842193604,843.3525390625,100.86417388916016,-375.29905270000756,-187.87145520223677,0.33852168917655945,0.09356455
14,1,-1.184515976818295,25.89921943726251,1.0779809951782227,2.01065731048584,109.12674713134766,340.195556640625,0.47580233216285706,1.3924059867858887,226685.421875,2.131476402282715,1038.71435546875,67.91716003417969,340.041515622069,-114.09408148419368,0.47679534554481506,0.9399997
14,1,-0.8312931472619975,45.3935068506502,1.1580774784088135,2.0172982215881348,126.4254379272461,-364.78021240234375,0.34213951230049133,5.926139831542969,213066.140625,2.1516292095184326,671.1365966796875,98.97313690185547,-366.6692324268329,-125.67843485721906,0.33852168917655945,0.020968447
14,1,-1.0843815621911828,30.948673066319884,1.1497441530227661,2.0432844161987305,324.8191833496094,-176.93142700195312,0.2147926241159439,1.1658210754394531,176456.609375,2.0812482833862305,814.2958984375,67.0501937866211,-176.47681771941276,-326.0594775578306,0.21560050547122955,0.8681564
14,1,-1.3360358319045396,41.10227841889134,1.136184811592102,1.9379479885101318,-303.7194519042969,-219.72967529296875,0.35339683294296265,4.875350475311279,164071.875,2.029414415359497,546.39453125,25.203960418701172,-221.71070307710818,309.29497899397893,0.3528221547603607,0.080148466
14,1,-0.7213470874793598,44.53705300076144,1.1504542827606201,2.060483694076538,174.71096801757812,-288.7109680175781,0.26009896397590637,5.016741752624512,202489.8125,2.1159777641296387,644.7659301757812,122.4770278930664,-290.4947100488625,-174.4755120808949,0.2581513822078705,0.03605165
14,1,-1.102971200418668,49.269615610967094,1.1801263093948364,2.0159409046173096,0.09088551253080368,-356.80126953125,0.19453692436218262,2.9304089546203613,168086.828125,2.1351304054260254,607.5079345703125,47.92695617675781,-354.6641322869316,0.39223005270018,0.19194836914539337,0.0018807388
14,1,-0.8020586895995878,48.7766821526644,1.1982861757278442,2.1057090759277344,-224.89102172851562,-335.29705810546875,0.2990587055683136,5.824339389801025,188563.75,2.1966750621795654,715.8793334960938,112.92256927490234,-338.9576030389351,227.60692762809452,0.3018495440483093,0.007603066
14,1,-0.900438506773475,33.71517179722353,1.140231966972351,2.0378899574279785,275.0097961425781,186.83946228027344,0.39537760615348816,5.680800914764404,186904.953125,2.16342830657959,930.31884765625,117.00190734863281,183.2405273106956,-274.84539000838873,0.39426448941230774,0.8149372
14,1,-0.9344479523896781,44.74149506170013,1.0682628154754639,2.0910680294036865,-364.4401550292969,137.1625213623047,0.26111647486686707,2.9027609825134277,171513.515625,2.0639750957489014,537.5346069335938,62.511192321777344,140.64253352957314,364.19255163411043,0.26410481333732605,0.12313595
14,1,-1.259023698733827,36.97658187986008,1.1344382762908936,2.093125104904175,390.3038635253906,-35.362178802490234,0.36177682876586914,5.249303340911865,235185.96875,2.2449333667755127,1060.5450439453125,58.412349700927734,-38.04100019886158,-387.2850016255168,0.3601285517215729,0.7093068
14,1,-0.8420940903634502,27.59750532184694,1.1774368286132812,2.0584802627563477,210.54298400878906,296.91015625,0.3997053802013397,1.1368086338043213,206052.734375,2.1764976978302,1197.5489501953125,172.2657470703125,295.77745038569026,-212.70574052157025,0.40147677063941956,0.9166656
14,1,-0.8665724556270913,42.161054568115134,1.1274316310882568,2.0778818130493164,102.15348815917969,337.3382873535156,0.438498318195343,5.643989562988281,160235.9375,2.202057361602783,781.5406494140625,106.26217651367188,332.0801911880636,-99.00362430227096,0.4373951554298401,0.30903447
14,1,-1.2176688949602075,34.70339091111475,1.1465957164764404,2.073448419570923,224.54718017578125,-278.46234130859375,0.31168603897094727,6.2504987716674805,160604.640625,2.1540448665618896,899.5675659179688,54.495933532714844,-281.22344548611295,-224.89868373147215,0.31549185514450073,0.7522853
14,1,-1.066436306324879,43.19357911785459,1.1006159782409668,2.094758987426758,-34.398624420166016,-389.8362121582031,0.4892386198043823,0.025756051763892174,239763.015625,2.2923712730407715,990.2450561523438,84.97787475585938,-395.42322333012714,33.42560940894522,0.48769742250442505,0.46748927
14,1,-0.8533204530040124,42.76702819984724,1.0898689031600952,2.019498586654663,-121.12265014648438,377.7337951660156,0.317044734954834,6.269954681396484,160604.640625,2.065236806869507,561.8565673828125,78.75977325439453,373.0964219765888,121.32481751117227,0.31549185514450073,0.10537023
14,1,-0.5689034333573318,41.69615826933536,1.1905826330184937,2.106523275375366,362.5126647949219,-211.88336181640625,0.2556382417678833,5.269307613372803,191754.8125,2.156937599182129,758.1240844726562,204.5675048828125,-214.05954132404284,-360.668014003133,0.25766947865486145,0.13124755
14,1,-1.0693658055667739,39.338894296211315,1.1065740585327148,2.0676286220550537,-358.5247497558594,107.2357406616211,0.25853613018989563,3.444599151611328,249138.78125,2.13405442237854,745.0156860351562,63.503684997558594,109.99566942803311,360.1502817261369,0.2515662908554077,0.4279068
14,1,-1.1068396504916278,38.93577270830249,1.1276164054870605,1.989869236946106,99.01875305175781,396.0364990234375,0.3704012930393219,2.3902220726013184,189445.671875,2.1375064849853516,753.966064453125,58.9537467956543,399.1094903348681,-99.70918866224129,0.37014371156692505,0.40102246
14,1,-1.280863450335317,43.50551391173947,1.076768159866333,2.1057751178741455,226.6355438232422,267.418212890625,0.46012771129608154,4.073695659637451,194507.3125,2.1878788471221924,762.1182250976562,39.9169921875,269.35409006754696,-223.45579355169642,0.46412259340286255,0.40003127
14,1,-1.0963949488247258,45.08249535537818,1.1357346773147583,2.075732707977295,-292.89898681640625,293.9232177734375,0.49251699447631836,4.831015586853027,181137.125,2.225538969039917,782.9121704101562,62.70719909667969,292.8800194354623,297.6939806368623,0.4918031692504883,0.14809923
14,1,-1.4065442436478488,36.900810046802405,1.195587158203125,2.0438880920410156,-359.2022705078125,165.49122619628906,0.3133637309074402,2.483530044555664,245559.765625,2.148815870285034,853.6041259765625,33.47425842285156,167.6998259858722,358.28430728713954,0.31512194871902466,0.52621764
14,1,-0.6620813437446507,45.006296234115666,1.1240684986114502,2.0994629859924316,292.19805908203125,-269.0732727050781,0.26024314761161804,1.844132423400879,169313.9375,2.1234724521636963,657.4796752929688,143.153076171875,-267.32500950374265,-293.89641896909166,0.25650858879089355,0.08271746
14,1,-1.1924864270561586,45.493319275898024,1.1241384744644165,2.082240581512451,-30.44194221496582,413.43072509765625,0.5135520696640015,5.1757493019104,167735.359375,2.2663161754608154,856.1482543945312,54.9619026184082,409.59160469342856,34.80033318601236,0.5139951109886169,0.15936406
14,1,-1.043353047543477,30.798509729489307,1.1611247062683105,2.043543815612793,313.79864501953125,119.65819549560547,0.2959824204444885,0.6825438737869263,188356.671875,2.159365177154541,1027.48046875,92.98653411865234,116.35679104972168,-317.01626524888076,0.29400667548179626,0.8818256
14,1,-1.2783037285742695,36.57857436600144,0.9711750745773315,2.053833246231079,-298.24530029296875,231.6626434326172,0.4179566502571106,5.985464572906494,195941.109375,2.1846842765808105,829.18408203125,43.686397552490234,227.21394544584905,297.56633182668475,0.417439341545105,0.8428401
14,1,-1.196558569964402,47.830263592436424,1.1986407041549683,2.062300205230713,291.55645751953125,197.6785888671875,0.3115377426147461,6.043435573577881,221433.953125,2.152865171432495,684.6427001953125,43.541603088378906,194.45504545477172,-290.90012444712585,0.3146604001522064,0.0069604223
14,1,-1.246725992389733,46.87698686862,1.1736022233963013,1.9993221759796143,-58.47573471069336,-408.2947692871094,0.31727540493011475,6.034667015075684,221433.953125,2.104999303817749,586.2826538085938,33.21847915649414,-412.2020103607621,58.68970443512551,0.3146604001522064,0.0063949376
14,1,-1.2364786593723764,27.332950448584644,1.1614441871643066,1.9768049716949463,289.1069641113281,237.50831604003906,0.1906096637248993,4.085951328277588,187348.9375,2.0107834339141846,822.5531616210938,47.718238830566406,235.84411719528973,-286.78899896084374,0.1941959112882614,0.8835903
14,1,-0.6169298139774706,45.96236044455358,1.1984355449676514,1.9519513845443726,369.8503723144531,-0.4919031262397766,0.42941150069236755,5.883059501647949,202516.703125,2.0940051078796387,628.1571044921875,151.75331115722656,-4.881087698365122,-368.5900113627757,0.427093505859375,0.008561257
14,1,-1.2018779701067785,45.84512699613957,1.1983429193496704,2.0285210609436035,152.9292755126953,349.45245361328125,0.23761916160583496,3.3116021156311035,246402.859375,2.112978458404541,617.1261596679688,38.76991653442383,351.000258307932,-151.4815523208087,0.23655681312084198,0.008829864
14,1,-0.9608459318540057,37.54391109786688,1.032401442527771,1.9623643159866333,386.6477966308594,28.379505157470703,0.32770419120788574,0.19715800881385803,239820.796875,2.022183895111084,576.9456787109375,63.13763427734375,24.493040759569297,-386.9887100422953,0.32505762577056885,0.64345026
14,1,-1.1117471705713238,44.63455500113251,1.12669038772583,1.9821877479553223,-48.02815246582031,-352.7763977050781,0.37883833050727844,1.8328741788864136,163742.828125,2.0759103298187256,593.374267578125,45.8754768371582,-351.3176046903504,44.93252280082084,0.37905579805374146,0.051767234
14,1,-1.092808066991496,38.52191175625962,1.0556366443634033,2.0728888511657715,263.6993408203125,-310.1242370605469,0.4606715142726898,1.729575276374817,198217.53125,2.2596096992492676,998.1187133789062,80.6071548461914,-309.7745885529656,-266.6911979479317,0.46509426832199097,0.78528744
14,1,-1.8925079038321748,28.09541886815653,1.0669997930526733,1.9913668632507324,341.37847900390625,131.7424774169922,0.34110450744628906,0.6702026724815369,243866.640625,2.1176044940948486,930.2926025390625,11.915383338928223,130.64885063235516,-342.96179880361746,0.34028202295303345,0.9178593
14,1,-1.1982230569021215,41.142833951777526,1.1530320644378662,2.0557985305786133,-264.182373046875,298.56207275390625,0.4546057879924774,3.7198781967163086,173783.8125,2.170919179916382,749.4585571289062,47.481414794921875,300.53819379566323,267.7659566824113,0.4532741904258728,0.36511645
14,1,-0.7723199033310896,45.880899814341014,1.1640939712524414,2.090695858001709,-262.6053466796875,291.4951171875,0.17565865814685822,0.5778783559799194,241618.28125,2.1327507495880127,636.1417236328125,107.45671844482422,289.7024294347373,262.35584706937345,0.1728089451789856,0.02509144
14,1,-0.8292791726495237,47.99310175560053,1.1127194166183472,2.0714938640594482,-309.6360168457031,-198.97607421875,0.24653983116149902,3.337005615234375,214755.96875,2.0904555320739746,549.2476196289062,81.37452697753906,-194.39367330630574,311.34032254332897,0.24790474772453308,0.015451667
14,1,-1.635618602491217,27.871557423350215,1.1913609504699707,2.105597972869873,-243.92636108398438,243.9194793701172,0.40846920013427734,0.8014053106307983,166836.9375,2.205286741256714,1346.75732421875,31.165159225463867,240.30814898930544,241.03859442621751,0.4096827208995819,0.9205118
14,1,-1.6522359471728316,35.17554490928677,1.0793770551681519,2.0555880069732666,312.177001953125,-213.68226623535156,0.4110339879989624,4.0547966957092285,191854.953125,2.1447904109954834,813.5354614257812,18.119163513183594,-211.78011160073535,-308.7560498782535,0.4136391580104828,0.8393463
14,1,-1.1340910664795902,34.93290204177079,1.1146317720413208,2.0851616859436035,44.02862548828125,394.2015075683594,0.39346614480018616,5.58148717880249,197127.5625,2.2125353813171387,990.5839233398438,72.7444076538086,388.17591734364527,-41.270761144615264,0.3939744234085083,0.8261308
14,1,-1.1318479111083937,32.34729073274049,0.9847689270973206,2.046604871749878,-360.7491760253906,8.398294448852539,0.49774789810180664,4.694783687591553,249119.875,2.2513725757598877,1187.2427978515625,87.63773345947266,6.4396358131982945,366.0696482610616,0.49528270959854126,0.9094786
14,1,-1.0702851063793957,45.71964347697864,1.1707489490509033,1.9869416952133179,-336.32354736328125,67.61687469482422,0.4538949429988861,4.09939432144165,197780.140625,2.15757417678833,689.5449829101562,58.651180267333984,70.06035344165548,340.41942567457414,0.4554487466812134,0.027729044
14,1,-0.9300822376038027,48.326098914489265,1.1416362524032593,2.033496618270874,-311.3858642578125,-264.4499816894531,0.37483951449394226,4.292483329772949,162957.375,2.0645925998687744,503.4256286621094,59.13605499267578,-269.96984012138626,315.96892219387064,0.3758328855037689,0.012963064
14,1,-1.2487102419628726,35.573327928781815,1.1757638454437256,2.0999069213867188,-46.74445724487305,-382.4363708496094,0.43131494522094727,3.8131518363952637,229347.25,2.2647833824157715,1121.5469970703125,63.2567024230957,-380.1415472459568,50.123009781980535,0.4298723638057709,0.805246
14,1,-1.2052992455981686,41.052583259748516,1.1792422533035278,1.9859431982040405,-75.61028289794922,-353.0571594238281,0.4577925503253937,4.105250835418701,197780.140625,2.089123487472534,606.5720825195312,37.80785369873047,-351.4611312102035,77.18062092361866,0.4554487466812134,0.1794516
14,1,-1.155763088962767,39.78387665567276,1.0567430257797241,1.9637688398361206,47.43470001220703,-375.0574035644531,0.2072233259677887,3.1386120319366455,171917.546875,2.013540744781494,526.5133666992188,36.78282928466797,-373.5994858895051,-47.587647077670724,0.20596645772457123,0.19323735
14,1,-1.017379647485265,36.542674980749744,1.1819554567337036,1.9986412525177002,129.80703735351562,-383.6305847167969,0.31594985723495483,3.1369149684906006,161062.1875,2.0937750339508057,780.9786987304688,75.03414916992188,-379.65986542422485,-133.21105171979127,0.31612104177474976,0.4711226
14,1,-0.8580369590901479,46.225385159946626,1.1617588996887207,2.014845132827759,-31.829374313354492,-411.34783935546875,0.31589943170547485,2.728184938430786,171148.21875,2.1527671813964844,654.72412109375,90.78642272949219,-408.85375792536325,32.52135805724119,0.312282919883728,0.016702149
14,1,-1.002644679345953,43.411980674015034,1.1148467063903809,2.069444417953491,-185.57728576660156,-343.2225036621094,0.2588944435119629,0.03780665248632431,195666.6875,2.1144261360168457,641.7399291992188,63.78428649902344,-346.4552107822372,185.87487409019377,0.2599688172340393,0.14409947
14,1,-0.8058833212024135,46.87101953834861,1.11491858959198,1.971292495727539,296.5622253417969,-277.7363586425781,0.44474872946739197,5.729135990142822,175254.578125,2.0645318031311035,551.1896362304688,86.18212890625,-281.37789818890974,-293.81480768409455,0.44486895203590393,0.019587371
14,1,-0.9430282854761032,48.64607366194374,1.1623809337615967,1.992020845413208,-186.9552459716797,328.9991455078125,0.35076072812080383,5.549150466918945,165245.0,2.1460893154144287,640.2024536132812,72.99421691894531,326.10033405011075,189.1924353456049,0.3489096164703369,0.004217206
14,1,-0.816084123085634,43.404608403926304,1.0783926248550415,2.076690435409546,228.58668518066406,-339.8914489746094,0.5145536661148071,0.0074751051142811775,234387.9375,2.2355923652648926,842.9491577148438,128.7410125732422,-344.7096218807048,-229.0047091915032,0.5156245827674866,0.4783353
14,1,-0.7804655465232551,47.92561732192148,1.162224531173706,2.0663790702819824,176.51499938964844,314.2575988769531,0.44944584369659424,1.6444718837738037,160213.140625,2.0832414627075195,564.796630859375,93.63238525390625,314.802182479397,-178.60851181094918,0.448464959859848,0.038359385
14,1,-1.1325589861614889,37.46081395024176,1.1865265369415283,1.9642746448516846,285.300537109375,145.74954223632812,0.34876549243927,5.542741298675537,165245.0,2.137263774871826,833.4182739257812,61.41908264160156,142.0406846620487,-284.00401788149264,0.3489096164703369,0.26675236
14,1,-1.0168388111451738,35.38105298995235,1.184876561164856,1.983625054359436,219.06430053710938,334.05792236328125,0.442195862531662,1.1729323863983154,166173.0,2.130312204360962,817.3941040039062,78.63069915771484,331.53779343185323,-222.57595662375826,0.4426223039627075,0.7048541
14,1,-0.9338207563468084,47.26489487686318,1.199338436126709,2.1017024517059326,286.8266906738281,-263.57147216796875,0.3449244201183319,6.1678466796875,195444.796875,2.20373272895813,763.01611328125,88.86125946044922,-266.6910040053006,-287.4827590553461,0.3486347198486328,0.017158534
14,1,-1.2581381909278253,47.18102706424076,1.1518592834472656,2.0258891582489014,6.224231719970703,380.0865173339844,0.30568206310272217,3.8024280071258545,191685.390625,2.094493865966797,593.587646484375,32.760108947753906,381.72300260516255,-2.9364141569633726,0.30453458428382874,0.011641357
14,1,-1.0954983764984703,46.42223060392416,1.1378858089447021,2.0539016723632812,245.0986785888672,-239.13087463378906,0.4227234721183777,1.2880549430847168,171988.625,2.1790518760681152,755.4773559570312,60.634857177734375,-241.95566109182272,-247.5589182085647,0.41996636986732483,0.06755319
14,1,-0.9941472283041495,45.40912209363475,1.1172444820404053,2.0031678676605225,320.6303405761719,-161.8619384765625,0.34888431429862976,6.181733131408691,195444.796875,2.1552934646606445,718.4627075195312,72.82096099853516,-166.14455423650168,-321.21180053699646,0.3486347198486328,0.026959158
14,1,-1.3483605548461701,26.333424907861353,1.1859767436981201,2.0912511348724365,-335.404052734375,222.0719757080078,0.19981834292411804,4.983778476715088,171622.046875,2.0593700408935547,963.0067138671875,43.17852020263672,221.54035722439843,337.2226345814945,0.19831717014312744,0.90720904
14,1,-1.1453053418900498,42.96687650203428,1.0929882526397705,2.0639851093292236,173.7277069091797,-283.3116455078125,0.5100348591804504,4.792172431945801,197908.296875,2.1949589252471924,805.15087890625,57.61972427368164,-285.41250197640613,-169.66645916689973,0.5133468508720398,0.37016004
14,1,-1.2012550858404545,40.59701652163571,1.1268818378448486,2.058147668838501,179.97743225097656,369.34808349609375,0.5119539499282837,4.791216850280762,197908.296875,2.190051317214966,809.9923706054688,50.95948028564453,368.89076339661233,-174.91902384615096,0.5133468508720398,0.5181395
14,1,-0.9846793161655412,40.9318890943946,1.1529861688613892,2.0974886417388916,270.68328857421875,230.367919921875,0.43221139907836914,6.139011859893799,208421.5,2.2236735820770264,853.8040771484375,88.446044921875,226.5392585288093,-270.07717035206065,0.4339410364627838,0.39936417
14,1,-0.8703300891521113,42.71988834384184,1.081608533859253,1.9563255310058594,-65.580322265625,-395.6661071777344,0.5097953677177429,3.117255926132202,167708.546875,2.1408638954162598,676.7461547851562,91.22108459472656,-393.92444559872183,63.29338586065433,0.5130634903907776,0.21931423
14,1,-0.9891032732141485,42.475609875211006,1.1182758808135986,2.106279134750366,384.3276062011719,-14.34619426727295,0.2670086920261383,1.5474759340286255,175776.734375,2.123783826828003,683.4534912109375,70.08177185058594,-14.551400155625569,-387.44346774000246,0.26982709765434265,0.24795932
14,1,-1.0854250316335463,42.336707272887686,1.1727006435394287,2.0276987552642822,-307.8260192871094,159.42808532714844,0.47886648774147034,1.48789644241333,173435.25,2.1679508686065674,744.3931274414062,61.1472053527832,157.54129699079954,304.82447115971263,0.4826781153678894,0.23365723
14,1,-1.0731856345532547,32.621661767331375,0.8285403251647949,2.053624153137207,43.43035125732422,328.20465087890625,0.3008764684200287,5.292910575866699,244970.265625,2.063370704650879,709.1282348632812,59.9153938293457,325.72182899866317,-41.868067908714586,0.2995660603046417,0.91726565
14,1,-0.8574501358326512,41.77839941634163,1.0889086723327637,1.9916560649871826,-282.00860595703125,-190.37850952148438,0.4825308322906494,1.4952927827835083,173435.25,2.127432107925415,718.640625,99.78406524658203,-191.04406131619785,278.4760398733586,0.4826781153678894,0.35925013
14,1,-1.204956111867224,49.518348630294355,1.1318488121032715,2.028796672821045,-318.7154235839844,-44.2711067199707,0.45113104581832886,0.5111045241355896,186122.5,2.183426856994629,656.831298828125,40.972896575927734,-48.56461493567027,316.24817741386744,0.44797107577323914,0.020856114
14,1,-0.9898956734980147,36.83889920822238,1.0480555295944214,1.9563567638397217,-315.5299072265625,236.06797790527344,0.4683455228805542,0.6874155402183533,184788.078125,2.055387258529663,606.7360229492188,62.101688385009766,231.66475040367425,313.5497552487709,0.46921780705451965,0.7624893
14,1,-1.0422808480409906,49.87442713376544,1.1915510892868042,2.0917224884033203,-133.4682159423828,320.4574890136719,0.28894487023353577,0.8484702706336975,170922.046875,2.05777645111084,492.22125244140625,44.65586853027344,315.12400689801484,130.7226648634366,0.2854984402656555,0.0076997913
14,1,-0.9524977976749623,31.095158624721265,1.0156168937683105,1.9931310415267944,166.94110107421875,-369.3035583496094,0.3233543634414673,0.24036921560764313,165244.5625,2.016751527786255,672.3501586914062,75.00619506835938,-374.30457350959745,-164.85455239277616,0.3226487338542938,0.90504324
14,1,-1.4991358760901088,38.36430179471253,1.1736787557601929,2.0834038257598877,301.515869140625,186.38638305664062,0.48591312766075134,1.2153241634368896,165814.921875,2.208728551864624,978.9675903320312,31.01923179626465,184.37660923510492,-305.05201907102725,0.48658594489097595,0.70278084
14,1,-0.9918571262236379,42.46029432221644,1.1898412704467773,2.069399833679199,327.81787109375,22.933748245239258,0.4796633720397949,5.962399959564209,237195.9375,2.2197656631469727,913.0927734375,93.03734588623047,18.086061159125972,-326.0403511398632,0.47765374183654785,0.20152588
14,1,-1.388557798541709,38.13404520836543,1.1468784809112549,2.03615665435791,-112.60551452636719,394.9454040527344,0.5207926630973816,3.280839204788208,176386.59375,2.2655787467956543,1014.1778564453125,41.45293426513672,397.1629100363431,112.80721925771832,0.5200281143188477,0.6836497
14,1,-1.1815051942191412,49.47393223037038,1.1460679769515991,1.9335778951644897,-159.2955322265625,-343.10394287109375,0.4883510172367096,1.215107798576355,165814.921875,2.157843589782715,633.6083374023438,41.7171516418457,-346.75051087889017,156.11241535018564,0.48658594489097595,0.0072865766
14,1,-0.8465679876620487,34.37915694805871,1.137527346611023,1.992323398590088,327.9179382324219,30.383283615112305,0.3344299793243408,5.798336029052734,236358.75,2.0344488620758057,634.7722778320312,90.375244140625,26.061758868385578,-327.08825306867476,0.3330923914909363,0.69411397
14,1,-1.0328089029589145,33.41200287173877,1.0633227825164795,1.957833170890808,325.8948059082031,-73.8427963256836,0.44455620646476746,0.751677930355072,183080.359375,2.056908369064331,707.0734252929688,65.56241607666016,-76.81846512354905,-329.07652071698845,0.44314759969711304,0.86368036
14,1,-1.2811653068885231,37.402974793528806,1.167700171470642,2.085775852203369,-291.6651611328125,-148.06723022460938,0.4932496249675751,1.1834404468536377,236143.828125,2.260465145111084,1134.831787109375,59.39712905883789,-149.0820415811675,288.5177022537157,0.49457627534866333,0.7708088
14,1,-0.9020169444968216,38.84496959093786,1.1748484373092651,2.075348377227783,-230.03994750976562,235.3711700439453,0.30911925435066223,1.374332070350647,174792.359375,2.125206708908081,732.9199829101562,91.84153747558594,235.3338938717855,229.08257169778707,0.3288521468639374,0.46289137
14,1,-1.4773908981245194,27.755291285136924,1.1994202136993408,2.107354164123535,-268.71844482421875,209.8052978515625,0.2859778106212616,1.5318843126296997,170560.59375,2.181025266647339,1315.8709716796875,43.83504104614258,209.5164016595893,267.3091783759668,0.28701433539390564,0.91236156
14,1,-0.8232201253580085,40.333786261688985,1.0609437227249146,1.9202041625976562,-330.44818115234375,197.1309051513672,0.22660759091377258,5.336361408233643,161857.125,1.9620424509048462,468.0340576171875,70.31641387939453,195.15411452832276,332.1405284392303,0.225009948015213,0.08271235
14,1,-1.1644764351817298,42.93783697013436,1.1381856203079224,2.028921365737915,-333.2052307128906,-153.14527893066406,0.3388599753379822,4.151488304138184,173327.1875,2.1635448932647705,701.6942749023438,48.04747772216797,-148.7765252430448,337.35725828333045,0.33640405535697937,0.09855656
14,1,-1.547639595412444,37.943858037807765,1.1692914962768555,2.0254995822906494,-323.81036376953125,245.31983947753906,0.3981616199016571,5.882253646850586,198352.796875,2.153233528137207,815.8724365234375,23.119625091552734,241.65016245523287,324.10000595084585,0.39803430438041687,0.45515764
14,1,-1.0069208676498673,47.98886927714576,1.190977931022644,1.928579330444336,-121.59638214111328,-312.0973815917969,0.5105363726615906,2.1782217025756836,178427.171875,2.133077621459961,652.5620727539062,64.22443389892578,-309.40724613198046,115.60335941545273,0.511145830154419,0.007944823
14,1,-1.1312799455545346,33.550967996767426,1.0784862041473389,1.9642746448516846,-140.6510772705078,-374.1273498535156,0.34948796033859253,1.801624059677124,169271.078125,2.1396329402923584,868.802490234375,64.21558380126953,-374.9771320079368,138.53465155773458,0.3529973030090332,0.82401687
14,1,-0.753969320338722,44.36050458116591,1.1835732460021973,2.0521373748779297,276.13299560546875,254.4024200439453,0.2175523042678833,3.783158779144287,183079.46875,2.1008002758026123,639.8762817382812,112.75253295898438,255.01104148084949,-275.2608270515462,0.21757134795188904,0.021796132
14,1,-1.2029615945137337,38.20842364885597,1.1116440296173096,2.020031213760376,-193.3429718017578,-360.8534240722656,0.42722073197364807,1.8821096420288086,161648.625,2.1790847778320312,875.5242919921875,54.86631774902344,-358.21664284113115,188.80811041716177,0.4285185933113098,0.6414993
14,1,-0.7382472637621945,42.370297865237355,1.1633938550949097,2.0327649116516113,87.87298583984375,-396.02960205078125,0.300517201423645,5.4873247146606445,179408.828125,2.097259759902954,614.3260498046875,112.24093627929688,-399.110190257703,-87.14684302221286,0.2990790605545044,0.07194294
14,1,-1.0127095435140503,39.892367262769355,1.1309322118759155,2.1109209060668945,290.3125305175781,158.74530029296875,0.40634024143218994,5.922035217285156,218717.265625,2.176788330078125,814.9653930664062,79.1460189819336,154.86075847949417,-289.4453089648827,0.4088035523891449,0.5446795
14,1,-1.064704382499578,42.53057794681508,1.1944561004638672,1.8082455396652222,195.39500427246094,347.6039733886719,0.44633135199546814,0.2596757709980011,181593.90625,1.9348640441894531,427.84124755859375,36.861846923828125,341.71047114770596,-196.87454720835242,0.4451703131198883,0.014502673
14,1,-1.121320771133932,44.65838265383785,1.142288327217102,2.0244834423065186,-363.9403381347656,161.79458618164062,0.4488617181777954,0.2824556529521942,181593.90625,2.029118537902832,475.212158203125,35.93896484375,158.784080979563,360.6130088838209,0.4451703131198883,0.12027619
14,1,-0.8217560583393031,47.089587460524136,1.1619253158569336,1.9578808546066284,-62.29923629760742,-345.8384704589844,0.3395497500896454,4.175564765930176,190841.1875,2.020240306854248,460.98541259765625,69.4913101196289,-345.13751134927475,61.82939804643724,0.3415217995643616,0.005663811
14,1,-1.156940194976313,41.78646186955955,1.103859543800354,1.928579330444336,-177.54637145996094,352.1600646972656,0.5090317130088806,3.5632503032684326,210928.734375,2.1334218978881836,689.0921630859375,48.010498046875,357.0609428751085,185.9268712979931,0.5084589719772339,0.19462018
14,1,-0.8112053941825723,37.256257224044795,1.0514802932739258,1.9348385334014893,367.4660949707031,-81.96185302734375,0.26380792260169983,0.327443927526474,225415.96875,1.9322367906570435,488.9443359375,75.51851654052734,-82.88193659115387,-370.6650289546997,0.26413166522979736,0.5032961
14,1,-1.2613620655329718,46.875246403043484,1.1937083005905151,2.039991855621338,395.4720458984375,-51.73954772949219,0.37300682067871094,1.6499342918395996,183757.109375,2.1568970680236816,707.4103393554688,38.753257751464844,-53.40159095612573,-398.49088513244754,0.3636687994003296,0.0204029
14,1,-1.1943908300945683,42.31757312268905,1.1903690099716187,2.075584650039673,322.94696044921875,17.456912994384766,0.39094164967536926,2.5138580799102783,204318.578125,2.1762351989746094,792.8104858398438,50.673126220703125,21.424788757098355,-324.9614607551981,0.38698193430900574,0.19511458
14,1,-1.0975797578017497,32.98197201685607,1.1519460678100586,1.8203275203704834,271.2887268066406,171.24436950683594,0.4165385663509369,1.1444262266159058,162530.078125,1.9390146732330322,569.6571044921875,45.50224304199219,170.63243665474124,-274.78091010592647,0.4178955852985382,0.63044965
14,1,-1.007708039166598,41.71099789606716,1.1199865341186523,1.9047610759735107,-378.5511169433594,-148.13504028320312,0.4118548035621643,1.1575913429260254,162530.078125,1.9826421737670898,487.0266418457031,47.845794677734375,-151.30317322386153,376.5096464237655,0.4178955852985382,0.10275964
14,1,-0.7123154936335011,42.443143636616824,1.1062140464782715,2.037628412246704,341.6698913574219,125.31875610351562,0.19810636341571808,3.4550395011901855,163519.9375,2.0374152660369873,540.0250244140625,104.73648071289062,128.0328828853994,-340.9948958379245,0.19712047278881073,0.08473444
14,1,-1.1547827117816425,36.98783330133804,1.1688264608383179,2.105597972869873,-386.33795166015625,67.34933471679688,0.41035813093185425,6.130637168884277,221126.65625,2.2085580825805664,1019.2119140625,71.36432647705078,62.62989304739568,387.2703910156712,0.4091935157775879,0.7030159
14,1,-1.1289574246402931,46.45713928008589,1.0612578392028809,2.091322422027588,241.55093383789062,-325.75726318359375,0.4967831075191498,0.3857351839542389,244966.03125,2.2897181510925293,953.8076171875,70.87657928466797,-329.13649629944206,-244.18623880605034,0.4951923191547394,0.25289217
14,1,-0.6323484234131507,46.658542522460756,1.1440582275390625,2.0434093475341797,216.4819793701172,-348.57464599609375,0.4115140438079834,2.9090375900268555,166987.890625,2.0905914306640625,612.4892578125,142.8070831298828,-345.5549147469275,-215.48982516225954,0.41282394528388977,0.040977817
14,1,-0.761924969676733,43.676346883586774,1.127062439918518,2.0240917205810547,397.84857177734375,116.61992645263672,0.18742415308952332,4.2679667472839355,226618.671875,2.0348968505859375,534.6942749023438,92.50817108154297,114.5303321640812,-396.1149243639331,0.18754035234451294,0.02909593
14,1,-1.499586437491279,44.15663440288852,1.132834792137146,2.042015790939331,-3.3940982818603516,384.12939453125,0.47885048389434814,0.264722615480423,165680.46875,2.232548952102661,827.6758422851562,26.198244094848633,378.8409700839106,0.3301872770219145,0.47692129015922546,0.20781076
14,1,-1.0663161793755387,47.39557152735712,1.1747150421142578,2.07816743850708,415.5004577636719,-13.819547653198242,0.18337410688400269,2.7363314628601074,200074.96875,2.1412084102630615,618.6814575195312,53.10679626464844,-14.327605437666369,-419.01608354711055,0.1851237267255783,0.008266905
14,1,-1.3369300398884925,42.04768254790539,1.08225417137146,2.094163656234741,-329.5426330566406,255.74424743652344,0.47607263922691345,0.26721125841140747,165680.46875,2.206155300140381,769.0186767578125,35.40019226074219,251.98855219566246,328.7045708087453,0.47692129015922546,0.58135366
14,1,-1.151627116090466,40.83978405618997,1.1416867971420288,1.9958175420761108,-1.8517543077468872,344.3948059082031,0.451072633266449,4.511216163635254,173114.015625,2.1575357913970947,795.3634643554688,56.09675598144531,344.4708248272662,6.984349968975716,0.45151394605636597,0.26057413
14,1,-1.0284560407954537,38.47332531409947,1.1255137920379639,2.0756499767303467,27.07659339904785,-374.07452392578125,0.22678270936012268,5.436336517333984,168546.421875,2.0571539402008057,620.862060546875,58.148475646972656,-374.13620177348264,-23.23353171126769,0.2294025719165802,0.40810615
14,1,-1.053806931544886,45.81020753192138,1.193485975265503,2.0645952224731445,346.03814697265625,-65.039794921875,0.2807579040527344,0.38069531321525574,186488.796875,2.141519069671631,679.3507690429688,60.0186767578125,-67.52400882028977,-347.2872752056044,0.2834199368953705,0.028000738
14,1,-1.1045915339519123,44.80653186622754,1.1937057971954346,2.036423921585083,350.4048156738281,173.99961853027344,0.38285136222839355,5.353261947631836,195756.90625,2.1836864948272705,759.6722412109375,59.70820236206055,171.09668587846062,-348.32782167979013,0.3806360065937042,0.03276406
14,1,-1.1288558359009475,35.5301287772468,1.1860754489898682,2.0823562145233154,115.89705657958984,333.3634338378906,0.40815305709838867,4.215485095977783,216304.703125,2.202488660812378,986.4852294921875,73.32197570800781,334.1392542914938,-115.19711938041645,0.4101313650608063,0.7659217
14,1,-1.2104036559886784,32.41743559287997,1.1948858499526978,2.02420711517334,290.0359191894531,-186.01669311523438,0.35826390981674194,4.377573013305664,180420.328125,2.07077956199646,800.98193359375,49.3421630859375,-185.5278084922934,-287.35731859853416,0.3622167110443115,0.8113804
14,1,-1.1325022509873963,46.70729754172671,1.1193288564682007,1.9883931875228882,-299.4607849121094,123.7407455444336,0.36839383840560913,4.381073474884033,180420.328125,2.031046152114868,446.24310302734375,32.89030838012695,125.82072131044907,305.45279494560873,0.3622167110443115,0.017530749
14,1,-0.8120202439013883,47.399025098365165,1.197363018989563,2.0897796154022217,-364.6614990234375,118.08004760742188,0.4210624098777771,0.9558308720588684,193006.65625,2.171950340270996,678.65185546875,104.62281036376953,115.21156486716256,358.85730353831894,0.4176546633243561,0.04048346
14,1,-0.40240058053866523,43.753523719128374,1.1003555059432983,1.8955693244934082,-380.4585266113281,-110.21648406982422,0.3337398171424866,2.657626152038574,244497.234375,1.9858729839324951,468.85455322265625,185.6253662109375,-108.5448870939583,379.5042376745145,0.33428308367729187,0.023884628
14,1,-1.4137616946552403,41.00376776995544,1.187126874923706,2.050581455230713,-257.7181701660156,-269.5654296875,0.4920963644981384,0.2761845290660858,194011.75,2.214759349822998,902.8377075195312,34.821441650390625,-273.70626825353133,256.1392973681039,0.49251532554626465,0.41008705
14,1,-1.3803702702445084,32.27670060022194,1.1525115966796875,2.016754150390625,216.6821746826172,-303.739501953125,0.48944762349128723,4.884539604187012,188224.09375,2.244701385498047,1269.0472412109375,52.85750961303711,-305.1487346395806,-213.48539507852462,0.48798495531082153,0.86498857
14,1,-0.9956574030332834,43.69061253751622,1.1881195306777954,2.0646743774414062,285.15740966796875,297.5760192871094,0.45012834668159485,1.1437733173370361,189348.4375,2.1667020320892334,736.8576049804688,74.42615509033203,296.2142998884795,-286.74590382826244,0.44963338971138,0.16259006
14,1,-0.9132161860955132,29.43277358868451,1.0188380479812622,2.0333359241485596,-351.5233459472656,156.1045379638672,0.27037107944488525,2.1602060794830322,207363.671875,2.0249147415161133,718.8502807617188,87.78529357910156,156.0949126272043,350.5080280035818,0.2707298696041107,0.9151599
14,1,-1.0264121857382849,49.5989975527,1.18215012550354,2.029026508331299,123.0189208984375,360.15045166015625,0.2653487026691437,5.784284591674805,162852.828125,2.0522377490997314,501.4964294433594,47.19051742553711,358.27628062635245,-122.57232832643675,0.2650623619556427,0.0021118815
14,1,-0.6799061678426047,40.933076830096454,1.1314961910247803,1.8629703521728516,292.4903259277344,145.01559448242188,0.35364511609077454,1.048892617225647,215444.046875,1.993514895439148,518.630615234375,108.38060760498047,142.62954979927278,-294.84784194807514,0.3542555272579193,0.056505576
14,1,-1.3571142758605643,40.88108358021873,1.149112343788147,2.023559331893921,16.534286499023438,348.9402160644531,0.4997157156467438,6.233726501464844,173274.265625,2.2397725582122803,948.2049560546875,41.66648864746094,343.4240436120906,-16.381202034870157,0.49790093302726746,0.3216541
14,1,-1.216398248410671,30.90610609969243,1.1793919801712036,2.105597972869873,-114.0108871459961,-355.64422607421875,0.40990766882896423,2.487839937210083,205928.296875,2.2077438831329346,1206.656982421875,73.31367492675781,-353.0655585424019,113.19067874915233,0.4092228412628174,0.89832795
14,1,-1.1971244925164144,48.64134779732419,1.1708061695098877,2.108224630355835,-65.71961212158203,-378.9996643066406,0.4947681427001953,6.229404926300049,173274.265625,2.24330997467041,831.60986328125,52.81950378417969,-383.9966720535193,66.40903708592893,0.49790093302726746,0.034252834
14,1,-1.007927746509567,39.645183337830716,1.1695146560668945,2.089862585067749,129.35047912597656,-342.45452880859375,0.42951273918151855,2.8912672996520996,200961.734375,2.221358299255371,970.0587158203125,95.25106048583984,-339.7570610740823,-130.31352626566655,0.4326632022857666,0.54281867
14,1,-0.7477362553499463,42.38655830736104,1.000309705734253,1.8693389892578125,194.69454956054688,296.8518371582031,0.5008061528205872,1.1695932149887085,160849.6875,2.021977424621582,537.2194213867188,96.03178405761719,294.96576042392354,-198.86743140396104,0.5049256086349487,0.23231843
14,1,-1.2308660955009378,38.51807210682727,1.1550906896591187,2.028843402862549,353.7506103515625,-72.37740325927734,0.37408220767974854,1.2466692924499512,174367.40625,2.1451661586761475,801.649169921875,47.11045837402344,-73.4399278710613,-357.0159797703332,0.3728615641593933,0.5074385
14,1,-0.8753882811998741,45.250068963322654,1.1647498607635498,2.0789904594421387,8.81348991394043,408.46209716796875,0.45061638951301575,5.6270856857299805,220361.328125,2.23332142829895,810.770263671875,108.02123260498047,405.62069295224836,-5.63492658401474,0.4543638825416565,0.08438122
14,1,-1.0577244692474639,40.21862581669786,1.124555230140686,2.0467734336853027,146.41600036621094,297.2463684082031,0.3099971413612366,4.298017978668213,174412.71875,2.1045966148376465,670.4089965820312,58.69682693481445,298.3462832231334,-141.75262688922587,0.3108246922492981,0.3008311
14,1,-0.9762149877718779,40.12186071625274,1.106903314590454,1.9716997146606445,-297.6306457519531,-122.73030853271484,0.4248450696468353,5.59686803817749,173514.34375,2.132236957550049,697.903076171875,73.7190170288086,-126.63722190958457,302.7241376110512,0.4247516691684723,0.28161505
14,1,-0.8613383868187099,39.01168905394212,1.011816143989563,1.9932574033737183,-327.23638916015625,-47.88652038574219,0.50555819272995,1.1588387489318848,160849.6875,2.020787477493286,538.9371948242188,74.16503143310547,-49.959619069325086,322.1502791884242,0.5049256086349487,0.7449427
14,1,-1.1561533756241633,25.578932905792836,1.1417909860610962,2.0457258224487305,-273.5018310546875,-206.91165161132812,0.5222894549369812,6.019976615905762,243667.65625,2.1843295097351074,1384.686767578125,96.64907836914062,-211.81680590922582,273.72176589415454,0.521248996257782,0.9262108
14,1,-0.9847726998807569,44.643361690480624,1.178054928779602,2.0418922901153564,-260.5995178222656,293.8317565917969,0.3750706613063812,1.9714049100875854,165429.578125,2.1204352378845215,631.7380981445312,65.42800903320312,295.1375776608244,259.0622091428853,0.3717222809791565,0.05972996
14,1,-1.3997847820423617,33.49245038333496,1.1553090810775757,2.023559331893921,229.26272583007812,-283.5945739746094,0.5023040771484375,1.2209302186965942,193042.203125,2.2451329231262207,1235.2467041015625,49.20033264160156,-285.27514805026084,-233.09443488750554,0.5036789774894714,0.86331433
14,1,-0.8740412387077667,43.14184546765062,1.1402307748794556,2.100055456161499,-278.608642578125,-180.9400634765625,0.3974679112434387,0.6344549655914307,240596.65625,2.201380491256714,838.6002807617188,112.0761947631836,-185.4028925064339,276.90894636507824,0.3970588743686676,0.29722807
14,1,-0.9854584833221248,42.84362595586158,1.1055341958999634,1.8778437376022339,-5.459963798522949,347.4307556152344,0.30827632546424866,1.3555786609649658,187647.34375,1.960615634918213,461.6700744628906,47.7388916015625,347.6369096761708,3.4504740350802483,0.30926162004470825,0.027006997
14,1,-1.2104080451348136,47.037707741859364,1.1909122467041016,1.8922592401504517,299.6474914550781,285.0161437988281,0.4688478112220764,0.7240921854972839,177290.09375,2.0356290340423584,496.4120788574219,30.579675674438477,280.8840734296548,-300.7903210614969,0.47126537561416626,0.007013701
14,1,-1.0131790633485769,41.018332264307546,1.1730883121490479,2.070871353149414,-383.1736755371094,-139.22821044921875,0.3960983157157898,0.6365112662315369,240596.65625,2.182591438293457,826.7971801757812,80.20831298828125,-143.2664042666859,381.49528011643264,0.3970588743686676,0.3617559
14,1,-0.6877254955921892,40.98593610235001,1.1729146242141724,2.0878794193267822,293.4350280761719,262.1850891113281,0.19768863916397095,0.864560604095459,206940.125,2.0851972103118896,643.018310546875,131.97677612304688,261.085571270392,-294.94931160548884,0.19652880728244781,0.18233892
14,1,-1.2167753348796433,44.71462553723687,1.1105495691299438,1.9757925271987915,334.92926025390625,-33.984588623046875,0.4540771543979645,3.5194296836853027,165361.234375,2.14493727684021,647.4180297851562,39.301429748535156,-29.531538161517886,-333.6791473412625,0.45195016264915466,0.0707216
14,1,-0.9366265803214173,42.856795370579256,1.178462266921997,2.019921064376831,-357.0953063964844,91.32199096679688,0.45390141010284424,1.8968868255615234,218074.28125,2.1784276962280273,756.5235595703125,87.53775024414062,93.69068111092145,353.52189015739464,0.4551595449447632,0.15001385
14,1,-1.035234719056674,42.787415651660304,1.0524526834487915,1.919946312904358,63.22079849243164,-344.81463623046875,0.48105016350746155,1.247792363166809,178738.59375,2.134589910507202,714.88623046875,65.9176254272461,-344.9409372611339,-68.58199704057242,0.4790857434272766,0.19571505
14,1,-0.8496846747862257,29.075035586397142,1.1804864406585693,1.8853012323379517,-50.65312576293945,-331.9179382324219,0.398087739944458,4.962455749511719,165287.15625,1.9962594509124756,716.4354858398438,101.2726058959961,-332.1763958650728,52.85180195344981,0.4013749361038208,0.8370938
14,1,-1.5214858847922066,32.5527025064221,1.1311793327331543,2.0011675357818604,-361.2047119140625,30.118938446044922,0.5188696980476379,3.733098268508911,163044.4375,2.204136848449707,1026.8670654296875,30.904870986938477,34.36296079825625,363.85556468639265,0.519737958908081,0.87304235
14,1,-0.9768856294041411,47.78727244320427,1.1941871643066406,2.0792410373687744,248.1331329345703,-295.4620361328125,0.4739498496055603,0.4535360336303711,175281.78125,2.2433996200561523,838.6149291992188,88.44564819335938,-299.71459801395423,-250.22200605753847,0.4711209535598755,0.045664605
14,1,-0.8380704532639459,38.247995449354114,1.039699673652649,2.013963222503662,123.63243865966797,361.3065185546875,0.18676291406154633,0.3332643210887909,223609.9375,2.045448064804077,559.8920288085938,81.2892837524414,357.1032505001887,-123.43923167109008,0.18567395210266113,0.5189046
14,1,-0.9055017696882108,48.239524629949706,1.16954505443573,1.9902514219284058,-42.09919738769531,343.2712097167969,0.2417556643486023,0.3251635730266571,233260.796875,2.0489089488983154,521.59130859375,64.8377456665039,341.89529905926634,40.91309469558768,0.24292810261249542,0.004430117
14,1,-1.100025636745379,39.06967345518801,1.185449242591858,2.005924940109253,-198.57728576660156,292.8614501953125,0.37585973739624023,2.6884708404541016,163584.34375,2.027675151824951,672.5167236328125,53.416648864746094,295.0772801576771,196.41920123238717,0.37541261315345764,0.30912384
14,1,-1.3139514180750442,44.89381588766609,1.1561834812164307,2.065988302230835,-249.32595825195312,-287.6824645996094,0.18281596899032593,3.2534406185150146,174085.484375,2.085829496383667,604.477783203125,29.337793350219727,-285.7276604275483,246.75886189537243,0.17806440591812134,0.02311575
14,1,-1.1250722284709902,46.945868615330276,1.1800090074539185,2.104788064956665,319.2174987792969,220.0130615234375,0.38629141449928284,2.100900888442993,242190.125,2.2122559547424316,778.6367797851562,58.37971115112305,222.3298624677481,-321.96881720841225,0.3835030198097229,0.048382416
14,1,-0.6755473324148459,27.176697567855342,1.1326762437820435,2.0584802627563477,-272.262451171875,262.9560241699219,0.39859631657600403,5.515888690948486,179718.046875,2.184277296066284,1215.069091796875,256.47998046875,258.00318557859384,272.4508376257046,0.39917030930519104,0.9128862
14,1,-0.9343189482247973,48.87098269948929,1.163390874862671,2.065608024597168,374.7928161621094,69.47035217285156,0.3828284442424774,2.096863031387329,242190.125,2.204359769821167,731.4457397460938,85.0868911743164,69.86893208822853,-376.9604817075506,0.3835030198097229,0.01657991
14,1,-0.9462201094453107,48.14958265887192,1.1809579133987427,1.9550645351409912,-256.5914306640625,-201.7329864501953,0.4037856459617615,6.10042142868042,162287.53125,2.082714319229126,576.71435546875,65.27396392822266,-206.57294186662037,256.6856702736321,0.39502426981925964,0.003602663
14,1,-1.0831360971209718,33.616034139814154,1.19662344455719,2.046395778656006,-362.62078857421875,-1.2007746696472168,0.3352280557155609,2.200160503387451,208482.9375,2.1530723571777344,935.38427734375,77.24198150634766,-0.7196273087338401,360.85063636282973,0.33584997057914734,0.79175293
14,1,-0.8962945989794713,47.420348094040506,1.1359941959381104,2.0623512268066406,-19.786834716796875,-326.91619873046875,0.447830468416214,3.6525211334228516,191207.0625,2.100154399871826,561.4691772460938,71.29034423828125,-322.9349943230963,21.24648382949994,0.4483642280101776,0.04577008
14,1,-1.090946816344367,49.10995440083463,1.1462836265563965,2.0011675357818604,72.0322036743164,-354.1242370605469,0.5167269706726074,2.797079563140869,221521.390625,2.2036445140838623,745.3572998046875,60.452877044677734,-348.55298110519675,-73.18075694672615,0.5182657241821289,0.017639209
14,1,-1.065414863150196,34.68505478262094,1.193556547164917,2.0264954566955566,1.6134244203567505,-352.6135559082031,0.5159283876419067,2.770434617996216,221521.390625,2.1784515380859375,1004.0166015625,86.36256408691406,-347.6493575756192,-4.116895411956225,0.5182657241821289,0.80769676
14,1,-1.305441582151275,38.94701991788749,1.1500626802444458,1.9916560649871826,81.50889587402344,-352.1817932128906,0.48379746079444885,3.8956730365753174,164524.03125,2.1307170391082764,765.9276123046875,37.90923309326172,-349.6791217677208,-75.87802447894755,0.48447689414024353,0.46853748
14,1,-1.0619708642701604,43.8463659795495,1.1573500633239746,2.0617151260375977,-255.82664489746094,284.388427734375,0.4681825637817383,1.5490713119506836,161782.578125,2.2101504802703857,826.6939086914062,71.67591857910156,284.0087197639944,253.32050233451216,0.4682195782661438,0.19870584
14,1,-1.0274926694130653,46.31311790594627,1.1866576671600342,2.0128862857818604,-313.6756896972656,212.57952880859375,0.3863503634929657,2.681394100189209,171658.28125,2.064850330352783,561.2010498046875,52.6774787902832,215.16805840911806,312.14261060571636,0.383833646774292,0.019229501
14,1,-0.8949658338528721,48.03424857595009,1.1720688343048096,2.0743725299835205,-70.15311431884766,335.8166809082031,0.2831955552101135,4.241910457611084,188204.65625,2.1654582023620605,694.0852661132812,88.3988265991211,334.55704874287926,71.67762166627773,0.2847359776496887,0.009863175
14,1,-1.1405634199137724,44.86301801964075,1.1658756732940674,2.009042978286743,191.62173461914062,346.33953857421875,0.4101029634475708,0.8212745189666748,168528.921875,2.149416208267212,661.0477905273438,47.82649230957031,342.8607617804185,-197.36868445074109,0.409181147813797,0.05902033
14,1,-1.178586380553336,40.65610634521142,1.1502894163131714,1.9574812650680542,-350.29498291015625,-115.15318298339844,0.4705592393875122,2.006162405014038,178781.28125,2.1620376110076904,759.6781616210938,50.354976654052734,-113.45757858490934,345.9153859978411,0.469592809677124,0.2486594
14,1,-1.1295165590229939,41.04140961764592,1.1303069591522217,2.0868659019470215,306.02630615234375,-201.86187744140625,0.4670569896697998,1.9953879117965698,178781.28125,2.221395254135132,877.195556640625,65.0997314453125,-199.51259918363684,-310.5623327399798,0.469592809677124,0.5368163
14,1,-0.815735668402269,36.371520293551875,1.0733712911605835,1.9799896478652954,238.89059448242188,-224.24517822265625,0.21063363552093506,0.18120162189006805,167370.046875,2.0347073078155518,629.0523071289062,96.15029907226562,-226.86824243590766,-239.30622764835167,0.21147595345973969,0.59128195
14,1,-0.9419911914094058,41.722881112255514,1.1140671968460083,2.014357805252075,-412.6262512207031,-71.93846893310547,0.41864845156669617,3.2104198932647705,170663.40625,2.0620222091674805,586.3004760742188,67.00827026367188,-68.29285667644146,413.4218379660418,0.42142972350120544,0.26247534
14,1,-1.1765617408464468,34.5864147468475,1.1986812353134155,1.7987451553344727,-105.65996551513672,400.4386291503906,0.4176139235496521,4.9227213859558105,161854.046875,1.9166479110717773,536.2120361328125,35.70866394042969,397.8173326299706,107.21405519545067,0.4165017306804657,0.2242375
14,1,-0.9206060683699241,44.38951050775464,1.199429988861084,2.018648386001587,131.86888122558594,-308.7820739746094,0.3320240378379822,2.4696779251098633,180002.09375,2.140005350112915,687.87646484375,82.58551025390625,-308.8145708384853,-132.42937433069923,0.3335646688938141,0.029872365
14,1,-1.1097317771754043,47.32268801036549,1.1859761476516724,1.989999532699585,412.9140930175781,62.741214752197266,0.3596247136592865,2.241466999053955,160876.15625,2.05423903465271,518.0682983398438,40.239646911621094,63.32608492381493,-414.4080509123475,0.3597771227359772,0.008639962
14,1,-1.123882301346627,47.017231693959445,1.1936143636703491,2.0567357540130615,-152.7893524169922,-358.5236511230469,0.1892111897468567,3.017664670944214,168486.78125,2.125775098800659,653.3828125,49.12295913696289,-357.1969212339507,154.07714954284847,0.19249650835990906,0.0061245514
14,1,-1.0743487290914913,36.11047249749252,1.1195013523101807,2.0567102432250977,107.47008514404297,333.32940673828125,0.22324983775615692,5.601058006286621,230267.78125,2.135260581970215,756.7042236328125,63.76417541503906,331.81836147700545,-106.77994103736577,0.22219900786876678,0.6011148
14,1,-1.342382237887581,42.267668921456924,1.1956464052200317,1.9573097229003906,-158.98658752441406,355.29547119140625,0.5156127214431763,5.616524696350098,160718.546875,2.0771853923797607,631.1314086914062,28.69036293029785,349.65667537467476,156.05719603572533,0.5162415504455566,0.084385626
14,1,-1.3814328435729832,29.62718107161372,1.1813266277313232,2.0528829097747803,108.23335266113281,399.7056579589844,0.5103766322135925,3.2817349433898926,193553.84375,2.211512565612793,1190.5076904296875,49.46505355834961,403.15570030814547,-107.02422239130773,0.5112382173538208,0.90263903
14,1,-0.8181599234767224,43.46366669301128,1.196590542793274,2.065333127975464,-184.7721710205078,-377.0919494628906,0.35045337677001953,1.6416715383529663,189542.71875,2.2003486156463623,791.9680786132812,120.3780746459961,-376.2712797746808,181.9070491429437,0.35366660356521606,0.094827235
14,1,-1.1296847686166929,39.13487340203466,1.1722475290298462,2.1063740253448486,120.4896240234375,337.1905822753906,0.4515424072742462,5.653825759887695,242718.625,2.224426746368408,916.5481567382812,67.99388885498047,330.5308063937559,-118.70165352794038,0.4509633183479309,0.58420444
14,1,-0.8741370588810313,37.44923738722059,1.1753579378128052,2.08634352684021,-298.8224792480469,134.93377685546875,0.3519599437713623,1.6036063432693481,189542.71875,2.242053508758545,1036.9388427734375,138.55294799804688,136.11919571038192,296.3548448663533,0.35366660356521606,0.65636486
14,1,-0.7904745222195368,44.171928424692126,1.1872711181640625,2.0438880920410156,-88.38465881347656,-396.6302185058594,0.3146989345550537,2.6873199939727783,204269.515625,2.1417853832244873,661.3637084960938,107.14340209960938,-393.92265406641485,90.10690605152793,0.3181963860988617,0.043834433
14,1,-1.2935545530432426,35.48043321473472,1.0487548112869263,2.104788064956665,-334.9617919921875,59.24078369140625,0.3860970139503479,5.293974876403809,175189.609375,2.2165768146514893,969.7349853515625,49.328468322753906,58.003423826720265,338.97684795120813,0.3833352327346802,0.8574038
14,1,-1.2113136390523098,43.51307664092171,1.189345121383667,2.0175769329071045,175.19424438476562,-334.9638366699219,0.22855517268180847,5.14959192276001,162347.421875,2.013465404510498,519.5953369140625,31.94112777709961,-338.1953371616836,-173.7676681887572,0.23428204655647278,0.017722948
14,1,-1.2477769111228751,46.32867997404564,1.1894934177398682,2.1085550785064697,-171.8267822265625,-361.6839904785156,0.48661068081855774,1.4398747682571411,162157.859375,2.221754312515259,776.0313110351562,43.863304138183594,-361.74775730113157,165.18614898376543,0.48610711097717285,0.10851014
14,1,-0.7962084781887732,48.373268652395495,1.1911036968231201,1.8697530031204224,-239.0836944580078,-290.6316833496094,0.35988855361938477,1.5173500776290894,179087.640625,1.9952086210250854,479.20245361328125,76.61432647705078,-292.6033594731402,235.276812485992,0.3589526116847992,0.001424977
14,1,-1.0920981195435173,36.97931643488,1.0900545120239258,1.9645516872406006,177.41522216796875,-365.58990478515625,0.38348740339279175,5.4134392738342285,168268.171875,2.1331191062927246,804.1700439453125,65.0502700805664,-367.9979187170088,-175.61818854440142,0.3830498456954956,0.5599881
14,1,-1.309728485733253,44.068448538989024,1.1316825151443481,2.1085550785064697,-357.62982177734375,-158.26907348632812,0.48610496520996094,1.4580376148223877,162157.859375,2.227461576461792,843.7478637695312,41.35072708129883,-159.3018317215296,351.77773221609175,0.48610711097717285,0.33327222
14,1,-0.6270283404294968,44.878614872639695,1.1836683750152588,1.8565648794174194,-323.445556640625,46.837459564208984,0.4973880350589752,4.112494468688965,190507.0,2.041240930557251,511.54034423828125,120.74000549316406,50.06586943640396,331.2549356624644,0.49835214018821716,0.009201524
14,1,-1.0842580044250656,43.573166294011,1.0965136289596558,1.9519513845443726,-411.3800354003906,-38.71342468261719,0.42940670251846313,5.657669544219971,173523.125,2.0954113006591797,606.7395629882812,49.97392272949219,-41.158056898115106,414.0265073923431,0.42732542753219604,0.06932499
14,1,-1.1708328513734907,30.08528114022201,0.858379065990448,1.9624009132385254,-394.6126708984375,-88.77760314941406,0.4827791154384613,3.9542460441589355,217427.875,2.0939555168151855,865.220458984375,58.3839111328125,-84.36870909306002,399.9864003931727,0.47839170694351196,0.92539954
14,1,-1.0685132309176462,41.290538945643085,1.1058541536331177,1.9820828437805176,-19.581151962280273,343.4080505371094,0.47816410660743713,3.948735237121582,217427.875,2.1097426414489746,611.9603271484375,52.26478958129883,347.8589230105632,23.345037920668773,0.47839170694351196,0.29828855
14,1,-1.041898664596951,47.94047517646743,1.1840858459472656,1.8353629112243652,310.9131164550781,-139.2877960205078,0.417253702878952,4.05485725402832,165098.796875,1.9729026556015015,441.7752685546875,40.114524841308594,-137.4801137614909,-305.15697043470436,0.4168488383293152,0.001201565
14,1,-0.9425530414784786,44.60293576935408,1.096379041671753,2.0616841316223145,187.177490234375,-317.65032958984375,0.4909036159515381,0.862773597240448,181458.375,2.194481611251831,781.766845703125,89.23263549804688,-320.9729115573183,-189.4054009974442,0.4963434934616089,0.26943946
14,1,-1.163252418676294,37.55375699173865,1.1551642417907715,2.098187208175659,-378.24981689453125,151.25045776367188,0.47193220257759094,4.626162052154541,222345.75,2.219048261642456,996.2586059570312,68.409912109375,151.17432385507266,382.7785979938515,0.4761854410171509,0.74221647
14,1,-0.920180030023955,49.17201798188862,1.1805917024612427,2.071147918701172,135.33372497558594,-335.2134094238281,0.3776085674762726,1.5866138935089111,186209.5625,2.154057502746582,651.0249633789062,78.23787689208984,-336.96193745332505,-139.94795843446803,0.37406209111213684,0.013749136
14,1,-0.9994834553031107,43.89715543363901,1.1474002599716187,2.028921365737915,-279.3443298339844,299.6126403808594,0.3383118212223053,4.641064643859863,220852.171875,2.1607210636138916,744.7041015625,74.5589370727539,300.1935240268775,284.1154701511011,0.337322473526001,0.057244696
14,1,-0.997539790556278,47.22855526283038,1.1240826845169067,1.9934972524642944,-53.863521575927734,-379.96923828125,0.41864413022994995,5.499812126159668,191020.734375,2.095141649246216,562.8551025390625,56.60516357421875,-384.3728927878726,55.88033219625,0.42025038599967957,0.017416567
14,1,-1.3098761731017075,48.35626473320474,1.1788585186004639,1.8930604457855225,-344.15185546875,27.943439483642578,0.4974400997161865,0.3671065866947174,197480.875,2.1133229732513428,577.35205078125,28.285444259643555,23.064384990714217,343.5826066311395,0.4953925311565399,0.0060234107
14,1,-1.0643374017252238,48.32963961321725,1.128115177154541,2.055511713027954,68.98382568359375,-402.38336181640625,0.3678743243217468,2.2501790523529053,160124.28125,2.1247687339782715,601.6128540039062,51.877479553222656,-401.18008282181677,-70.85990283330085,0.3700721859931946,0.02305312
14,1,-1.0220183280607047,34.439820030450235,1.0619189739227295,1.976772427558899,-410.7728576660156,-29.615013122558594,0.3813570439815521,2.416285276412964,166825.59375,2.1057872772216797,736.2977294921875,69.98976135253906,-26.473779231254422,408.1643165822502,0.3817957639694214,0.8212586
14,1,-0.6967616893792128,49.85165121438963,1.158118486404419,2.0020883083343506,190.50889587402344,321.1785888671875,0.3711792230606079,2.2582287788391113,160124.28125,2.1051154136657715,595.9196166992188,119.79139709472656,323.055824198991,-189.5144734630506,0.3700721859931946,0.0052526966
14,1,-0.9193841018008707,32.009657230690856,1.0720380544662476,2.0053439140319824,28.294496536254883,-349.454345703125,0.3828393518924713,2.413752794265747,166825.59375,2.1315290927886963,830.1436157226562,99.9467544555664,-345.8712845361161,-30.88839755864724,0.3817957639694214,0.8861501
14,1,-1.3005588482748531,47.02647466639486,1.1896194219589233,2.05546498298645,-139.43080139160156,381.77197265625,0.5180668830871582,4.680405616760254,211291.296875,2.250697374343872,784.7680053710938,39.28089141845703,381.0637920954632,144.89525879733594,0.5177046656608582,0.04110191
14,1,-0.9946730633086204,47.809375702803905,1.1949927806854248,1.861098051071167,-133.51988220214844,-346.3821716308594,0.21287931501865387,6.202842712402344,162068.84375,1.9570915699005127,418.8593444824219,42.40275955200195,-348.2599196656384,133.6530436387608,0.20434673130512238,0.00031767684
14,1,-0.9490104491503295,43.19669322462904,1.1391897201538086,2.017988443374634,353.72705078125,-91.001708984375,0.3548900783061981,2.3659002780914307,191884.609375,2.1544413566589355,694.479248046875,78.09950256347656,-89.73499156923094,-352.82065899982086,0.3565484583377838,0.10187465
14,1,-1.2962264916882749,31.07036229691835,1.141695499420166,2.078230857849121,372.7557678222656,169.30690002441406,0.44305938482284546,5.129638671875,166561.640625,2.1868762969970703,1066.009521484375,53.8931770324707,166.50172982326566,-373.70647211197695,0.44310462474823,0.8934029
14,1,-1.119489515480585,40.692564280108,1.0085376501083374,1.870318055152893,-132.69961547851562,327.4057922363281,0.22224240005016327,1.8009343147277832,173658.5,1.9272949695587158,409.3904113769531,31.09186363220215,327.28403801851516,131.193180375851,0.22726599872112274,0.09402868
14,1,-0.8278411675237343,45.70954768877278,1.1644326448440552,1.9553786516189575,55.893455505371094,-384.3078918457031,0.3261692225933075,5.72461462020874,179456.984375,2.0165529251098633,495.9806213378906,73.72638702392578,-387.8676365343621,-56.22331937508361,0.32531702518463135,0.0072633796
14,1,-0.8483544322382122,41.48987904719811,1.1035972833633423,1.8780182600021362,323.6611022949219,70.2506103515625,0.3734833300113678,2.3869752883911133,177384.109375,1.977128028869629,461.4521789550781,65.42919921875,73.12724342530205,-326.8469019874754,0.3754587173461914,0.068138056
14,1,-1.0499397694611479,30.43929469136579,1.0681594610214233,2.012052297592163,-323.59393310546875,232.69325256347656,0.2709267735481262,1.6363497972488403,247573.3125,2.115757942199707,903.4821166992188,80.53399658203125,233.33774601091395,321.13747332506495,0.26977747678756714,0.89714617
14,1,-0.818834090177512,41.89069169067338,1.1480704545974731,2.0654845237731934,-327.4961242675781,-27.903818130493164,0.26837870478630066,1.6264500617980957,247573.3125,2.132448673248291,698.5352783203125,106.01171112060547,-29.508004098756643,326.07230084372145,0.26977747678756714,0.17119983
14,1,-1.4171307917294276,33.54275516061632,1.1812347173690796,2.0702250003814697,274.0454406738281,-260.1722106933594,0.4267171323299408,5.963757514953613,187543.359375,2.2456376552581787,1295.3585205078125,49.57449722290039,-264.7700944907921,-272.83729672555796,0.4245547950267792,0.82532597
14,1,-1.0140952072513147,45.73008899065114,1.1392194032669067,2.1052656173706055,-155.87026977539062,299.7473449707031,0.47664380073547363,0.3017720580101013,188131.5,2.187523603439331,716.420166015625,69.35407257080078,296.2757299906232,155.30761601864597,0.4769097566604614,0.19746244
14,1,-1.3648521097713475,44.120865687550044,1.1649670600891113,2.0747785568237305,344.03173828125,-160.83563232421875,0.20180988311767578,4.747439861297607,197312.578125,2.1847009658813477,743.05712890625,32.07515335083008,-160.92846133742955,-343.17730705667043,0.20016586780548096,0.031411987
14,1,-1.0368700056635614,46.578515633945564,1.132919192314148,2.0078577995300293,-252.47752380371094,-205.1902313232422,0.5181435942649841,2.2520265579223633,174084.75,2.1703872680664062,682.2034912109375,62.667625427246094,-202.73837134484188,249.81188158135393,0.5210428237915039,0.06303026
14,1,-1.1701147062375958,45.09811547283649,1.1953574419021606,1.9541897773742676,59.01819610595703,409.74017333984375,0.4613080322742462,0.3037883937358856,178904.203125,2.1239590644836426,625.1641235351562,42.25502014160156,405.0514065556752,-58.06352500522615,0.4621601700782776,0.03131727
14,1,-0.9687895650582623,47.775260246765434,1.1518973112106323,2.0817840099334717,345.43878173828125,130.5077667236328,0.3663780093193054,5.8377299308776855,200583.15625,2.1274867057800293,643.6586303710938,69.16165924072266,127.59176524531904,-344.51829597523886,0.3676967918872833,0.02072548
14,1,-1.2945051753217025,41.527540061989384,1.1861364841461182,1.826525092124939,-293.18658447265625,-184.30978393554688,0.47511282563209534,6.246307373046875,196895.4375,1.9338037967681885,460.91387939453125,23.394445419311523,-189.23838140300322,293.15460194387765,0.47917690873146057,0.018380187
14,1,-1.684966576955185,29.18724677934576,1.1683361530303955,2.048161745071411,354.6290588378906,-58.34328842163086,0.42867186665534973,3.3460257053375244,176248.921875,2.1682064533233643,1091.9891357421875,22.555362701416016,-55.6298069942353,-354.496681031427,0.42895108461380005,0.9021279
14,1,-0.7357977645323133,40.9444419309472,0.9902580380439758,1.97249174118042,215.98263549804688,348.9364013671875,0.45236173272132874,5.513457298278809,160727.421875,2.0831689834594727,615.0956420898438,113.0171890258789,344.7093826203047,-212.5948521053195,0.45368579030036926,0.46568936
14,1,-0.9880670106359711,46.92533727682959,1.199074387550354,2.014845132827759,-398.053466796875,-65.38102722167969,0.31745827198028564,1.4816813468933105,194004.65625,2.1420111656188965,637.8579711914062,65.5626220703125,-65.75300394397463,394.63757692229797,0.3162800669670105,0.010120738
14,1,-1.0020430329782675,46.15410393159743,1.0791276693344116,2.106279134750366,96.88772583007812,379.43780517578125,0.2679935097694397,1.0273230075836182,187956.890625,2.1276144981384277,593.0112915039062,59.0227165222168,376.8123598811833,-97.784765488191,0.266483336687088,0.09426057
14,1,-0.9137970800977525,49.105347317129635,1.1710127592086792,1.950987458229065,-157.1613006591797,-378.471435546875,0.4691260755062103,0.26625436544418335,162963.25,2.067760944366455,510.0858459472656,62.20789337158203,-382.8545759751148,156.13653618826422,0.4690317213535309,0.008146448
14,1,-0.9316751529751509,40.31005711445159,1.1757395267486572,2.023911237716675,176.9349365234375,-360.68218994140625,0.30039069056510925,1.2063547372817993,162223.734375,2.079420566558838,660.5675659179688,77.31104278564453,-362.17435717901355,-179.49993689656523,0.3007003366947174,0.20267707
14,1,-1.2679672229118073,36.875263274526745,1.1788374185562134,2.074997901916504,78.09994506835938,-344.29058837890625,0.19686469435691833,6.2077956199646,187201.3125,2.071502685546875,749.058837890625,40.415470123291016,-346.31323963551273,-79.70713742733926,0.19712692499160767,0.39899486
14,1,-1.42978283481399,37.50994853415413,1.1148350238800049,2.1087241172790527,-357.95965576171875,126.09004211425781,0.2824280858039856,5.449442386627197,170493.890625,2.177251100540161,815.7883911132812,30.324472427368164,123.99652843714205,359.95667459179174,0.28115829825401306,0.6541732
14,1,-1.197350506704502,39.87415672112051,1.1398817300796509,2.014838218688965,161.78179931640625,381.7475891113281,0.5039963126182556,2.1682419776916504,166670.328125,2.1847188472747803,852.621337890625,54.12586975097656,378.784726914572,-166.96664750957845,0.5043953657150269,0.5097162
14,1,-1.0246698930201803,41.41425476849207,1.0087496042251587,2.057980537414551,337.79473876953125,233.9365234375,0.45160558819770813,4.79327917098999,208580.765625,2.2023215293884277,766.406982421875,72.40840148925781,235.17041250710906,-332.4268447455489,0.4517236649990082,0.58685285
14,1,-1.0036155054561184,43.09164485694569,1.1979259252548218,2.099677324295044,245.17588806152344,-296.3995361328125,0.3502631187438965,0.8839910626411438,203760.71875,2.1888444423675537,823.860595703125,81.70294189453125,-298.0377986588362,-246.36777680651693,0.3430897891521454,0.16285163
14,1,-0.9270122203935658,40.0720647018361,0.9112354516983032,2.0785579681396484,-322.21917724609375,-226.6803741455078,0.44739359617233276,4.793346881866455,208580.765625,2.1527974605560303,696.406982421875,82.38542175292969,-226.88902627461005,326.18289537051845,0.4517236649990082,0.80564195
14,1,-1.1768950081013965,42.688533118049115,1.0594403743743896,2.0504202842712402,-341.3565673828125,243.07321166992188,0.18700507283210754,3.351348876953125,173692.171875,2.1390466690063477,677.3753662109375,45.07476043701172,243.5719393436383,343.02557353203855,0.1891719549894333,0.12692802
14,1,-1.3631044110531942,28.839624918504274,1.0603063106536865,2.1091694831848145,321.7766418457031,187.10195922851562,0.31589972972869873,4.810674667358398,208201.109375,2.235059976577759,1173.4801025390625,50.859310150146484,185.54436779639218,-317.6643173108696,0.31316402554512024,0.9170783
14,1,-1.0040441422899273,38.403689219337814,1.063852071762085,2.0544180870056152,246.20298767089844,-252.7587432861328,0.28642886877059937,0.31000399589538574,236832.53125,2.0537571907043457,606.5891723632812,60.09658432006836,-256.1051920712784,-246.07188894460285,0.28788629174232483,0.6526561
14,1,-1.0098011790533457,40.869684902982186,1.1761916875839233,2.096909761428833,-63.42490005493164,354.15960693359375,0.4666888415813446,3.2056849002838135,223561.671875,2.2621586322784424,1019.054443359375,99.63129425048828,357.54590245785107,63.55060477661444,0.4672536551952362,0.46624625
14,1,-1.3038286527224736,32.451403419337225,1.1488606929779053,2.089315414428711,-277.2673034667969,236.97531127929688,0.1879652589559555,4.573676109313965,210223.09375,2.158050775527954,951.2910766601562,47.25892639160156,237.20507777788012,279.39260622513507,0.18732726573944092,0.82644445
14,1,-0.8255769808318061,49.840502728441024,1.1726853847503662,2.0640311241149902,-318.8644104003906,194.10311889648438,0.18042586743831635,5.2340474128723145,219508.484375,2.130629777908325,606.145263671875,90.57310485839844,192.10982446447062,321.7631841985958,0.18164551258087158,0.0019957456
14,1,-0.9315156499064374,43.16232028949786,1.1356391906738281,2.10005784034729,-126.33899688720703,-326.51983642578125,0.19916445016860962,4.950944423675537,183862.609375,2.1491332054138184,677.9180297851562,79.37084197998047,-327.33480699390265,128.1573441662806,0.20056702196598053,0.08225774
14,1,-0.645985458995702,49.668016766069876,1.1915405988693237,1.9474724531173706,-16.110578536987305,391.64544677734375,0.39847955107688904,4.059214115142822,174522.4375,2.0153820514678955,463.606201171875,104.75225067138672,393.75514601401625,20.504655463671718,0.3962768614292145,0.0020119348
14,1,-1.1328060593038907,46.92303628376003,1.1107022762298584,1.9249367713928223,-304.9029235839844,-120.28585815429688,0.4156343638896942,4.654261589050293,187433.90625,2.045480251312256,510.9663391113281,37.63440704345703,-122.75956731366956,308.8047325307694,0.40897485613822937,0.010672133
14,1,-0.7990547509530423,44.44095018639192,1.1736153364181519,1.9455188512802124,-12.17869758605957,-384.69268798828125,0.4407820999622345,2.7842838764190674,247020.375,2.0791962146759033,586.1641235351562,93.10307312011719,-380.0159362274792,8.962469633180751,0.4396010935306549,0.030359017
14,1,-0.8311418099829444,47.38889740283206,1.193243384361267,2.0429303646087646,-305.4464416503906,153.20140075683594,0.3595791161060333,3.2681562900543213,170135.828125,2.1826910972595215,707.6160278320312,104.38916778564453,156.97264948561926,307.3187204193472,0.3585813343524933,0.012976651
14,1,-0.790256123497488,46.71562060294869,1.1641969680786133,2.0660595893859863,-283.6391906738281,237.6467742919922,0.2780733108520508,1.9176794290542603,161271.046875,2.094867467880249,599.047119140625,97.09668731689453,240.4507118708298,282.0618385844825,0.28081321716308594,0.02122649
14,1,-1.0465664301501325,43.81819879214752,1.111240029335022,2.10351300239563,405.1783142089844,-52.04717254638672,0.4279283583164215,3.4949095249176025,189551.125,2.246901273727417,856.8624877929688,76.97401428222656,-48.52919920075097,-404.16094095449154,0.42766284942626953,0.28029352
14,1,-0.5722242543866156,34.119126216123405,1.0392361879348755,1.8151906728744507,401.1491394042969,-11.10956859588623,0.28325155377388,4.443904399871826,195341.140625,1.8525218963623047,395.7439880371094,105.97164154052734,-13.449880057768773,-398.78199238324305,0.2848319113254547,0.49816933
14,1,-0.8673144212161625,40.00550442890334,1.1875300407409668,2.10005784034729,62.49403762817383,380.14080810546875,0.20098766684532166,5.048454284667969,195185.390625,2.1524581909179688,768.4342041015625,104.30181121826172,380.44291751976357,-62.09183706142065,0.20448827743530273,0.1867825
14,1,-1.2802622238296646,32.11243797408656,1.195236325263977,2.083672285079956,352.4043884277344,170.1400604248047,0.24644578993320465,5.832814693450928,181699.421875,2.1487877368927,972.01611328125,50.981239318847656,168.10340849476972,-350.64602837908916,0.24701878428459167,0.810263
14,1,-1.330347635611262,37.94478370990741,1.1954644918441772,2.051921844482422,-370.05487060546875,169.5039825439453,0.48348724842071533,1.3633619546890259,167732.96875,2.1966657638549805,908.3623046875,42.45320129394531,167.80479627567536,364.9437469043521,0.48539263010025024,0.6479005
14,1,-1.189751252954861,45.93551678300134,1.185755968093872,2.1023242473602295,-96.57794189453125,398.2519226074219,0.44218799471855164,0.7803898453712463,179800.390625,2.2667994499206543,888.1453857421875,57.37623596191406,393.97452444589624,94.78942758596943,0.44321975111961365,0.10298631
14,1,-1.2942439170447684,37.916362867126594,1.0902312994003296,2.106279134750366,305.1537780761719,260.0142822265625,0.265231192111969,1.3213095664978027,189998.78125,2.1232407093048096,707.8418579101562,35.94935607910156,257.4203922504032,-308.9882418179519,0.26853033900260925,0.7063379
14,1,-1.150438958576315,41.602459245387216,1.0204068422317505,2.1128640174865723,-212.8314666748047,287.61737060546875,0.3654501140117645,5.813431739807129,194270.015625,2.183525800704956,766.7445068359375,54.226417541503906,283.86379880842685,214.09028616424442,0.360735148191452,0.548511
14,1,-1.1742117411011508,38.734994201727005,1.0959032773971558,1.9897572994232178,-130.29400634765625,397.18994140625,0.4824686348438263,1.3726756572723389,167732.96875,2.155522108078003,708.0379028320312,47.40715026855469,397.05132940567466,127.06648470948089,0.48539263010025024,0.6272875
14,1,-1.3553196227865951,41.41530892517954,1.0363506078720093,2.08105206489563,-11.530152320861816,-353.6068420410156,0.2705534100532532,1.3346763849258423,189998.78125,2.087348461151123,597.539306640625,26.366058349609375,-353.78546182816723,7.239352257408957,0.26853033900260925,0.45045042
14,1,-1.0705841144033255,37.19401947040324,0.965042233467102,1.8843661546707153,337.4494934082031,123.41539001464844,0.2578088641166687,2.2253904342651367,190838.359375,1.8654112815856934,397.9124755859375,33.82222366333008,124.49669503161024,-338.7056604014734,0.26034221053123474,0.5208522
14,1,-1.2464998465428356,45.445351969403575,1.161517858505249,2.06746506690979,304.84503173828125,264.0375061035156,0.24505038559436798,2.0139572620391846,182506.25,2.0985403060913086,628.4928588867188,35.62864303588867,265.7363922283331,-304.90179588343705,0.24463482201099396,0.0303183
14,1,-1.0399491470137925,42.059642840061144,1.1926816701889038,2.0414371490478516,364.4834289550781,190.87374877929688,0.34308570623397827,2.5888559818267822,193482.203125,2.1201984882354736,663.806396484375,60.546852111816406,194.17647751399065,-366.36162664494935,0.3424946069717407,0.117863126
14,1,-0.5806934552053407,43.70839879378574,1.0803855657577515,2.0883424282073975,317.5592956542969,-241.52830505371094,0.44647523760795593,2.8222439289093018,163905.890625,2.2300901412963867,834.8911743164062,219.248291015625,-237.3340369783661,-319.61421841545604,0.44551387429237366,0.34562528
14,1,-1.0808940810192713,47.092150838969005,1.150292992591858,2.068249464035034,-251.82228088378906,-226.81040954589844,0.2244170904159546,0.6753204464912415,190783.078125,2.0982251167297363,598.4044799804688,49.670654296875,-228.61479184892298,251.06560552022188,0.22675219178199768,0.018005474
14,1,-0.8709517342547517,48.05209385136468,1.1698054075241089,1.9292327165603638,226.71006774902344,327.8330078125,0.5014576315879822,6.2559332847595215,217458.296875,2.1514267921447754,645.9506225585938,86.94549560546875,322.51872892062374,-227.20566242315087,0.5001518726348877,0.005678024
14,1,-1.0439812240645305,48.91396976812663,1.1348477602005005,1.8799941539764404,313.541748046875,-248.04978942871094,0.40883493423461914,5.973910331726074,180347.625,1.9919360876083374,460.4855651855469,41.61345291137695,-251.3273456532557,-310.6558492715044,0.4103216230869293,0.0018132101
14,1,-1.0947159584942203,49.91401791126412,1.1631247997283936,1.9960657358169556,-244.02554321289062,250.69329833984375,0.47529545426368713,6.16831636428833,160465.3125,2.154407262802124,637.7721557617188,51.280086517333984,247.14428657632556,243.40435000832355,0.4755841791629791,0.0055179596
14,1,-1.1180459321379184,42.02896104564243,1.178076148033142,1.930400013923645,328.6112365722656,127.0954818725586,0.43629348278045654,6.081495761871338,181263.515625,2.012253522872925,529.9912719726562,40.38515090942383,123.36883696169416,-329.13920533172075,0.44007983803749084,0.04723673
14,1,-1.2037099724453486,33.136682113044316,1.1915013790130615,2.0368926525115967,352.829345703125,-38.24094772338867,0.4990539848804474,6.254990100860596,217458.296875,2.191632032394409,1160.4537353515625,72.59676361083984,-43.66290787220274,-352.0051610200821,0.5001518726348877,0.8293348
14,1,-1.0886790923050405,35.74656956305478,1.1459463834762573,2.0701041221618652,-190.52340698242188,-360.5259094238281,0.432890921831131,3.7760539054870605,211031.359375,2.2410824298858643,1039.66455078125,84.7644271850586,-358.526678133069,193.107767524664,0.43440282344818115,0.79667467
14,1,-1.727491420954456,47.691421569602824,1.114607572555542,2.10351300239563,39.17333221435547,-318.2238464355469,0.4277413487434387,1.6908212900161743,160023.953125,2.2472894191741943,844.8695678710938,15.823243141174316,-317.91283100811984,-42.201047803709706,0.4288226366043091,0.082966365
14,1,-0.9110853016733063,41.333276559138774,1.1847063302993774,2.0392770767211914,-323.3631591796875,-202.3550262451172,0.23423327505588531,0.5355826020240784,170058.953125,2.024014472961426,532.6592407226562,65.36774444580078,-204.47238300487194,320.82602918362244,0.23345991969108582,0.11036373
14,1,-0.6632184697426218,48.778070111439874,1.1957141160964966,2.0046491622924805,229.36094665527344,229.56655883789062,0.29628288745880127,0.20180919766426086,164301.375,2.13718843460083,605.7284545898438,131.5404052734375,225.79849848028292,-230.58301274463426,0.2972102463245392,0.004719395
14,1,-1.0121254968800604,41.84168052721885,1.1580668687820435,2.088350296020508,84.05167388916016,328.2275390625,0.2899579405784607,6.146283149719238,165292.75,2.085879325866699,614.0891723632812,59.717994689941406,325.08222529966685,-83.97431382374187,0.28809860348701477,0.14979279
14,1,-1.4373771260642825,41.62126062599463,1.1885327100753784,1.9862717390060425,-220.7412872314453,-312.6288757324219,0.5051602721214294,2.4084506034851074,207282.5,2.0172460079193115,579.34814453125,21.162181854248047,-309.09733048472447,216.01657223045646,0.5010167360305786,0.19655336
14,1,-1.1677567099353692,32.29805507079787,1.1075201034545898,2.0596044063568115,-269.981201171875,-282.5975036621094,0.5169321894645691,2.469057321548462,204929.0625,2.257794141769409,1150.2373046875,78.168212890625,-279.2702736872011,265.21187749716603,0.5187103748321533,0.899881
14,1,-0.489059448095214,44.33186238879807,1.154511570930481,1.958056092262268,196.24595642089844,-304.6460266113281,0.32639840245246887,3.1233479976654053,203694.78125,2.0457372665405273,572.18994140625,185.55836486816406,-301.20376747075187,-193.0403706000274,0.3247773349285126,0.020612344
14,1,-1.0716898795228544,42.77552792287072,1.1212341785430908,2.093414306640625,42.25222396850586,-331.3650207519531,0.27966541051864624,0.5569067597389221,170727.3125,2.1563191413879395,733.4180297851562,62.18147277832031,-335.3652034965132,-43.77053156371241,0.280506432056427,0.22467577
14,1,-1.2363067511660573,37.64168422781413,1.1971604824066162,2.0467491149902344,-247.89830017089844,229.549560546875,0.3054780662059784,0.5039874315261841,178559.875,2.0633161067962646,685.4947509765625,39.78288650512695,226.62969289789825,246.71389419978826,0.30843356251716614,0.48197636
14,1,-0.912719595370731,49.93981064417691,1.1828283071517944,1.9586793184280396,143.3942108154297,-328.5742492675781,0.49066266417503357,6.024588108062744,161452.03125,2.0595571994781494,508.74432373046875,62.19841003417969,-333.14464647340156,-143.4018840864629,0.4927046597003937,0.003251142
14,1,-1.2349240799046903,46.31313645101569,1.1695256233215332,2.097884178161621,-290.9267883300781,-241.826416015625,0.26436346769332886,5.451388359069824,175539.328125,2.066244602203369,555.6805419921875,32.351898193359375,-243.7183552361373,293.2657642300921,0.260811448097229,0.021283064
14,1,-1.2493460490364026,47.526895075871536,1.1592849493026733,1.969533085823059,-100.69876861572266,361.8636779785156,0.43759211897850037,0.5286057591438293,189476.5625,2.132901668548584,598.5610961914062,33.71018600463867,357.81270496639905,99.3521461156805,0.43910762667655945,0.016610095
14,1,-1.110000033538971,31.585800894930895,1.1657980680465698,2.0868659019470215,288.1848449707031,-163.4354705810547,0.4663541913032532,0.03708816319704056,174748.59375,2.228501796722412,1292.9117431640625,100.3617935180664,-171.10146299971063,-286.5357338676359,0.4662376344203949,0.9009652
14,1,-1.5096659750055146,47.26739270897665,1.1765631437301636,1.9278513193130493,-5.175422191619873,368.66680908203125,0.5169562697410583,0.007137100212275982,178385.015625,2.1490821838378906,623.5307006835938,19.283666610717773,363.9781202086341,4.435005924132663,0.5160216093063354,0.016746014
14,1,-1.2002661183057386,32.370269280976196,1.0546280145645142,2.038099527359009,-342.06781005859375,42.062782287597656,0.2902001142501831,2.9871132373809814,169273.515625,2.0380730628967285,729.0537719726562,45.97190475463867,42.82709396785142,341.6766651992912,0.29134660959243774,0.8813212
14,1,-0.9209516226380784,31.016954240377544,1.193371057510376,2.0885753631591797,261.00689697265625,237.86891174316406,0.34900963306427,6.177863121032715,195444.796875,2.2057602405548096,1173.8209228515625,140.81532287597656,234.53106920244403,-261.6489569677368,0.3486347198486328,0.8672924
14,1,-1.082831259627308,39.85890346133379,1.1534205675125122,2.104710817337036,326.3017272949219,-246.3685302734375,0.19619831442832947,4.9682841300964355,171622.046875,2.0601773262023926,614.30322265625,50.763397216796875,-247.48171498038306,-324.4112746396371,0.19831717014312744,0.26105782
14,1,-1.064112279872734,39.43071465045539,1.0017266273498535,1.8780156373977661,-238.7877197265625,-273.2107238769531,0.17962464690208435,0.5578960180282593,162565.078125,1.9483107328414917,441.4989318847656,38.09046173095703,-274.829292152913,238.08349052657837,0.1794043630361557,0.16365604
14,1,-1.0945133126232154,45.896143184419635,1.1288665533065796,2.0995607376098633,152.10516357421875,334.6445617675781,0.35804951190948486,3.423222541809082,195671.046875,2.172395944595337,714.236572265625,57.45502471923828,336.27758962910804,-151.34857589685404,0.358149915933609,0.08201256
14,1,-0.8048249344722872,46.3437055722305,1.1242386102676392,1.9062063694000244,98.01482391357422,-337.7447509765625,0.2816483676433563,3.4586164951324463,175064.6875,1.9319974184036255,402.6290588378906,63.10728454589844,-335.26936959990513,-98.44182420689448,0.2867145836353302,0.004457435
14,1,-0.9462178783087762,47.78304524348343,1.1233841180801392,2.061741828918457,-315.896728515625,-167.6353759765625,0.3702701926231384,4.594155311584473,195704.875,2.1825149059295654,685.8684692382812,77.62871551513672,-167.32285298671658,318.50583744281033,0.3686441481113434,0.025205484
14,1,-1.2083983620124819,36.33457957364995,1.0008167028427124,2.1029155254364014,330.813232421875,-202.32115173339844,0.1749276965856552,2.128767490386963,191422.328125,2.109795570373535,693.3038330078125,42.906612396240234,-200.67127645285322,-330.64676245309096,0.17713868618011475,0.8151475
14,1,-1.1166910505665144,40.15944944505263,1.1707794666290283,1.878193736076355,320.912109375,198.12107849121094,0.37977468967437744,4.271378993988037,161472.6875,1.9928268194198608,538.9666137695312,41.19739532470703,199.80114270327857,-319.3230232157605,0.38191407918930054,0.052789174
14,1,-1.0149057999628597,38.12013613201941,1.155671238899231,1.9947960376739502,324.27923583984375,141.79750061035156,0.25097325444221497,5.95618200302124,163242.140625,2.013301372528076,559.980224609375,54.10857391357422,139.21634224199263,-322.3450601524444,0.25186246633529663,0.21228576
14,1,-1.299829135595661,48.61135697638021,1.1397287845611572,2.10823130607605,-372.79412841796875,-174.44192504882812,0.4738088846206665,2.8391225337982178,187829.34375,2.255323886871338,791.3729248046875,39.67810821533203,-169.99355507219948,369.42390734570876,0.4738520085811615,0.05668118
14,1,-1.2800222296990396,35.62286078429996,1.1588332653045654,2.0743725299835205,289.8558044433594,249.20851135253906,0.28589460253715515,2.5307867527008057,187244.65625,2.156379461288452,913.3338012695312,47.92988586425781,252.6807491762156,-291.81770345951776,0.2855088710784912,0.7242781
14,1,-0.9537457397561624,38.57662809283945,0.9921939373016357,1.9895532131195068,-358.6447448730469,-147.35592651367188,0.34245723485946655,0.4870932102203369,197935.46875,2.1340253353118896,719.257080078125,80.00881958007812,-150.42325635646043,357.1394497578065,0.34003809094429016,0.68050474
14,1,-1.0264176905688347,47.34319824342889,1.1814988851547241,2.094505548477173,164.8006591796875,-386.004638671875,0.48548954725265503,5.3305439949035645,235740.890625,2.1911821365356445,794.9497680664062,74.80341339111328,-389.6534861536071,-160.95713628844214,0.4830249845981598,0.04649679
14,1,-1.1026413954704462,33.733265916399056,1.1930208206176758,1.8579533100128174,137.36834716796875,-364.9467468261719,0.3217565417289734,4.473948955535889,243324.09375,1.9274159669876099,557.3278198242188,44.0015869140625,-366.22047543900186,-134.3404736806565,0.3249802887439728,0.35667995
14,1,-1.1451257249974836,43.76998841975845,1.1887822151184082,2.093231201171875,360.73480224609375,-81.1552963256836,0.26630666851997375,2.510499954223633,176631.5625,2.1428513526916504,667.2205200195312,47.76862716674805,-78.83326957981043,-361.66259013055407,0.26479390263557434,0.068627164
14,1,-0.7151493720577464,47.999827050996664,1.1627790927886963,1.9670737981796265,-30.305767059326172,-376.1909484863281,0.4914326071739197,0.10213704407215118,163385.3125,2.1265978813171387,638.1950073242188,122.97127532958984,-380.24619608587875,29.62955336678347,0.49429553747177124,0.018968953
14,1,-1.1359427451225184,45.368591352441314,1.1712093353271484,2.10351300239563,151.95248413085938,-364.34405517578125,0.42726439237594604,5.358526706695557,218018.734375,2.2542691230773926,949.0781860351562,69.39986419677734,-366.53003260020506,-149.33431859962437,0.4289204180240631,0.088739224
14,1,-1.2526945923867665,47.83791988751171,1.1228258609771729,2.042015790939331,239.2444610595703,306.2348937988281,0.47994428873062134,5.024471759796143,199961.09375,2.2354536056518555,763.2244262695312,42.65369415283203,304.06416137835873,-235.09875372173275,0.4806853234767914,0.036569066
14,1,-0.8762292269702373,38.10616418362262,1.1628446578979492,2.021951913833618,349.09320068359375,-142.7919464111328,0.3420948088169098,0.19000451266765594,212989.1875,2.061330795288086,624.3233642578125,83.01944732666016,-144.69022268515917,-349.4715258623351,0.3426744341850281,0.49677595
14,1,-0.9933768117902964,45.58970894624289,1.1834009885787964,2.0324790477752686,-262.8325500488281,197.03482055664062,0.3464532792568207,2.6096198558807373,164013.65625,2.00885009765625,497.3306579589844,50.497230529785156,198.31632847727394,262.26391988208377,0.3448501229286194,0.026676936
14,1,-1.2649525927569278,42.45378073874515,1.1901028156280518,2.078230857849121,-375.675048828125,-134.72744750976562,0.4432927966117859,0.039670251309871674,175180.53125,2.1861190795898438,797.1424560546875,43.309417724609375,-136.8172999004219,372.94826595300395,0.44424617290496826,0.2823425
14,1,-0.9931242441772642,41.30811598552177,1.1690062284469604,2.0656003952026367,-17.919157028198242,320.7056579589844,0.24207235872745514,4.513649940490723,181140.09375,2.1586222648620605,733.000732421875,74.46969604492188,319.5236314963866,18.802539737943583,0.243726447224617,0.12064499
14,1,-1.0751152509100999,46.30074264374565,1.134261131286621,2.0107645988464355,331.769287109375,96.99922943115234,0.44550690054893494,0.045588284730911255,175180.53125,2.185075044631958,747.5504760742188,62.881744384765625,92.43249057015355,-332.44892336566517,0.44424617290496826,0.06003992
14,1,-1.0640535027604912,48.46197238205014,1.1725994348526,2.0323963165283203,-32.56458282470703,-366.33056640625,0.29804834723472595,4.946699142456055,197754.5625,2.14204478263855,641.7876586914062,55.37797546386719,-367.5815519535584,33.847393675830105,0.29768645763397217,0.005072018
14,1,-0.8506731722298231,40.75151783406409,1.1721608638763428,2.0521373748779297,152.1505126953125,-343.94708251953125,0.21637126803398132,1.3761693239212036,171964.140625,2.095599412918091,689.6798095703125,97.26887512207031,-345.5087215976409,-152.09478568476817,0.2184610217809677,0.14928085
14,1,-1.1774295754744002,33.197632507664494,1.175054669380188,2.0184710025787354,-375.8699645996094,170.9341278076172,0.20625367760658264,6.167750835418701,175695.40625,2.0868101119995117,824.0234985351562,54.76577377319336,167.77472471996415,374.1783961885259,0.20270603895187378,0.65085274
14,1,-0.9508671965071855,48.56447544331135,1.1550472974777222,2.0770301818847656,-34.327884674072266,-414.7862854003906,0.22180713713169098,1.3603039979934692,171964.140625,2.0682501792907715,515.3916625976562,57.712440490722656,-417.3133443264804,33.63199142820565,0.2184610217809677,0.009521874
14,1,-1.2547096190681135,46.94866811696942,1.1687917709350586,1.9528602361679077,80.87902069091797,-348.8207702636719,0.46428126096725464,0.4600312113761902,192515.84375,2.010671377182007,475.825927734375,26.468957901000977,-351.96387988558917,-83.73286744577,0.46838927268981934,0.018734194
14,1,-0.8043732869511326,37.93925455110949,1.1917649507522583,2.0854265689849854,-27.647716522216797,-377.882568359375,0.21925213932991028,2.6614890098571777,161278.625,2.1285741329193115,797.7700805664062,125.17111206054688,-378.1430559715301,27.019677880945775,0.21946635842323303,0.4052361
14,1,-1.546817053445128,29.80893364761845,1.1587326526641846,2.0758135318756104,-53.5740966796875,342.9427185058594,0.4286627769470215,4.354848384857178,162867.59375,2.186609983444214,1122.5506591796875,31.87040138244629,342.48925330658886,57.27479582108533,0.4283124506473541,0.90091395
14,1,-1.1343690853863904,44.50476147571298,1.1060566902160645,1.9969059228897095,228.8321990966797,260.5181579589844,0.17706932127475739,2.5284039974212646,164171.84375,2.035973072052002,529.8661499023438,38.8862419128418,261.5373922709098,-230.08216455987474,0.17810645699501038,0.020627987
14,1,-1.355535835380554,28.994299150574033,1.1797899007797241,2.0912158489227295,-336.8679504394531,-243.39016723632812,0.18512655794620514,2.7509164810180664,178319.46875,2.1263267993927,967.3011474609375,42.66039276123047,-242.35625642019966,336.4820333179864,0.18830104172229767,0.8934712
14,1,-1.0130633085235232,44.619253922181144,1.1476906538009644,2.0262556076049805,-13.045242309570312,389.5054931640625,0.3694639801979065,4.850338459014893,191359.828125,2.0990233421325684,604.6410522460938,58.67236328125,388.16612475925064,17.737263475361473,0.36898350715637207,0.048132747
14,1,-1.0056731357421302,41.64663531627513,1.1947582960128784,2.04711651802063,-192.8438720703125,319.00714111328125,0.3687586784362793,4.853213787078857,191359.828125,2.0596930980682373,631.3184814453125,62.31242752075195,317.8215039495442,197.98705842980274,0.36898350715637207,0.13466583
14,1,-1.1982123048681461,34.64164964088101,1.1663856506347656,1.9817248582839966,-310.0503234863281,188.30345153808594,0.44163697957992554,4.943811893463135,184080.84375,2.1581544876098633,889.3908081054688,56.34813690185547,186.4439005878581,314.7072914990269,0.44717279076576233,0.7211614
14,1,-0.7977397992032291,48.77909761158337,1.1966595649719238,2.005068302154541,-216.9937286376953,-274.6536865234375,0.3506709337234497,6.241110801696777,198895.484375,2.1275172233581543,613.714111328125,97.7745590209961,-278.231221481206,216.23016756675278,0.35254016518592834,0.0030774174
14,1,-0.9089519729349568,48.65732898364525,1.1520384550094604,1.955698847770691,-341.1293029785156,208.08651733398438,0.4233720898628235,5.594162464141846,210948.953125,2.031672477722168,479.0288391113281,59.07571029663086,206.90525386964435,340.26310929197047,0.42359665036201477,0.004769882
14,1,-1.2171621072165033,47.98677218364492,1.1931673288345337,2.0675015449523926,337.1677551269531,-12.694873809814453,0.23836220800876617,4.050393581390381,176320.390625,2.129223585128784,608.3651123046875,36.89784622192383,-11.231785001303939,-336.01984222870993,0.23690864443778992,0.0057360907
14,1,-1.147272831887174,42.06938667129708,1.143935203552246,2.0053439140319824,-265.71234130859375,-249.9659881591797,0.3840929865837097,4.762569427490234,192005.265625,2.1304452419281006,651.4324340820312,46.408294677734375,-252.01455771406432,268.62999597416575,0.3841453492641449,0.12610158
14,1,-1.0308217696374546,36.70241839536855,1.1454166173934937,2.108529806137085,-256.55523681640625,309.55792236328125,0.42802560329437256,3.4951894283294678,189551.125,2.2833917140960693,1080.70703125,100.66668701171875,313.01020393893356,257.89353657647365,0.42766284942626953,0.79286826
14,1,-1.0702180332018185,47.19939133465434,1.1725748777389526,2.070207118988037,320.4075622558594,20.661540985107422,0.260802298784256,5.699779987335205,189549.875,2.094447612762451,618.6123046875,52.625919342041016,17.91358130875345,-317.00556071093825,0.2573666274547577,0.009666444
14,1,-0.9915236439475311,45.87593308545531,1.1228415966033936,1.8039040565490723,-299.3664245605469,-134.36361694335938,0.42922207713127136,2.8803725242614746,169643.984375,1.9658836126327515,446.58990478515625,45.539085388183594,-133.70629049093597,297.4771357096109,0.43119946122169495,0.0043722847
14,1,-0.9104746002776859,40.96374766139011,1.0549986362457275,1.9794824123382568,19.58772850036621,322.7867736816406,0.19291794300079346,0.8569876551628113,206940.125,2.0482096672058105,553.6725463867188,68.04210662841797,320.81105329697533,-19.47647311034601,0.19652880728244781,0.16466255
14,1,-1.142307219799858,44.959582981372414,1.0843158960342407,2.098184823989868,206.68194580078125,245.01565551757812,0.4430399239063263,0.6786333322525024,200633.9375,2.2513725757598877,850.7432861328125,61.30425262451172,241.824785823758,-208.62587448645695,0.43933823704719543,0.28605157
14,1,-1.151145995852243,41.828524014703106,1.1892324686050415,1.8888778686523438,313.8883361816406,121.64556121826172,0.5213119983673096,5.942903995513916,160161.0,2.1050305366516113,649.8764038085938,45.886383056640625,117.55219172943568,-311.9454321519125,0.5218873023986816,0.048904065
14,1,-1.1275970414997034,47.30621718276465,1.1478015184402466,2.088017463684082,-157.88075256347656,293.5528259277344,0.3139069974422455,1.5711976289749146,215442.875,2.1830344200134277,733.6702880859375,54.68939208984375,292.3443028035667,153.7033105739979,0.31258440017700195,0.03257425
14,1,-1.528759403571776,42.759734307542594,1.1259788274765015,2.0632245540618896,-127.16617584228516,331.345947265625,0.2839643359184265,5.129385471343994,173510.796875,2.1436381340026855,703.1046752929688,20.809349060058594,330.3759293329075,129.97925665477095,0.2854468822479248,0.113446675
14,1,-1.2267438585499753,45.710946105217765,1.1885138750076294,2.0557985305786133,379.45361328125,-46.53439712524414,0.45631635189056396,0.5065515041351318,167238.28125,2.1688177585601807,728.681396484375,43.23075485229492,-49.57744002833179,-382.01973476908535,0.45477697253227234,0.07591178
14,1,-1.128140845972374,41.08734328222503,1.1601449251174927,2.0830180644989014,-303.0395812988281,-195.10890197753906,0.41820210218429565,5.014621734619141,199629.375,2.20129132270813,840.1829833984375,62.550724029541016,-195.90451133094012,307.1656138894442,0.4213111400604248,0.3474329
14,1,-1.2979128050433726,29.56732642520657,1.1644835472106934,1.9820828437805176,-348.5134582519531,19.76222801208496,0.4761817753314972,4.581504821777344,163027.875,2.108067035675049,956.4968872070312,48.169246673583984,18.474838978752516,353.6743645031714,0.4760439693927765,0.8868473
14,1,-1.0706502048422997,44.27793380134974,1.1286900043487549,1.9733630418777466,15.904914855957031,-343.3416748046875,0.500697135925293,6.258901596069336,217458.296875,2.1766669750213623,776.5294799804688,65.99440002441406,-351.5470650966163,-19.132269973705892,0.5001518726348877,0.069715485
14,1,-1.1004000636587223,43.20186523691948,1.0159459114074707,1.9463320970535278,193.32920837402344,341.3448486328125,0.4688272774219513,2.54756236076355,178338.96875,2.149604082107544,694.5313720703125,55.11769104003906,344.6520917529032,-197.00330970738366,0.4694380760192871,0.23652498
14,1,-1.135572516906786,33.92194941263357,1.0943650007247925,2.051032304763794,88.72846984863281,409.1333312988281,0.27489131689071655,4.612714767456055,179857.53125,2.1237385272979736,822.0445556640625,60.16197967529297,409.81585338947036,-86.00976825377488,0.28093090653419495,0.8151897
14,1,-1.0356792585959842,43.06338675377359,1.143035888671875,1.9204007387161255,-327.0492858886719,-98.2386245727539,0.4701787531375885,2.554741621017456,178338.96875,2.115523338317871,651.2158203125,59.98531723022461,-95.08761281411455,326.40048301679786,0.4694380760192871,0.06812789
14,1,-1.1644354678370827,44.98532480468572,1.1388016939163208,2.0580289363861084,333.24993896484375,-160.20712280273438,0.4936779737472534,3.2815098762512207,176021.765625,2.1789700984954834,679.8966064453125,46.559303283691406,-156.02020719376867,-332.9236094758193,0.4972526431083679,0.14581333
14,1,-0.7957943291517806,44.92410446727161,1.11948561668396,2.053833246231079,-279.2904052734375,223.8541717529297,0.416570246219635,1.4225353002548218,168748.828125,2.1775264739990234,706.7423095703125,113.10098266601562,223.8412720377483,275.6700686990654,0.4165410101413727,0.1333343
14,1,-1.1326960138110251,34.78467683760841,1.1738317012786865,1.9963263273239136,-377.4498291015625,137.93460083007812,0.32517120242118835,0.16363131999969482,208745.890625,2.1184959411621094,795.3941650390625,58.598384857177734,134.28494070389175,376.4043764228692,0.32688623666763306,0.6997534
14,1,-0.6215756622991702,43.01321930800037,1.1469347476959229,1.8759164810180664,273.6203308105469,194.3673095703125,0.39660516381263733,2.606755018234253,197037.546875,1.9813379049301147,506.2507629394531,121.0011978149414,196.61262403700871,-275.93089140122515,0.3943367302417755,0.024247808
14,1,-1.0421466579720675,37.28416216915564,1.1778467893600464,1.8747926950454712,-256.8200988769531,209.62216186523438,0.4436194598674774,1.6343039274215698,191424.296875,1.9998862743377686,576.5140991210938,52.31936264038086,206.7814712088769,254.92425062075694,0.443624883890152,0.29079682
14,1,-1.2199105641691985,42.11674648904888,1.0971043109893799,2.075732707977295,21.50267219543457,358.3948059082031,0.490098774433136,3.5118556022644043,180998.578125,2.217616319656372,871.5574951171875,52.52724838256836,363.17506233128415,-19.861547679454926,0.48953011631965637,0.47168612
14,1,-1.151707430582728,44.574560606090415,1.193856120109558,2.0788073539733887,-203.00045776367188,256.6723937988281,0.3593181073665619,0.775048017501831,200040.5,2.166694402694702,721.7285766601562,50.89388656616211,254.03230844445721,200.48991147213377,0.3593864142894745,0.08210564
14,1,-1.0053343380521897,45.80732487685613,1.1621172428131104,2.0208523273468018,16.361835479736328,-340.2326965332031,0.41706764698028564,1.425606369972229,168748.828125,2.1539087295532227,702.1192016601562,69.35469818115234,-341.37814512671383,-20.6527320395223,0.4165410101413727,0.046260145
14,1,-1.095456147151547,34.64163181618687,1.0978363752365112,2.087214231491089,-246.2696533203125,-205.0778350830078,0.4948738217353821,2.865013599395752,239926.375,2.1957767009735107,903.464599609375,72.5194320678711,-200.78262034780428,245.44169001785244,0.4967571794986725,0.88021886
14,1,-0.8472230184303392,48.317660467591544,1.194701075553894,2.0815460681915283,97.07574462890625,-408.2101745605469,0.38484856486320496,0.10184503346681595,210112.59375,2.1986753940582275,718.077392578125,102.08168029785156,-413.7117590011145,-97.78603998588062,0.3857661485671997,0.023711275
14,1,-1.2487203142089367,42.536924900668176,1.140653133392334,2.0111663341522217,-65.25636291503906,342.3122253417969,0.45873671770095825,0.7144392728805542,173444.03125,2.125385284423828,640.2647094726562,36.110877990722656,339.00975403895904,63.05088580606448,0.4565538167953491,0.23084448
14,1,-1.0164481311884939,42.56048195492101,1.1119980812072754,1.870635986328125,407.8294982910156,27.121509552001953,0.32130640745162964,2.1710288524627686,187553.078125,1.9395276308059692,411.0680236816406,39.5789680480957,31.229571861581277,-409.701278700286,0.32359105348587036,0.02567902
14,1,-1.0345530146837338,40.122386430451265,1.1689070463180542,1.8737784624099731,-67.5265884399414,382.68682861328125,0.5189774036407471,4.897481441497803,194557.25,2.0264081954956055,585.258544921875,54.049781799316406,380.19195728585254,73.02446475509751,0.5195136666297913,0.116417944
14,1,-1.2791490594891584,41.52680992726718,1.1956251859664917,1.972187876701355,178.2499542236328,-295.06201171875,0.456803560256958,0.6999987363815308,173444.03125,2.1162233352661133,744.4705200195312,39.14689636230469,-298.6607089828339,-181.04472333689804,0.4565538167953491,0.1527028
14,1,-1.0126019662081711,29.113898809586747,1.1756675243377686,2.0043351650238037,-283.64007568359375,-214.389892578125,0.232277974486351,3.962337017059326,173540.578125,2.017021894454956,781.4826049804688,75.9131088256836,-213.5103944749438,283.88805201873504,0.23136067390441895,0.8672204
14,1,-0.8831182559022641,47.635625080528726,1.1182655096054077,1.9927921295166016,365.2594299316406,-40.071048736572266,0.523556649684906,2.375586748123169,161609.453125,2.053691864013672,511.28399658203125,66.91805267333984,-35.701860061974635,-369.8221232869551,0.5250054001808167,0.04090495
14,1,-1.11252282120694,49.90063901138453,1.1665477752685547,2.0701160430908203,31.99471664428711,-364.6094970703125,0.45490914583206177,1.8942865133285522,226651.171875,2.2461466789245605,827.4013061523438,63.85467529296875,-362.3680632647238,-36.3880065967134,0.45356133580207825,0.01782615
14,1,-0.8453959070918917,45.62068219884843,1.1372621059417725,2.106623888015747,156.92422485351562,363.71026611328125,0.47508618235588074,0.9932077527046204,201667.65625,2.2240447998046875,822.4868774414062,117.41746520996094,362.7044552743497,-160.37146889387313,0.47563818097114563,0.19823782
14,1,-1.0021296634235395,31.215306562715856,1.141100287437439,1.9001530408859253,-259.6873779296875,-270.17767333984375,0.18133819103240967,3.548539161682129,187647.171875,1.9814013242721558,667.9381713867188,66.46697998046875,-270.1064822965692,260.6739276895294,0.18090826272964478,0.6815318
14,1,-0.7589102096031589,38.94268948098577,1.0871539115905762,2.0452849864959717,275.9580078125,194.50787353515625,0.22978495061397552,1.1153373718261719,221172.78125,2.1183032989501953,703.5090942382812,122.56293487548828,192.81650859358928,-277.9179298639304,0.23002876341342926,0.46589538
14,1,-1.2749811491983452,39.46560101033562,1.1716738939285278,1.9595872163772583,-293.06317138671875,-138.26853942871094,0.45570823550224304,2.4922471046447754,190593.46875,2.1035096645355225,705.5480346679688,37.45797348022461,-135.04515708297197,288.84334853782144,0.4546873867511749,0.29239678
14,1,-1.2442214323693432,34.64959500862428,1.0120365619659424,2.0672993659973145,406.5111083984375,-54.646732330322266,0.26429200172424316,1.82572603225708,171278.234375,2.113147020339966,745.9237670898438,42.50812911987305,-53.80775106555296,-408.3055367287704,0.26452624797821045,0.86585146
14,1,-1.0697544895938336,36.873222496462844,1.1790528297424316,1.988842248916626,14.824024200439453,381.6849670410156,0.45496928691864014,2.488629102706909,190593.46875,2.1315407752990723,871.9194946289062,74.2542495727539,384.3028026011956,-18.366301513226503,0.4546873867511749,0.59945464
14,1,-1.0662491005867387,42.979204752916466,1.0849976539611816,1.868228793144226,-394.5810241699219,141.6537628173828,0.4343899190425873,6.213085174560547,204789.671875,1.9967762231826782,467.22650146484375,40.112274169921875,138.55292604092082,394.59408005511136,0.43252822756767273,0.03644709
14,1,-1.1681742020512158,31.662510048574912,1.1534795761108398,1.9710572957992554,376.39605712890625,-9.946741104125977,0.36156362295150757,1.146228313446045,239825.84375,2.139069080352783,957.4882202148438,65.00676727294922,-11.826229173420852,-380.2405075339574,0.36351656913757324,0.84796745
14,1,-1.6641316826303594,25.522139015288648,1.1795549392700195,2.1015636920928955,272.07049560546875,-195.27996826171875,0.502228319644928,2.5403807163238525,230245.3125,2.2899882793426514,2013.54833984375,43.634437561035156,-190.62575784172785,-274.5437552130636,0.5044586658477783,0.9408241
14,1,-1.048620329240749,43.34823550839564,1.073959231376648,2.0742366313934326,346.4803466796875,225.3502655029297,0.2634499669075012,0.13530926406383514,181120.359375,2.0913398265838623,595.1270141601562,53.20941925048828,223.4079960465316,-345.83071999309624,0.2635221481323242,0.21169235
14,1,-0.9014466452303666,44.26464395427996,1.076907753944397,1.9917187690734863,-397.3678283691406,41.96866226196289,0.3797859251499176,0.07956793904304504,174075.0625,2.1094305515289307,626.565185546875,78.61746978759766,38.335547499718736,398.39351685758413,0.3784094452857971,0.123932086
14,1,-1.2214887391793279,38.35319547965352,1.0746263265609741,2.028843402862549,-33.41707992553711,324.1931457519531,0.37326380610466003,5.927180767059326,166502.828125,2.152480125427246,753.046142578125,45.22013854980469,319.76404490621655,34.7620958054761,0.3741825520992279,0.57508737
14,1,-1.0068069358893355,34.09832113056829,1.1248337030410767,2.060119867324829,-188.8733673095703,307.1363830566406,0.3012620210647583,2.3023810386657715,187272.109375,2.1551594734191895,893.8941040039062,87.99918365478516,307.50484602157826,185.96826020246448,0.30167141556739807,0.82459515
14,1,-1.0083776670759583,36.883238448874,1.1960163116455078,1.8338757753372192,-281.8009948730469,-304.1701965332031,0.35522332787513733,2.86157488822937,162487.3125,1.9479931592941284,525.330322265625,51.529266357421875,-302.0689665582124,281.6726073586421,0.355607271194458,0.10762274
14,1,-1.0738780004543416,45.92838084482707,1.1077085733413696,1.9607423543930054,-237.15936279296875,231.0209197998047,0.4802428185939789,3.58062744140625,180896.265625,2.120102882385254,613.0407104492188,51.71427917480469,237.15521455143593,240.30827765957073,0.47888806462287903,0.04307484
14,1,-0.921187419887458,40.21698325388789,1.1209295988082886,2.058614730834961,339.119140625,238.6701202392578,0.4833953380584717,1.8595833778381348,187616.609375,2.1676418781280518,776.267578125,93.07296752929688,240.27098924796775,-341.28536606075363,0.490709513425827,0.58768463
14,1,-1.2541441116352887,35.46330564454706,1.1438015699386597,2.089315414428711,70.09161376953125,394.66497802734375,0.18810124695301056,2.3365120887756348,181025.09375,2.158738374710083,808.3823852539062,45.02687072753906,397.1519756878972,-71.76338285434228,0.19098281860351562,0.7050187
14,1,-1.3273592307385265,41.54967300453742,1.0827412605285645,2.0997161865234375,255.206787109375,317.6837158203125,0.4127872884273529,4.0556111335754395,191854.953125,2.180896520614624,759.969970703125,35.76316833496094,318.7187323303996,-252.3954280435978,0.4136391580104828,0.504788
14,1,-0.9892140673517285,42.977437706449784,1.0218454599380493,2.030088186264038,-168.11703491210938,-347.538818359375,0.48858845233917236,1.8638217449188232,187616.609375,2.192490816116333,765.4404296875,78.46875762939453,-349.3609337057152,163.3582242324324,0.490709513425827,0.46018463
14,1,-0.8413345658898878,39.7096804062487,1.0754592418670654,1.969533085823059,-157.4578857421875,280.5931701660156,0.4370766878128052,5.637352466583252,187918.625,2.1350820064544678,696.234619140625,100.32764434814453,278.11959164630144,160.94297352182096,0.43869709968566895,0.3900583
14,1,-0.8957683906868407,49.481215820517534,1.1993002891540527,1.9507360458374023,-59.23997497558594,-346.01031494140625,0.4566158354282379,0.5110964179039001,163350.0625,2.07625412940979,536.5775146484375,68.21241760253906,-353.89407273031424,56.399795759967844,0.45169878005981445,0.0048031816
14,1,-0.9089850889928058,45.00985400069713,1.1685675382614136,2.035454750061035,-40.73688507080078,329.34588623046875,0.17828981578350067,3.858051061630249,175317.140625,2.107886791229248,622.0325927734375,76.70567321777344,329.8194702067543,42.06873590972006,0.17621390521526337,0.011864336
14,1,-1.3118249782036575,44.36700516265623,1.1789168119430542,2.0924153327941895,347.1457214355469,-204.7868194580078,0.5041723847389221,2.3310465812683105,238276.46875,2.2289206981658936,851.681884765625,41.53855514526367,-200.86256038869976,-350.1085371931699,0.5069187879562378,0.20549601
14,1,-1.0159801132184454,48.26270449113042,1.196926236152649,2.0953574180603027,210.60276794433594,-332.2780456542969,0.3627714216709137,0.49430423974990845,257322.203125,2.2119619846343994,792.2008056640625,76.3580093383789,-337.4326946976158,-211.12625084016938,0.3632206618785858,0.02314021
14,1,-1.1784519230752888,27.188217564393476,1.1145347356796265,2.0883424282073975,-91.7448959350586,334.67333984375,0.4442143440246582,3.535694122314453,294920.34375,2.2269368171691895,1255.264892578125,83.23058319091797,337.8611781643119,94.89176534507313,0.44646695256233215,0.9269186
14,1,-0.8336959370935828,29.12482408755292,1.1879903078079224,1.8971964120864868,-258.3046569824219,297.1329650878906,0.4136105179786682,4.179088115692139,268028.5,1.930867314338684,671.008544921875,98.40828704833984,298.2145728072131,261.443531620751,0.4169178009033203,0.84857804
14,1,-0.9827394623957229,49.3233744341345,1.1809091567993164,2.107102155685425,324.12384033203125,27.298227310180664,0.42471155524253845,5.312022686004639,258798.734375,2.1907193660736084,717.6149291992188,74.67090606689453,23.4927458853214,-321.2381594570604,0.4251455068588257,0.016900195
14,1,-1.0942601144076312,37.42149127794412,1.0515044927597046,2.0663862228393555,-326.40899658203125,89.54258728027344,0.32479989528656006,4.616870880126953,261845.84375,2.1764190196990967,897.868896484375,72.26902770996094,88.75448950276625,328.0183850441399,0.32503801584243774,0.7285276
14,1,-0.8775255124964663,36.58754135440716,0.9802842736244202,2.0452091693878174,-250.83360290527344,-200.62710571289062,0.20967908203601837,0.22979706525802612,291165.75,2.165592908859253,816.6797485351562,108.27442169189453,-203.42794212573511,251.4223199967019,0.21411338448524475,0.7970681
14,1,-1.3827801040583088,45.966917346336984,1.1607989072799683,2.104097604751587,-350.66961669921875,23.01436424255371,0.4202781021595001,2.054872989654541,264842.9375,2.2374022006988525,831.6697998046875,34.44844055175781,24.665309259046087,347.29369519665727,0.4220704436302185,0.10109547
14,1,-1.0074075162454776,35.36324665666201,1.0694959163665771,1.9530975818634033,-329.882568359375,-202.9126434326172,0.34161099791526794,4.699600696563721,307257.09375,2.0499236583709717,638.84033203125,62.80353927612305,-202.14753303291334,333.187780473228,0.3399224579334259,0.6835638
14,1,-1.0166631848227676,42.07141578713689,1.1946916580200195,2.1075427532196045,-285.81536865234375,-214.69747924804688,0.45482802391052246,5.163175106048584,255399.59375,2.2651526927948,985.4049682617188,94.83116912841797,-216.43187781853854,289.4650910437173,0.45404547452926636,0.28788888
14,1,-0.9094866091406463,28.975103871549344,1.0903050899505615,2.053497791290283,406.9719543457031,34.81819534301758,0.4470501244068146,3.3673229217529297,327613.65625,2.0803098678588867,808.2019653320312,99.5480728149414,41.033034341604335,-405.7029519909347,0.4483405351638794,0.91566837
14,1,-1.099185883352589,37.403532001263365,1.0524860620498657,1.9596115350723267,-164.1895294189453,359.2836608886719,0.4533408582210541,1.6075202226638794,275381.375,2.0731616020202637,628.053955078125,49.981605529785156,359.60946236996506,157.838394637447,0.4565909206867218,0.7102231
14,1,-0.8558672937266303,40.54764033214173,1.1588397026062012,2.07816743850708,-32.67782211303711,-399.1896057128906,0.18828696012496948,3.9208033084869385,334770.8125,2.144254207611084,722.8746337890625,100.73844909667969,-398.1135155085502,33.53860265782217,0.18641799688339233,0.16106811
14,1,-1.2965652743007954,39.78731126960119,1.0692123174667358,2.1007840633392334,340.00189208984375,-149.1542205810547,0.4298590123653412,5.30661153793335,297556.96875,2.2855305671691895,1053.4466552734375,53.21651840209961,-151.49553429982225,-337.2565864145713,0.4274398386478424,0.6688414
14,1,-1.298056047277717,39.53425628903079,1.0661182403564453,2.1076529026031494,26.080778121948242,-350.3897399902344,0.4270375370979309,5.321123123168945,297556.96875,2.2664856910705566,949.9453125,47.82353210449219,-353.47772817672643,-23.284930033192357,0.4274398386478424,0.6982666
14,1,-0.9496614751256661,42.138891946129874,1.1425577402114868,2.0060503482818604,68.03923034667969,338.34088134765625,0.3249368369579315,1.3351768255233765,301384.0,2.100986957550049,640.9581909179688,71.97267150878906,337.68490801392636,-70.05628589141763,0.32344168424606323,0.12469848
14,1,-1.056725360015476,45.834852730645856,1.1206868886947632,2.035305976867676,-224.0017852783203,313.17230224609375,0.32728636264801025,1.3455513715744019,301384.0,2.1310224533081055,639.2809448242188,56.10035705566406,312.2690079567873,220.4404632919282,0.32344168424606323,0.047023155
14,1,-0.8482468650979642,43.68532245577367,1.13277268409729,1.8535218238830566,413.0609436035156,12.011005401611328,0.337022989988327,4.316458702087402,399551.625,1.9678244590759277,445.49591064453125,63.18240737915039,14.18107009036922,-409.4638300421123,0.3355247676372528,0.008372343
14,1,-0.9370646632136476,42.95357312667373,1.0846796035766602,2.0779404640197754,294.676513671875,128.63511657714844,0.4044898450374603,2.218240737915039,262762.78125,2.1621274948120117,730.9521484375,84.49359130859375,131.1557955593604,-297.09103127447577,0.4005448520183563,0.3465075
14,1,-1.2813352742501456,32.847164291708786,1.1922723054885864,2.0273396968841553,341.1919250488281,144.65798950195312,0.4910215437412262,0.840178370475769,276297.84375,2.199190139770508,1089.1669921875,56.98472213745117,143.35626241409224,-342.805387379819,0.49359655380249023,0.8615451
14,1,-1.3734028578105242,39.77491059814989,1.035913109779358,2.108529806137085,-83.51233673095703,-325.87713623046875,0.4277283549308777,5.483679294586182,298301.28125,2.278602123260498,996.855224609375,42.19181442260742,-329.5346367308091,87.28284098495742,0.42551302909851074,0.71844804
14,1,-1.1689690053882706,33.54606326223124,1.132171630859375,2.037033796310425,296.5209045410156,241.0104217529297,0.5207022428512573,0.9579159617424011,335372.625,2.2839877605438232,1248.6175537109375,84.61744689941406,236.87469721655955,-301.0613800076743,0.5202258825302124,0.87917316
14,1,-0.9628974921444091,33.15953958495558,1.1324803829193115,2.067128896713257,-41.070220947265625,-352.26910400390625,0.44365644454956055,0.5746709704399109,284824.96875,2.213808536529541,1158.1761474609375,126.14695739746094,-355.57919406907354,40.015990500517084,0.4451081156730652,0.88416284
14,1,-1.2787550883893877,41.370283540855276,1.0401554107666016,1.9155526161193848,-281.5108947753906,-267.6402587890625,0.520907461643219,4.0085320472717285,255528.84375,2.1583242416381836,717.204345703125,37.74736785888672,-263.8424236347807,284.3014609476644,0.518002450466156,0.3147163
14,1,-1.1727008842915614,43.51824046065104,1.0078835487365723,1.9409009218215942,76.02072143554688,-368.3141784667969,0.5174897909164429,4.006031513214111,255528.84375,2.125455379486084,618.7852783203125,41.57555389404297,-365.343297159753,-72.55936601590855,0.518002450466156,0.23880623
14,1,-0.9282150702888768,41.0232402960891,1.1848527193069458,1.9530975818634033,-220.84095764160156,-322.7402038574219,0.34074831008911133,0.5958555936813354,293698.75,2.047245979309082,602.551025390625,71.08502960205078,-326.3806927037665,215.79011866675498,0.3450107276439667,0.08963046
14,1,-0.9868234314629266,35.03332591306518,1.1164195537567139,1.9589853286743164,405.4909362792969,91.46426391601562,0.474035382270813,4.995728015899658,336373.125,2.1138198375701904,764.33349609375,78.78778839111328,89.99284540051414,-403.2386564346214,0.47401392459869385,0.74696773
14,1,-1.312771264101587,34.42894674070774,1.181889533996582,2.111462354660034,344.3801574707031,175.76040649414062,0.39078664779663086,1.8625575304031372,319797.28125,2.1743838787078857,959.8388671875,46.71175003051758,175.31965346802414,-347.13385060027963,0.3896491527557373,0.84492815
14,1,-0.8031795707429112,47.958729394163456,1.1601327657699585,2.043687582015991,-340.6950378417969,213.05099487304688,0.19233745336532593,2.595099449157715,252343.484375,2.1506147384643555,616.7842407226562,97.0405502319336,214.70452882437374,339.6723809252084,0.19316130876541138,0.005444731
14,1,-1.2713462154970436,47.151102248348664,1.1857081651687622,2.1015636920928955,337.5200500488281,-116.23198699951172,0.49991515278816223,0.6370097398757935,254690.4375,2.295884370803833,1001.8178100585938,53.63418960571289,-120.44883295969223,-339.5980796584986,0.5003189444541931,0.088741586
14,1,-1.010279140246818,44.59495020839424,1.1437019109725952,2.0977869033813477,367.2827453613281,-193.2380828857422,0.4662102460861206,3.080606698989868,250229.484375,2.2833023071289062,930.3838500976562,90.86205291748047,-188.39646701789292,-367.6029177129175,0.4631516933441162,0.20448194
14,1,-1.055805545802939,48.63640208655354,1.1775254011154175,2.0728888511657715,121.09928131103516,-326.4642333984375,0.46137842535972595,3.0813722610473633,250229.484375,2.257150650024414,868.755859375,76.39969635009766,-323.4932760202172,-122.670362682654,0.4631516933441162,0.024708224
14,1,-1.131794533080448,34.496093687184725,1.1165518760681152,2.1037967205047607,-295.7781677246094,138.33544921875,0.3798500895500183,1.1574090719223022,296026.78125,2.208691120147705,1000.872314453125,73.88964080810547,138.77959837324505,291.37612006803016,0.383822500705719,0.8689295
14,1,-1.0044446556355144,35.43044843194941,0.9711005687713623,2.082930564880371,-6.428743839263916,344.1020812988281,0.3921108543872833,1.1765780448913574,296026.78125,2.241459369659424,1014.1280517578125,100.38011932373047,342.18824296206225,3.656184736199121,0.383822500705719,0.89384913
14,1,-0.35706266454066493,32.805234296076996,1.0640240907669067,1.9757812023162842,6.3935227394104,-395.7428283691406,0.4334358274936676,3.469482183456421,378249.46875,2.141561985015869,809.0304565429688,355.5511474609375,-391.68172220090287,-5.485593154816677,0.4395730793476105,0.86992097
14,1,-0.5614142243874508,43.29708633531399,1.1466819047927856,2.0033509731292725,-319.4933166503906,204.0745391845703,0.35869264602661133,4.129143238067627,325472.21875,2.1029086112976074,629.8302001953125,172.90557861328125,204.6072909920497,322.6138814851444,0.35966455936431885,0.06633812
14,1,-0.6703607558364242,36.519255161427125,1.1569017171859741,2.039536237716675,3.4429800510406494,414.689208984375,0.281745582818985,2.954352378845215,381561.875,2.0721144676208496,676.0865478515625,144.42462158203125,415.1672264668518,-3.3536867238756063,0.2792832553386688,0.5824686
14,1,-0.8086603835600118,36.46114393544538,0.9562472701072693,2.096909761428833,115.34806060791016,358.96563720703125,0.4669080972671509,5.615128040313721,330596.625,2.258357286453247,991.8485107421875,154.0936279296875,353.4692443423802,-113.43324490708612,0.4680449068546295,0.88195515
14,1,-0.7115567941282311,37.84906119708754,0.9718818068504333,2.100529193878174,251.06385803222656,-240.67723083496094,0.28848379850387573,1.7149426937103271,275897.1875,2.149231195449829,772.5196533203125,150.09024047851562,-241.73556716262735,-253.2369209505147,0.2905632555484772,0.8245791
14,1,-0.8491373513346857,40.07303747413522,1.1057662963867188,2.042484760284424,265.15167236328125,296.9171447753906,0.32947197556495667,0.9823034405708313,308571.9375,2.161672592163086,753.8555908203125,106.6965560913086,296.35403249625756,-267.2967514901698,0.3271109163761139,0.4336617
14,1,-0.6215772602652924,28.563015799980455,1.1383562088012695,2.0770301818847656,-145.88563537597656,287.7604064941406,0.22091978788375854,2.640688419342041,266549.25,2.0655412673950195,812.8948974609375,194.2928924560547,288.74011264779773,142.4449567051337,0.2177143543958664,0.9056208
14,1,-1.1644277361853952,45.96348687348468,1.19589102268219,2.085775852203369,155.5902099609375,-339.45159912109375,0.492455393075943,4.8690385818481445,280565.21875,2.2588698863983154,979.4022216796875,67.0706787109375,-340.8969140281408,-152.7429104788678,0.4915663003921509,0.07041697
14,1,-1.0601697086503301,29.858436714873672,1.0044699907302856,2.005068302154541,-120.99571990966797,324.659423828125,0.35157716274261475,5.41650390625,264446.0625,2.1251845359802246,950.9860229492188,82.79496002197266,321.5108116824622,123.58709271983003,0.354618102312088,0.906418
14,1,-0.644291648908238,35.974314330438034,0.952322781085968,1.992020845413208,-220.10569763183594,-272.9834899902344,0.3532956838607788,5.425260543823242,264446.0625,2.1511943340301514,814.4140014648438,184.7367706298828,-275.7232611878915,222.86442456312963,0.354618102312088,0.8150651
14,1,-0.9687675836454525,46.42302663003347,1.1865662336349487,1.9729331731796265,-376.37646484375,98.06542205810547,0.4157301187515259,4.694433212280273,343134.3125,2.09368634223938,607.090576171875,65.23568725585938,99.03645536317326,380.69675168783675,0.41257670521736145,0.010797359
14,1,-0.7511012900999868,35.367699403177305,1.1051573753356934,1.9215487241744995,-255.46058654785156,286.58599853515625,0.21921198070049286,4.509454727172852,286068.625,1.9854464530944824,515.3290405273438,91.40771484375,286.39863105908785,257.7152988378939,0.22337767481803894,0.4023061
14,1,-0.9729636027549902,47.04276962029333,1.1383429765701294,2.1063740253448486,323.25750732421875,-92.43561553955078,0.45031455159187317,4.957714080810547,372725.9375,2.2284159660339355,793.8323364257812,84.48209381103516,-93.86329235064316,-319.6029203050054,0.45021456480026245,0.07411768
14,1,-0.8403748438116102,34.64980893696395,0.9348865747451782,2.005924940109253,399.3514709472656,114.11767578125,0.37604498863220215,5.608973026275635,284832.34375,2.0274453163146973,598.557861328125,86.44319152832031,111.03455083884133,-396.4281811199464,0.37909114360809326,0.8718097
14,1,-0.8497186572471545,36.79793427362977,0.9764336943626404,1.9931225776672363,-380.2673645019531,-0.4493211805820465,0.3779420256614685,5.600589752197266,284832.34375,2.016763687133789,616.6220092773438,87.1565170288086,-3.4510301613921546,383.5107239658053,0.37909114360809326,0.7704205
14,1,-0.7585636142225606,49.4268106233164,1.1969679594039917,2.110508680343628,363.8967590332031,-118.25091552734375,0.347219854593277,2.2217376232147217,259076.5,2.1608028411865234,671.1004638671875,117.0101547241211,-114.90600581492153,-368.02169535094924,0.34617188572883606,0.012805171
14,1,-0.9371198876209069,48.45234196793326,1.1126625537872314,2.0531716346740723,52.947669982910156,353.4375305175781,0.4078947603702545,5.6677656173706055,277285.15625,2.183469533920288,686.5913696289062,79.35565948486328,349.2904876590643,-51.31753024154885,0.4095004200935364,0.021656211
14,1,-1.1767892621899132,29.634637850139757,0.8510273694992065,2.0561654567718506,274.053466796875,178.1729278564453,0.2140640765428543,6.07667350769043,323044.625,2.0860097408294678,810.7529296875,53.963294982910156,174.77781850028134,-274.838580532733,0.22002069652080536,0.9230659
14,1,-0.9551615092982692,31.75531225734033,0.8956358432769775,2.0791680812835693,197.76734924316406,326.70123291015625,0.25416553020477295,5.567501544952393,278765.5,2.099304676055908,755.2850341796875,83.7430648803711,324.2156370930665,-196.21252896994133,0.25025033950805664,0.9141774
14,1,-0.890593018793997,31.415336003211483,1.1050047874450684,2.1058030128479004,106.41744995117188,344.5022277832031,0.2510853409767151,5.596942901611328,278765.5,2.1758346557617188,951.1552734375,122.365234375,343.5439636012269,-105.10686069998928,0.25025033950805664,0.8834154
14,1,-0.9203319347864308,34.8658049260618,1.1832863092422485,2.0821125507354736,-257.87982177734375,238.57669067382812,0.2716820538043976,1.5362088680267334,266896.03125,2.1812057495117188,953.3739624023438,114.53308868408203,239.0734783831624,254.5959792321415,0.273113489151001,0.75269014
14,1,-1.1371643250144827,37.61243839717767,1.1434539556503296,2.106458902359009,-75.80282592773438,-349.95526123046875,0.3629222512245178,0.19178955256938934,271424.78125,2.185861825942993,925.8749389648438,67.51299285888672,-354.0364227951123,76.0310253023794,0.3619832694530487,0.7406551
14,1,-1.0542140484807514,45.717590921917264,1.1043874025344849,2.009948968887329,-252.5692901611328,-206.26002502441406,0.36168158054351807,0.20445160567760468,271424.78125,2.155552625656128,698.04443359375,61.6124267578125,-210.73411222753504,252.34281815606928,0.3619832694530487,0.06014774
14,1,-1.0094212718647682,45.32236311610491,1.1680747270584106,2.063683271408081,57.4398193359375,360.9857482910156,0.35715046525001526,4.308382511138916,303893.84375,2.1753458976745605,738.3961791992188,72.25494384765625,361.4193743011415,-55.15777930426533,0.35684865713119507,0.044346783
14,1,-0.7982624494681549,34.26579456811968,0.9165902733802795,1.8024786710739136,336.4357604980469,-188.3524169921875,0.29430845379829407,5.217891216278076,340505.71875,1.8459701538085938,408.2843017578125,64.96800994873047,-190.55627488575513,-333.8782707046427,0.2958409786224365,0.68086165
14,1,-1.2390226679063885,35.75631552278476,1.134516716003418,1.968462586402893,155.56741333007812,328.92156982421875,0.4500347077846527,1.8416975736618042,259091.125,2.0948479175567627,736.5183715820312,42.47759246826172,329.7569784947851,-158.45227858697294,0.45228853821754456,0.72140807
14,1,-1.0237551022217402,40.593859418409096,1.0817885398864746,2.0988919734954834,-410.1738586425781,24.194948196411133,0.43827325105667114,5.289028644561768,331126.3125,2.2462961673736572,904.6204223632812,85.646728515625,17.658212442068983,415.42597708651834,0.44275182485580444,0.5915795
14,1,-0.9499928720481475,34.691178952353205,0.9922496676445007,2.090524673461914,-105.73802947998047,-321.6663513183594,0.3315998315811157,4.406250476837158,282196.59375,2.17995548248291,890.0481567382812,99.86658477783203,-323.7345166375045,108.33252598914295,0.33400994539260864,0.8819586
14,1,-0.8210663575977986,46.347584783947255,1.1424187421798706,1.9703731536865234,144.15843200683594,-299.0479736328125,0.4588877856731415,6.262414932250977,319663.46875,2.1341240406036377,682.9331665039062,103.1125259399414,-303.12462087337224,-142.6606795270887,0.4623662531375885,0.018981522
14,1,-0.8722464011558902,43.74369476128395,1.163692593574524,2.10625958442688,-99.32301330566406,345.18121337890625,0.4163164794445038,1.0318608283996582,254970.4375,2.2056870460510254,817.72119140625,109.73835754394531,343.51269438834646,95.95072759716534,0.4128822088241577,0.23504709
14,1,-1.0330398904669922,42.16787927802824,1.0598983764648438,2.0811715126037598,-343.9659729003906,26.4652042388916,0.48714691400527954,4.868772983551025,324461.3125,2.234800100326538,891.034912109375,82.57608795166016,25.046374759828698,349.2679344164107,0.48451411724090576,0.515627
14,1,-1.1699524254338218,33.93159818286185,1.1159634590148926,1.8056312799453735,-164.65782165527344,-327.2803649902344,0.34164464473724365,1.0584499835968018,285260.90625,1.8908039331436157,500.632080078125,33.85049057006836,-329.9966420259115,163.9912242526148,0.3455715477466583,0.48241737
14,1,-0.8329348436730184,44.00561351520282,1.1170037984848022,1.9935191869735718,-244.86209106445312,-306.8863220214844,0.4092545211315155,4.696516513824463,343134.3125,2.105121374130249,600.0402221679688,88.15460968017578,-305.83958841632307,248.5882586341016,0.41257670521736145,0.07437199
14,1,-1.0745369255498771,40.60194116761252,1.1435368061065674,1.9526749849319458,281.4147644042969,-178.9977264404297,0.48309990763664246,4.288244247436523,253006.359375,2.1150901317596436,691.0748291015625,58.20863342285156,-177.79898589188994,-279.5012912161681,0.4847988188266754,0.2277469
14,1,-1.0910267628305617,32.58843282396376,1.1691381931304932,1.9354783296585083,377.905517578125,33.42231369018555,0.4873543977737427,4.28512716293335,253006.359375,2.121166706085205,889.6015014648438,72.138671875,34.8497393953273,-373.1448107260019,0.4847988188266754,0.80369073
14,1,-1.107244731721701,43.87835048102525,1.1813232898712158,1.8503563404083252,242.82969665527344,320.9185791015625,0.25376465916633606,5.564332962036133,62777.62890625,1.8376036882400513,318.0107421875,24.842500686645508,321.5406981823287,-241.50760218096636,0.25706472992897034,0.0020233123
14,1,-0.9597393120566069,46.84590910857006,1.1632229089736938,1.8171902894973755,229.38623046875,276.1252136230469,0.25346535444259644,5.56407356262207,62777.62890625,1.8247140645980835,306.31878662109375,33.60725402832031,274.56049887124107,-227.20708590058084,0.25706472992897034,0.00050374836
14,1,-1.252474209365358,46.35733719990402,1.1831822395324707,1.840411901473999,334.33746337890625,114.85370635986328,0.3606189489364624,5.392196178436279,62243.8671875,1.932140827178955,390.4369201660156,21.831052780151367,112.46112251888684,-331.0139859112821,0.35545170307159424,0.0013752092
14,1,-1.8030354704277045,40.859200235931816,1.1346486806869507,1.8066051006317139,395.977783203125,92.80813598632812,0.37206125259399414,5.465563774108887,63315.9921875,1.8711600303649902,388.1520690917969,6.1088480949401855,90.56170120633878,-393.77797177324385,0.3777240216732025,0.018001597
14,1,-1.2278044168167845,37.747011454093936,1.105164885520935,1.8062890768051147,71.51888275146484,-315.8736572265625,0.34152424335479736,1.1835596561431885,62968.4765625,1.8675493001937866,406.7425842285156,24.07206916809082,-314.8739644933804,-74.07455708077441,0.33589693903923035,0.1415816
14,1,-1.246416559104492,28.94714205761346,1.1078526973724365,1.8017687797546387,418.34423828125,23.407703399658203,0.2547888159751892,2.8090169429779053,61435.54296875,1.8096572160720825,431.5162048339844,24.466890335083008,25.200331779865788,-416.92562735267927,0.25532791018486023,0.7938668
14,1,-1.6775411455892513,36.7524926395342,1.1941125392913818,1.7976187467575073,100.0784912109375,-336.9049072265625,0.19943639636039734,2.26233172416687,58091.87109375,1.7999478578567505,406.2554016113281,8.535970687866211,-336.11110995990845,-102.63431724881835,0.19158607721328735,0.024957122
14,1,-1.1674747902001625,41.14041154857387,1.0964654684066772,1.8003721237182617,398.763427734375,-116.40760803222656,0.44867590069770813,3.8900413513183594,61297.2734375,1.82288658618927,306.8562927246094,20.866910934448242,-113.9095806686488,-395.6996556362539,0.4490434229373932,0.045679353
14,1,-1.073676313736296,46.471152312222976,1.1933759450912476,1.8557838201522827,-135.99139404296875,-368.9773254394531,0.40605562925338745,2.7998640537261963,58541.3125,1.8665715456008911,329.26104736328125,27.788331985473633,-365.1951559253089,133.83743963066712,0.40517735481262207,0.0027045733
14,1,-1.4486330004062993,39.300814191826085,1.1521153450012207,1.805741548538208,291.20147705078125,179.57749938964844,0.33140528202056885,0.48336973786354065,54209.0859375,1.8442764282226562,362.455078125,12.900835037231445,177.774173518147,-289.456700598048,0.33015549182891846,0.04338316
14,1,-0.9278453748066673,43.1914313466219,1.1191262006759644,1.7976187467575073,100.31965637207031,377.87298583984375,0.19906461238861084,1.0094395875930786,47986.39453125,1.80229651927948,265.6030578613281,31.360740661621094,382.6641179767396,-102.26215528905121,0.1937163919210434,0.0034538058
14,1,-1.2976465549294542,45.78317921761951,1.179055094718933,1.797472357749939,-195.68673706054688,-257.4103088378906,0.48631972074508667,5.479249954223633,61834.3359375,1.9466220140457153,404.9730224609375,20.406917572021484,-261.0082922966419,198.79595672173338,0.48845118284225464,0.00244137
14,1,-0.9074882414309443,43.471246383248484,1.1720434427261353,1.7999789714813232,177.7071075439453,-362.0773620605469,0.18906959891319275,4.685561656951904,61734.69921875,1.8251597881317139,307.6390686035156,38.06730270385742,-362.0799467290375,-167.39629089512394,0.18383091688156128,0.0009380585
14,1,-1.2604766225286081,32.92031653134201,1.1569942235946655,1.8018113374710083,-204.45669555664062,307.1039123535156,0.3693574368953705,0.13052314519882202,63631.953125,1.849339246749878,434.4136657714844,23.846521377563477,304.4107686207927,206.7138080990398,0.3733901381492615,0.546545
14,1,-0.7254429421456378,32.865613349498936,0.8646003007888794,1.9613924026489258,236.86280822753906,229.0062713623047,0.4143003225326538,1.5235745906829834,421494.8125,2.1322426795959473,818.8650512695312,154.08810424804688,228.13776620959072,-243.13629165558513,0.4125191569328308,0.9142873
14,1,-1.0726410994476272,29.433736499381787,0.8231277465820312,1.954872488975525,169.84828186035156,296.8089599609375,0.3407611846923828,2.7728495597839355,522677.53125,2.042346954345703,696.8048706054688,58.948036193847656,299.26825353307817,-172.68797599549572,0.3421991169452667,0.92899734
14,1,-1.0807206952706563,33.53796845866546,1.0076439380645752,2.0838332176208496,-101.79157257080078,-388.9560546875,0.34826427698135376,2.8316473960876465,522677.53125,2.1057848930358887,764.4205932617188,63.47621154785156,-385.99241073171333,100.74784906227325,0.3421991169452667,0.89840704
14,1,-1.1670320040352464,43.573403831908074,1.1813831329345703,2.0568459033966064,-350.0634765625,-98.37163543701172,0.5007262825965881,0.25030192732810974,469157.40625,2.249391555786133,938.4450073242188,63.88165283203125,-103.12869219130945,348.0454530080007,0.5022300481796265,0.22291279
14,1,-1.0412454020048507,46.4265618099908,1.1919668912887573,2.102458953857422,-290.6847229003906,-283.275146484375,0.5027559399604797,0.258929967880249,469157.40625,2.2618932723999023,856.4480590820312,77.88522338867188,-289.5646216089681,289.5761168996475,0.5022300481796265,0.1165139
14,1,-0.7041340506530731,42.33419219113135,1.0672558546066284,1.8856713771820068,299.5947570800781,-273.1701965332031,0.3211461305618286,4.849034786224365,541492.6875,1.9735366106033325,461.23101806640625,91.15573120117188,-274.30785968520325,-297.5314708998629,0.3172783851623535,0.040207367
14,1,-1.155974606829893,40.11115315741401,1.1570442914962769,2.081393241882324,-15.207975387573242,395.9227294921875,0.21777543425559998,3.962663173675537,420726.9375,2.122211217880249,703.8923950195312,49.150821685791016,396.16563628756415,16.82733898005444,0.21810738742351532,0.22847585
14,1,-1.0627403013277645,41.843556831821274,1.1623289585113525,1.9743894338607788,-255.6888427734375,-196.2841033935547,0.4244723618030548,3.838857412338257,411313.0625,2.0778121948242188,638.5105590820312,55.26205062866211,-192.40867681925909,257.53650588680824,0.426914781332016,0.1160842
14,1,-0.6992862486041302,45.4935837856669,1.153182864189148,2.01249361038208,400.1935119628906,-111.19378662109375,0.4252658784389496,3.8289496898651123,411313.0625,2.125303030014038,625.9823608398438,125.10523986816406,-107.28095739751541,-399.9870852472938,0.426914781332016,0.04216225
14,1,-0.8617664394097263,35.55769577389763,0.9428974390029907,2.0676286220550537,376.7121276855469,-168.70867919921875,0.25447893142700195,1.2297831773757935,438869.6875,2.138007640838623,828.0992431640625,113.84542083740234,-169.66498707685605,-377.8031271860425,0.2502785325050354,0.87449354
14,1,-1.1890367180776495,38.8335289271062,1.0937124490737915,1.833145022392273,-150.92001342773438,301.5275573730469,0.184134840965271,2.0832457542419434,71373.953125,1.8436464071273804,369.8409118652344,23.93185806274414,302.6180479582116,149.44417947013054,0.1825701892375946,0.04335696
14,1,-1.0419021996752154,46.373010769961915,1.146686315536499,1.8131647109985352,-240.76461791992188,293.7598571777344,0.1775907725095749,0.0076055037789046764,72875.1640625,1.8602718114852905,324.0168762207031,29.42144203186035,292.19840604763255,243.43154345232912,0.1791137456893921,0.00092413014
14,1,-1.2899165308544933,42.157234789051095,1.0773773193359375,1.8056312799453735,-26.865806579589844,412.0320129394531,0.3419649004936218,3.6709680557250977,79383.3125,1.8818435668945312,358.9393615722656,18.412052154541016,414.9822194278064,31.489086651578464,0.3438614308834076,0.018475123
14,1,-1.316885419628439,40.4783217127542,1.0322262048721313,1.93391752243042,256.40728759765625,202.63290405273438,0.45848461985588074,4.1866559982299805,99414.0859375,2.0459272861480713,584.1853637695312,28.16201400756836,201.91694238774755,-252.44262103554587,0.4587666690349579,0.37772274
14,1,-1.097517391558335,48.0968355457495,1.1362744569778442,1.8057539463043213,-217.56019592285156,-320.8274841308594,0.34641289710998535,4.833734512329102,72294.125,1.813334345817566,284.1945495605469,22.703689575195312,-322.1742165930639,223.78227959272357,0.3445418179035187,0.0007436923
14,1,-1.0096410796914772,41.14991704955185,1.1123865842819214,1.8492934703826904,-266.5386962890625,-233.7833251953125,0.327480673789978,3.1758580207824707,87478.5703125,1.9536749124526978,465.95892333984375,45.57278823852539,-233.14088236887056,266.1592095333162,0.32765963673591614,0.034291547
14,1,-1.437775363407616,34.618492951171966,1.1941943168640137,1.9495078325271606,-207.85006713867188,-245.16940307617188,0.44785892963409424,6.149240493774414,98898.0546875,1.9878453016281128,599.5169677734375,21.87883186340332,-249.15327147716968,206.02295146799565,0.44141268730163574,0.6051743
14,1,-0.7492276770856703,46.81783511453109,1.1740260124206543,1.8394367694854736,319.5339660644531,-133.9916229248047,0.22864706814289093,0.6365041136741638,96775.890625,1.8363863229751587,316.07513427734375,56.30693435668945,-137.6710332097933,-320.7802933906092,0.22711755335330963,0.0010217143
14,1,-2.06702263622694,35.74054946846485,1.1028743982315063,1.8489915132522583,395.3921203613281,-60.869998931884766,0.37866729497909546,5.7748637199401855,83295.203125,1.8695429563522339,466.2085266113281,3.9952752590179443,-65.45485547036628,-393.9994394758059,0.3718562722206116,0.36027813
14,1,-1.2439429262349238,44.44225673045416,1.197703242301941,1.892893671989441,35.50362014770508,376.8814697265625,0.2796166241168976,5.429793357849121,95513.90625,1.9433753490447998,435.5343017578125,24.835773468017578,377.2920516031661,-32.768895980922295,0.2764037251472473,0.0028635184
14,1,-1.2954137032478055,34.38879755818482,1.1509933471679688,1.8543413877487183,54.31355667114258,-315.4787292480469,0.34725505113601685,0.5960792303085327,72403.1015625,1.8409903049468994,434.6883850097656,22.017213821411133,-318.8173881528757,-55.54787737861793,0.3457944095134735,0.49723816
14,1,-0.851085648816026,37.75855240430584,1.0849319696426392,1.845022439956665,392.3658142089844,1.298020839691162,0.20028702914714813,4.235968112945557,96320.8359375,1.874983549118042,421.08642578125,59.33143615722656,1.6975489591251807,-392.5119228707446,0.2001103311777115,0.08085911
14,1,-1.2634986521941065,44.748646980423835,1.135657787322998,1.814353585243225,86.37399291992188,-393.9714660644531,0.48191916942596436,5.73715877532959,93394.03125,1.9680508375167847,432.9857177734375,23.60331916809082,-399.5058205119744,-82.08813378585526,0.47618886828422546,0.007097853
14,1,-0.884434915359835,37.438356676748754,0.9618030190467834,1.854152798652649,-384.79833984375,-98.2845458984375,0.23483417928218842,1.2939397096633911,85506.0,1.8383594751358032,407.308837890625,53.14814376831055,-100.06420456390117,383.8178553585123,0.2347480058670044,0.4154219
14,1,-1.1315411137654683,35.493379159244796,1.1760263442993164,1.8905799388885498,119.42766571044922,336.9155578613281,0.302341490983963,0.6038181781768799,99527.109375,1.9364848136901855,541.4714965820312,39.99755096435547,331.85627217350185,-117.3453179495475,0.29693564772605896,0.3536653
14,1,-1.5494910770956605,37.00337322482683,1.188069224357605,1.858551263809204,-180.3779754638672,270.3413391113281,0.2900433838367462,4.306326389312744,93416.9375,1.8990672826766968,450.17779541015625,12.702510833740234,271.23099015099154,183.44241841320064,0.2911504805088043,0.08306162
14,1,-1.0483874126639818,47.3757767499241,1.1763468980789185,1.8399696350097656,352.05279541015625,-168.02928161621094,0.18174581229686737,4.345162868499756,91026.203125,1.86482834815979,333.0904235839844,29.79705047607422,-168.34226984580633,-349.82252743919196,0.182332843542099,0.0003478568
14,1,-1.153147814100227,42.58100070927852,1.0299593210220337,1.9382257461547852,26.167194366455078,-375.54730224609375,0.45846250653266907,5.025777339935303,96766.7109375,2.022736072540283,512.46044921875,36.01731491088867,-377.85576215983053,-21.930550368111614,0.4621427357196808,0.19476318
14,1,-0.9518117209596126,45.21710501936337,1.1447081565856934,1.8328830003738403,-342.58038330078125,-234.57252502441406,0.3258668780326843,0.6220915913581848,93434.53125,1.9454602003097534,415.82904052734375,46.46245574951172,-239.1056047632158,341.4703600315761,0.32572418451309204,0.0045368895
14,1,-1.3524732967713535,41.69904602610899,1.162888765335083,1.867154836654663,-362.6861267089844,-193.66525268554688,0.1836923062801361,4.533949375152588,94556.75,1.8722244501113892,380.2775573730469,16.889812469482422,-194.33180413342697,362.47299849332836,0.18098361790180206,0.005610776
14,1,-1.544872894264005,42.740764813219684,1.0240378379821777,1.944549560546875,-31.26323127746582,415.8168640136719,0.2553025484085083,0.36837440729141235,94548.8671875,1.9847615957260132,455.20361328125,12.981637001037598,412.46796825952583,30.847947542121144,0.2528515160083771,0.10952197
14,1,-1.1451011208496182,45.069948785228775,1.1780874729156494,1.8301301002502441,-27.29996681213379,-336.5432434082031,0.18666145205497742,0.6314871907234192,87198.84375,1.853576421737671,352.7588195800781,25.256608963012695,-335.8400740182614,29.124827181421924,0.18224933743476868,0.0012645503
14,1,-1.1224023904766354,29.2071548112998,1.1730127334594727,1.8447918891906738,87.57547760009766,365.0736083984375,0.4103958010673523,5.411326885223389,95102.046875,1.9660109281539917,681.3074340820312,51.39725112915039,360.91614107511975,-84.42233453779403,0.4098481833934784,0.8085264
14,1,-0.9101169344248148,46.59313218309923,1.1229643821716309,1.8059598207473755,-185.57369995117188,329.8561706542969,0.17828652262687683,3.837437391281128,95355.0625,1.8398380279541016,324.69244384765625,39.93504333496094,332.1968770275409,185.34967296880845,0.1753241866827011,0.0005494572
14,1,-1.287116363047644,29.758664726586552,1.1725616455078125,1.8334499597549438,-255.96324157714844,250.8125457763672,0.5004252195358276,1.8076907396316528,99390.1953125,2.0038061141967773,722.4869995117188,37.300315856933594,254.17030918510432,251.5671419476754,0.4976065158843994,0.84259486
14,1,-1.2212882784892547,35.93519488462954,0.9658512473106384,1.9197736978530884,255.3238525390625,-246.79859924316406,0.18560846149921417,3.54146671295166,84694.0703125,1.9367135763168335,472.5091857910156,28.387062072753906,-245.62195692704668,-252.83902611050794,0.18701790273189545,0.6116542
14,1,-1.1550827736924574,44.58454101119586,1.170069932937622,1.8412730693817139,-32.18882369995117,363.6673583984375,0.2026067078113556,4.292237758636475,94292.96875,1.9460891485214233,437.0713195800781,30.582157135009766,366.4411036367949,35.40164271906037,0.20207184553146362,0.0012348233
14,1,-0.6451309212350779,45.358922692288424,1.1180237531661987,1.8457598686218262,341.94561767578125,80.7408218383789,0.2596336901187897,2.6635055541992188,90324.0078125,1.845558524131775,346.9576416015625,78.5497817993164,83.39524282453782,-342.6002090423969,0.25895392894744873,0.003162108
14,1,-1.3142269933365396,38.10707813858984,1.0704758167266846,1.8379610776901245,-57.10265350341797,331.7435607910156,0.30217882990837097,2.7510008811950684,99170.3984375,1.8669822216033936,373.9349060058594,18.137048721313477,336.7762517132491,55.12288302837356,0.30454427003860474,0.16144963
14,1,-1.1435958296008057,29.218947110179137,1.1665122509002686,1.8593829870224,-337.68292236328125,-61.915496826171875,0.3360142111778259,5.495539665222168,96650.234375,1.9348865747451782,617.0895385742188,44.33547592163086,-67.40166103685442,339.62272033801753,0.3312954604625702,0.792952
14,1,-1.1160366512210393,39.708011099006775,1.1453851461410522,1.7976187467575073,6.6506876945495605,-380.4012451171875,0.2013373076915741,4.548003196716309,75270.125,1.8068077564239502,340.7238464355469,26.08340072631836,-381.6387998526667,-0.5283992858175591,0.19894735515117645,0.0075217644
14,1,-1.681337566766269,30.400990055639596,1.1470317840576172,1.8373032808303833,373.1490173339844,167.37542724609375,0.3032512962818146,4.2069926261901855,71783.8515625,1.8884903192520142,514.3844604492188,10.713866233825684,168.57171010815122,-369.51896981016483,0.30364689230918884,0.71976084
14,1,-1.017604482356195,48.109608252176066,1.1687897443771362,1.8734318017959595,213.10386657714844,289.64288330078125,0.33253899216651917,1.433841347694397,92457.875,1.949036955833435,405.5218811035156,38.94114303588867,291.8175767091309,-216.41243582919805,0.33226683735847473,0.0017473914
14,1,-0.9862963223367269,45.464862364973094,1.1845717430114746,1.8957730531692505,67.01017761230469,387.19146728515625,0.3661930561065674,1.0205508470535278,82709.1640625,1.9535365104675293,419.45245361328125,43.2897834777832,387.7547103813406,-68.09782411274634,0.36592596769332886,0.007275678
14,1,-1.1368806063530421,26.85410755346618,1.1061804294586182,1.8816173076629639,-178.79315185546875,342.7028503417969,0.2436690479516983,0.27696892619132996,93657.9453125,1.9249542951583862,600.5963134765625,43.82289505004883,340.41277679575074,178.3607117439707,0.24494671821594238,0.8974339
14,1,-1.1056369367791372,35.951905699457576,1.0142582654953003,1.8547217845916748,176.8454132080078,302.19232177734375,0.2542317807674408,2.0879364013671875,91708.984375,1.8512959480285645,381.5128173828125,29.913742065429688,305.29622746600626,-180.02809122485533,0.2532048523426056,0.47322315
14,1,-1.4904841450499384,29.897150840808393,1.1201595067977905,1.8367382287979126,-285.49713134765625,-185.38497924804688,0.4165050983428955,4.719064235687256,99963.9296875,1.950028419494629,615.0049438476562,19.878896713256836,-186.6184354701991,290.36134827667854,0.416202574968338,0.82518625
14,1,-0.888066449014395,45.81037630177529,1.1335062980651855,1.8081308603286743,-81.7435531616211,324.5979309082031,0.5043162703514099,5.246161460876465,86966.1640625,1.835015058517456,340.2228698730469,44.02466583251953,322.249649550682,86.21297223961515,0.5038965940475464,0.0052465387
14,1,-0.9422643220814142,43.083117917736104,1.1566849946975708,1.8443386554718018,-170.0479736328125,-376.40740966796875,0.33254608511924744,1.4228185415267944,92457.875,1.9257065057754517,390.86181640625,44.643470764160156,-378.26619183823817,169.43154859045552,0.33226683735847473,0.010611782
14,1,-1.2205804808007223,46.75669315734154,1.112083911895752,1.8815618753433228,344.56219482421875,-141.1391143798828,0.26475998759269714,0.11810001730918884,88178.703125,1.8847683668136597,386.39813232421875,23.251590728759766,-144.8252373832818,-343.35948696198557,0.2672390043735504,0.0045755403
14,1,-1.0390364219217905,48.14256614612118,1.1451553106307983,1.8105897903442383,-78.30978393554688,365.42242431640625,0.32609811425209045,3.5434703826904297,95780.515625,1.8914155960083008,346.90283203125,31.708087921142578,371.4928564502257,81.53247016027662,0.32493382692337036,0.0007295301
14,1,-1.174646130653981,36.678267496716195,0.9958763718605042,1.8723002672195435,331.6859130859375,214.34283447265625,0.2505316436290741,2.461733818054199,98593.3359375,1.9460079669952393,485.01806640625,32.44221115112305,215.37234158355622,-333.63206500533585,0.25296396017074585,0.46600854
14,1,-1.426491335405471,33.897615723362264,1.061472773551941,1.7972252368927002,-157.51821899414062,298.7087097167969,0.38764676451683044,2.7695329189300537,91716.1875,1.8702447414398193,418.51715087890625,15.675418853759766,301.0210443203408,157.08915526445597,0.37532082200050354,0.6030796
14,1,-0.9685913071607788,37.65254166986761,1.0772597789764404,1.836186170578003,-339.1085510253906,171.6927490234375,0.18386273086071014,4.2264909744262695,84375.53125,1.896405577659607,417.6210632324219,44.894187927246094,171.95698880772207,340.645032590443,0.18365216255187988,0.07385779
14,1,-1.6627979349132205,31.162203845588888,1.0123916864395142,1.9201667308807373,37.106388092041016,361.9703674316406,0.4495692551136017,0.6041258573532104,90456.0,1.9385350942611694,559.5468139648438,12.162837982177734,360.15757727868,-38.8555823570826,0.4551042318344116,0.9003221
14,1,-1.312197655786842,43.380361471659626,1.115744709968567,1.8069924116134644,332.3700256347656,48.35213851928711,0.30252185463905334,5.9918742179870605,72338.9375,1.8989777565002441,390.23297119140625,19.016212463378906,44.86932541604692,-333.0762753745256,0.3012106716632843,0.0039842543
14,1,-0.9670468583587636,43.414044372747824,1.1335874795913696,1.8063225746154785,301.8829345703125,-290.51776123046875,0.44159185886383057,5.051816940307617,84886.4296875,1.9637035131454468,448.0517578125,48.33708190917969,-292.863145894603,-299.54320012108957,0.44509539008140564,0.0096058315
14,1,-1.285050264024589,33.27279279096786,1.1898224353790283,1.8566762208938599,-75.56534576416016,-395.25384521484375,0.2177472561597824,4.836339950561523,94059.8125,1.8867580890655518,522.7943725585938,27.119335174560547,-392.2884500504627,74.51203321775066,0.21639013290405273,0.25683057
14,1,-1.1035893718567318,26.50094153903042,1.1435770988464355,1.8310861587524414,-102.02696228027344,-380.3054504394531,0.3082728385925293,2.159789562225342,93066.9609375,1.8652312755584717,591.7393798828125,46.616554260253906,-379.59178655261286,99.15648956826229,0.31009456515312195,0.8792977
14,1,-1.1690929822126657,42.8035261097701,1.163267970085144,1.8310861587524414,194.65484619140625,323.73260498046875,0.3048042953014374,5.0602617263793945,91056.140625,1.8702311515808105,369.74786376953125,25.050186157226562,321.8024219174015,-191.58470259604806,0.30578017234802246,0.004698276
14,1,-0.7672028016059264,47.92366900169941,1.16990327835083,1.9038277864456177,337.49261474609375,172.18093872070312,0.5037665367126465,5.222330093383789,96982.109375,2.016895294189453,467.9963073730469,79.9906234741211,169.38045194817815,-333.698862435625,0.505674421787262,0.004966855
14,1,-0.745480505813632,43.05701787144989,1.173825740814209,1.8611681461334229,170.85400390625,-297.3812255859375,0.28377360105514526,5.334249496459961,91485.5,1.9200519323349,406.5415344238281,73.05060577392578,-298.9259806105239,-167.36485943058523,0.28505560755729675,0.004662086
14,1,-0.8790800129520667,49.31360350426994,1.1775469779968262,1.8577967882156372,76.01811981201172,332.5577697753906,0.48551827669143677,1.7074698209762573,98697.265625,1.9913980960845947,434.9811706542969,57.46318435668945,332.9621812964537,-81.27691902261951,0.4852161407470703,0.0021575575
14,1,-0.9071580996865802,35.745894315911215,1.0216064453125,1.8136091232299805,-359.3596496582031,-164.27989196777344,0.41381651163101196,3.725383996963501,98162.4453125,1.895134687423706,477.57373046875,59.140037536621094,-162.77181683447748,363.4778431913312,0.41503599286079407,0.5462077
14,1,-1.256150079358604,44.59863215321533,1.1545281410217285,1.8697530031204224,-340.70819091796875,28.59721565246582,0.3616810739040375,4.810154914855957,93543.15625,1.9960007667541504,490.9628601074219,27.22055435180664,27.350762867038195,344.1318679753076,0.35809287428855896,0.006111649
14,1,-0.772180167973575,43.53603946740896,1.1199417114257812,1.8064460754394531,-405.0323181152344,52.01939010620117,0.1974506825208664,1.326223611831665,78900.8984375,1.8075509071350098,298.4570617675781,50.43137741088867,51.26369884830985,404.24678115667336,0.19902661442756653,0.0031269824
14,1,-1.7825008767709385,44.8788838941897,1.0859441757202148,1.8320049047470093,212.04893493652344,-324.86785888671875,0.20860952138900757,4.65449857711792,90031.6796875,1.9223994016647339,413.0898132324219,6.816120147705078,-325.10841531972056,-211.92582788091397,0.2123023122549057,0.0024697247
14,1,-1.3640431948231655,49.13087492810287,1.1507978439331055,1.9470200538635254,298.94305419921875,-137.919921875,0.49558785557746887,0.8815199136734009,96833.125,2.016665458679199,475.9127502441406,20.581737518310547,-142.02436767741182,-302.57275254526184,0.49783408641815186,0.010098825
14,1,-1.169955687109283,48.501693989624066,1.1671226024627686,1.803515076637268,70.98995971679688,367.7491760253906,0.47305694222450256,3.337290048599243,94550.7421875,1.9535140991210938,378.5870666503906,25.5981388092041,374.03631873458266,-71.41084346033028,0.475924015045166,0.001245084
14,1,-1.1259406063204942,43.93542444306921,1.1965473890304565,1.8488527536392212,234.71485900878906,246.18130493164062,0.37911224365234375,3.7788708209991455,86030.984375,1.9335448741912842,419.7375793457031,31.40768051147461,248.79885581444978,-232.2868254911266,0.37200257182121277,0.0049774996
14,1,-1.2689507895418146,29.749979395054986,1.1792258024215698,1.8033413887023926,-335.4051818847656,189.67323303222656,0.39976534247398376,1.1772021055221558,97206.4375,1.871524453163147,522.1394653320312,28.108274459838867,189.51938498498504,333.34667754209426,0.39882388710975647,0.7783662
14,1,-0.8867663848514202,39.74795231944188,1.1180089712142944,1.801805853843689,-204.49136352539062,324.55694580078125,0.36176642775535583,4.768610954284668,90984.5546875,1.9006661176681519,433.6418762207031,56.28129196166992,323.128110921108,208.2891677033838,0.3600381910800934,0.035177525
14,1,-1.5967612636871786,38.65970053851588,1.176654577255249,1.8026459217071533,38.882225036621094,-415.88275146484375,0.35282114148139954,2.2415859699249268,97142.46875,1.9440354108810425,497.72515869140625,12.59577465057373,-415.00087404683705,-41.65268371419148,0.35067951679229736,0.039888483
14,1,-0.9174707556542185,45.27506590471623,1.1060892343521118,1.8040823936462402,406.8439636230469,100.20501708984375,0.2775573432445526,5.525345325469971,75948.6875,1.8215713500976562,286.8653259277344,34.69013977050781,96.5204341100446,-404.8216825744611,0.27605733275413513,0.0017007622
14,1,-1.3075578596113797,44.75353604192195,1.114708662033081,1.9079290628433228,268.38189697265625,-212.78134155273438,0.27653902769088745,1.662249207496643,92058.953125,1.9711620807647705,436.44287109375,21.496488571166992,-212.25855210316004,-273.28763745296914,0.27712497115135193,0.012063448
14,1,-0.7405530728872206,43.327234390592025,1.1695029735565186,1.8613576889038086,-64.43968963623047,357.4931640625,0.2357572615146637,1.2852308750152588,70801.015625,1.858561396598816,376.80474853515625,68.47982788085938,354.8435179196487,61.373673785227055,0.24187208712100983,0.0053542964
14,1,-1.9198077849992559,47.09983108211468,1.1862709522247314,1.8342797756195068,148.62228393554688,298.3818054199219,0.3789987862110138,0.6230530142784119,94766.234375,1.9495636224746704,438.5022888183594,5.274190902709961,295.7012929691119,-150.76956875270832,0.37972500920295715,0.0020244017
14,1,-0.991572352623218,46.42401235910794,1.197784662246704,1.8024345636367798,-337.9507751464844,62.44296646118164,0.506135106086731,2.8789517879486084,93187.765625,1.930528163909912,408.0058898925781,41.599971771240234,63.76625711248143,339.1846220873555,0.5060681104660034,0.00259318
14,1,-0.9806068941222579,40.58082701120738,1.1343518495559692,1.8310861587524414,363.57232666015625,157.073486328125,0.3053860068321228,2.9185791015625,83883.484375,1.8656110763549805,363.16717529296875,37.975067138671875,160.28671094615427,-362.93788872219716,0.3077758848667145,0.024389766
14,1,-1.265934379267568,38.54718713431704,1.188875436782837,1.831539273262024,343.2276916503906,-126.76704406738281,0.5157244801521301,3.2594637870788574,98401.5625,1.9807589054107666,530.7391357421875,28.770355224609375,-121.87835432255369,-340.94918774615417,0.5147374868392944,0.1367359
14,1,-1.1259968464120584,48.066669224717856,1.111825704574585,1.8754042387008667,249.67335510253906,220.2830810546875,0.2610885500907898,0.5500006079673767,80694.9140625,1.864521861076355,329.77606201171875,24.67291831970215,226.72441617719124,-256.3324846791637,0.26440030336380005,0.002358257
14,1,-1.4321515282115482,36.969422975792405,1.087295651435852,1.8149906396865845,-320.5779113769531,-26.458812713623047,0.31966230273246765,4.262876987457275,73369.765625,1.8431721925735474,378.3249206542969,13.986540794372559,-27.443700635684596,323.13204236402555,0.32335859537124634,0.16626129
14,1,-1.6820479408431062,25.785402261185585,1.1906582117080688,1.8053181171417236,273.4808044433594,289.3333740234375,0.29457876086235046,4.638535976409912,71864.4453125,1.858758568763733,593.9337158203125,12.350556373596191,288.5357771756736,-272.0957825117939,0.2939196527004242,0.8466008
14,1,-0.9803416845558511,43.56313243834544,1.1696335077285767,1.7974458932876587,265.5332946777344,200.91693115234375,0.367369681596756,1.8522987365722656,80248.4140625,1.8402729034423828,334.29443359375,34.977294921875,203.09890072437523,-268.84430132994953,0.3646993637084961,0.0047985837
14,1,-1.4194882646611322,33.4533575371263,1.1339226961135864,1.8747926950454712,-144.76234436035156,334.77850341796875,0.44160571694374084,5.997521877288818,99202.8671875,2.001085042953491,620.2267456054688,23.608064651489258,327.4334062389924,147.05953423881226,0.44599467515945435,0.6563424
14,1,-1.011374426344368,44.404246301610215,1.1408052444458008,1.8444533348083496,358.9375915527344,156.06549072265625,0.27885276079177856,5.601576328277588,70823.703125,1.8638994693756104,337.6339111328125,32.89048767089844,151.08197687522588,-358.91079726864103,0.278046578168869,0.0028209249
14,1,-1.297971167592659,31.892620220300422,1.1590181589126587,1.8874592781066895,407.6785583496094,2.5510342121124268,0.22338752448558807,4.359071254730225,80260.796875,1.9094903469085693,535.997314453125,26.98918914794922,2.5604272155856815,-404.87399962065666,0.22307448089122772,0.5850878
14,1,-1.3254369718277237,47.63301855185275,1.1906402111053467,2.0127182006835938,-161.46380615234375,-309.7836608886719,0.40494319796562195,4.784963607788086,96104.453125,2.028563976287842,508.22198486328125,24.02230453491211,-311.52742579669274,163.7327662163694,0.4072885811328888,0.009410634
14,1,-1.0464885990016706,39.98619399831173,0.9901717305183411,1.81820547580719,-183.552490234375,-354.3692932128906,0.28749608993530273,5.823270320892334,93026.453125,1.8379439115524292,353.05157470703125,31.72109603881836,-356.77467620389945,184.65438389429062,0.29046815633773804,0.08092494
14,1,-1.0923617883169536,48.670828948424564,1.1770035028457642,1.8727887868881226,-357.8047180175781,181.3815155029297,0.22626540064811707,2.487306833267212,94553.421875,1.882553219795227,328.84222412109375,26.5842342376709,183.01433421144853,357.7918731925583,0.23048894107341766,0.00056731026
14,1,-1.0111184362047867,40.86676805621869,1.002102017402649,1.7974458932876587,-14.719505310058594,-375.8289489746094,0.36993205547332764,5.50992488861084,78131.2578125,1.8410887718200684,347.00347900390625,33.82315444946289,-378.8897237775862,18.740395860195406,0.3733263313770294,0.06594834
14,1,-1.039332859693736,36.36356185743542,1.1548821926116943,1.8028167486190796,317.02447509765625,-222.7150115966797,0.43427973985671997,5.9387922286987305,98600.265625,1.9558157920837402,554.9813842773438,50.6926155090332,-229.88363792651043,-312.7405854321756,0.4324871599674225,0.16427313
14,1,-1.334831670624027,33.86912581486041,1.1278595924377441,1.8272565603256226,265.9256591796875,178.9249267578125,0.5224902629852295,1.6640626192092896,87663.0859375,1.9750181436538696,545.5458984375,25.23468589782715,179.0643807866071,-269.92995611196,0.5300728678703308,0.7010887
14,1,-1.5209580666671931,40.11702655783608,1.074880838394165,1.888162612915039,346.7931823730469,-55.594444274902344,0.23632173240184784,5.0011372566223145,78451.9453125,1.8684977293014526,353.88818359375,10.663601875305176,-55.606281031419876,-344.0976265124482,0.23449034988880157,0.05933785
14,1,-1.0626393674893357,45.24954970839167,1.1634705066680908,1.8543413877487183,329.328369140625,-127.92814636230469,0.3474312126636505,4.240839958190918,73959.046875,1.841068148612976,342.0754089355469,29.612905502319336,-128.2476084966889,-323.51816975970047,0.3480721116065979,0.0033390673
14,1,-1.8456598938069837,42.19704285356345,1.1808027029037476,1.8691586256027222,326.5832214355469,-165.54052734375,0.23101644217967987,5.028087139129639,78451.9453125,1.9247331619262695,408.5085754394531,5.828191757202148,-166.29499500812958,-327.8726372397391,0.23449034988880157,0.004976201
14,1,-1.185153447268551,47.04765220275029,1.1989715099334717,1.8122210502624512,244.86474609375,-211.39488220214844,0.5221684575080872,4.694382667541504,92609.359375,1.9445703029632568,406.7350158691406,26.555622100830078,-212.59414331120152,-239.5758475562786,0.5219019651412964,0.002005802
14,1,-1.3967667333181024,45.97703390119478,1.1861008405685425,1.8390156030654907,-395.1657409667969,-60.68954086303711,0.343209832906723,2.16223406791687,91027.0625,1.9444630146026611,395.4542541503906,15.860861778259277,-60.413493851106814,393.7903192252884,0.339930921792984,0.0020604078
14,1,-0.8160209819028708,44.98469184596334,1.1551389694213867,1.805115818977356,290.12457275390625,-279.69903564453125,0.5050367116928101,6.262451171875,85092.4296875,1.8560258150100708,367.56591796875,56.14530944824219,-284.65358214050275,-287.003012581124,0.5029104948043823,0.0050959825
14,1,-1.5523439691924148,33.1915035731678,1.121632695198059,1.8447918891906738,373.4677734375,166.389892578125,0.41008689999580383,5.217210292816162,75379.046875,1.9681991338729858,578.1676635742188,16.207168579101562,163.79136922848446,-369.2397505525907,0.4082343578338623,0.6282679
14,1,-1.1476496251108708,29.49547413389211,1.1863657236099243,1.839216709136963,376.59051513671875,-143.6864776611328,0.4757729172706604,0.2455415427684784,84943.3046875,1.9380197525024414,656.4530639648438,46.72541046142578,-148.9714770869682,-378.6487417382972,0.4759025275707245,0.8456254
14,1,-1.3417513960724472,41.318287534653486,1.070844054222107,1.8207768201828003,296.9938659667969,-250.9352264404297,0.3365647494792938,5.6821393966674805,79857.46875,1.9032011032104492,407.568359375,18.554391860961914,-253.56189294010173,-292.61579765382464,0.3360096216201782,0.02718708
14,1,-1.1851297320778837,39.183527058815415,1.142532229423523,1.8513109683990479,-44.46638870239258,389.324462890625,0.4159284234046936,1.9492652416229248,99026.2734375,1.9382866621017456,484.8094787597656,31.654830932617188,390.82159313847905,42.72029637481204,0.4192482531070709,0.12700808
14,1,-0.9313423428571909,37.26607284403654,1.0091465711593628,1.897996187210083,-252.33250427246094,-280.12432861328125,0.19798116385936737,0.4605778157711029,84969.2890625,1.9279298782348633,486.75823974609375,57.012516021728516,-283.4205733033414,253.60112924809246,0.19667647778987885,0.41206062
14,1,-1.3845625072527732,40.95086329552074,1.107709527015686,1.8593990802764893,278.7264709472656,-196.19052124023438,0.19934195280075073,4.948729038238525,94457.0078125,1.8474830389022827,358.5961608886719,14.792452812194824,-197.26108773529555,-277.67165266631577,0.19932301342487335,0.01461758
14,1,-1.1753541520943982,46.349098285458,1.1798503398895264,1.8506649732589722,360.4176330566406,-197.96337890625,0.2489418387413025,3.9338347911834717,89818.640625,1.8712712526321411,336.55291748046875,22.47487449645996,-197.5326252180918,-356.74604651582825,0.25549978017807007,0.0009134588
14,1,-1.7916880716625714,34.4722522287643,1.0044325590133667,1.7981035709381104,401.4947509765625,32.465911865234375,0.42239925265312195,4.736403465270996,76599.0390625,1.888422966003418,482.0733337402344,7.787883758544922,33.48145047013159,-396.96413065113387,0.4222192168235779,0.64942056
14,1,-0.9714660057611203,41.372291672603055,1.1719703674316406,1.8506338596343994,278.0850524902344,-171.55564880371094,0.3096481263637543,4.320600509643555,98583.78125,1.8881473541259766,376.2264404296875,40.17743682861328,-171.49155012160756,-276.35650198403783,0.3113400340080261,0.012234463
14,1,-0.9321747293059848,39.20677786058334,1.1261078119277954,1.8365793228149414,-362.326904296875,-181.37522888183594,0.44673994183540344,5.730600357055664,79185.7421875,1.8940849304199219,409.21881103515625,47.83876419067383,-185.98057396149557,363.9370473778906,0.4522790312767029,0.10152645
14,1,-0.9945635350029816,39.012551218776366,1.1031591892242432,1.8225576877593994,-215.30960083007812,256.0164489746094,0.35830241441726685,1.032828688621521,92265.7265625,1.908687710762024,428.8453369140625,43.42463302612305,252.58744745240693,209.96032488794353,0.35814589262008667,0.112258896
14,1,-0.9045213330500462,43.90593551997626,1.1390093564987183,1.8520187139511108,-197.33070373535156,-283.80126953125,0.19795309007167816,4.907413959503174,94457.0078125,1.8554621934890747,351.9679260253906,43.85112762451172,-284.4036351740452,201.3883100353611,0.19932301342487335,0.0023989289
14,1,-1.0571963091326562,47.23729018359934,1.1220817565917969,1.8418337106704712,360.86474609375,-73.60195922851562,0.3138866126537323,4.31002950668335,98583.78125,1.9229888916015625,384.0115966796875,33.66252899169922,-71.84103814195036,-356.0561343369744,0.3113400340080261,0.00158871
14,1,-0.789263887651753,32.125146090226934,0.9499828815460205,1.826276421546936,186.49855041503906,344.5145568847656,0.4526989161968231,1.7195355892181396,75335.609375,1.937114953994751,545.5067138671875,88.62081146240234,346.2062827824712,-185.0309432863337,0.4567238986492157,0.8764587
14,1,-1.1289175900783086,39.88339509610438,1.0893255472183228,1.8971153497695923,-231.0527801513672,-251.1991729736328,0.23475466668605804,0.8315916061401367,98720.1015625,1.9207773208618164,438.0590515136719,32.55470275878906,-252.38390731128547,228.37583788600728,0.2353397011756897,0.10008513
14,1,-1.1056024744348238,39.99040280503275,1.102852702140808,1.85503351688385,266.954345703125,-191.5855255126953,0.19721482694149017,0.739096999168396,86790.8125,1.83762788772583,347.1667785644531,27.222881317138672,-194.72756042977718,-268.6212411729788,0.19450752437114716,0.03932775
14,1,-1.0346969326400093,43.222662420416626,1.1259033679962158,1.847292423248291,170.23028564453125,-352.9335632324219,0.4590129852294922,5.397032737731934,90268.9375,1.982226848602295,469.5406799316406,43.3486213684082,-354.4190838828346,-167.13910631993676,0.45828551054000854,0.021101648
14,1,-1.1268737700049993,38.82317336452468,1.164770245552063,1.9139125347137451,374.5123596191406,-162.29544067382812,0.1824299395084381,3.308926582336426,96980.5859375,1.9613560438156128,506.7901306152344,37.84018325805664,-163.38926650041134,-372.9497976175319,0.18447454273700714,0.048922725
14,1,-0.9275235882124624,44.91712014910781,1.1644343137741089,1.833145022392273,-410.0605163574219,-40.81161880493164,0.1869734227657318,5.162720203399658,78020.3984375,1.8404295444488525,311.48370361328125,36.80531692504883,-40.59308915363791,413.6030677685191,0.18851490318775177,0.0008332267
14,1,-1.1101743680251146,41.082244974143215,1.180916666984558,1.8394701480865479,-248.90011596679688,334.274658203125,0.37231922149658203,1.670905590057373,90179.7734375,1.9419453144073486,413.669677734375,32.097999572753906,332.1763343470406,245.23599604386902,0.3690096139907837,0.024091573
14,1,-1.2560711493020087,43.67422257448088,1.1886422634124756,1.8840744495391846,-317.40673828125,-146.5281219482422,0.36956071853637695,4.318554878234863,92165.65625,1.929837703704834,415.9664306640625,23.066688537597656,-149.03851869610494,322.47588106455845,0.3710150122642517,0.008515094
14,1,-1.1333505269092008,40.165890478700334,1.0065151453018188,1.869132161140442,-46.12915802001953,-347.15966796875,0.3060307204723358,3.180549144744873,89372.015625,1.9527381658554077,426.1872253417969,31.350791931152344,-346.346443651177,45.80399152892516,0.3040856420993805,0.16546206
14,1,-1.2328970332475402,29.183256657240403,1.1949567794799805,1.8117036819458008,-326.1449890136719,211.93264770507812,0.45216864347457886,4.1249308586120605,92076.328125,1.9542447328567505,728.5718383789062,42.61616134643555,213.1276878276877,329.31762405930016,0.45434442162513733,0.79457885
14,1,-0.9080727365737301,41.19070902028828,1.1757299900054932,1.8479183912277222,197.04566955566406,-298.6022033691406,0.3267560601234436,4.2262492179870605,99931.265625,1.9754685163497925,497.48541259765625,61.4761848449707,-297.8298007193775,-193.1202548584638,0.3262317180633545,0.014112996
14,1,-1.132256120790639,39.745974700189855,1.155542016029358,1.8237172365188599,186.166259765625,-280.857177734375,0.3669581711292267,3.561485528945923,90806.8046875,1.8435784578323364,383.1831970214844,28.258480072021484,-276.9531463306409,-184.9905707840307,0.3704362213611603,0.037195016
14,1,-1.4762572623770653,40.686768638529415,1.112395167350769,1.868144154548645,175.5059814453125,336.74334716796875,0.29651468992233276,3.167644500732422,89372.015625,1.9619873762130737,469.97344970703125,15.696878433227539,339.0974509357752,-175.6031633994098,0.3040856420993805,0.043935556
14,1,-0.844868618287268,47.64811229876595,1.1780612468719482,1.902336597442627,52.59395217895508,-332.3769836425781,0.45843565464019775,2.490541934967041,95209.09375,2.005901336669922,467.417236328125,66.80907440185547,-328.8507404740227,-54.576570100815374,0.4506278336048126,0.005206579
14,1,-1.0917227280386943,45.238424402985004,1.1412079334259033,1.9022878408432007,359.58837890625,35.835357666015625,0.3287873864173889,4.222520351409912,99931.265625,1.9866687059402466,462.9906921386719,37.48421096801758,38.96920333551072,-355.354392683851,0.3262317180633545,0.006998621
14,1,-1.3138151590936016,41.91777983423141,1.0452625751495361,1.8646776676177979,373.5989990234375,-98.17086029052734,0.2506859302520752,5.912538051605225,81655.9140625,1.9024842977523804,403.14715576171875,19.57249641418457,-98.57113358957157,-372.49772534562925,0.2554275393486023,0.025842674
14,1,-0.9360711886878642,49.455492699354195,1.100172996520996,1.8049795627593994,-316.265869140625,-231.00460815429688,0.3217984139919281,0.1310008466243744,67342.1796875,1.8749407529830933,317.9612731933594,36.83849334716797,-234.65944749090033,314.78559210152594,0.32242724299430847,0.0011081198
14,1,-1.298874415754297,48.69631533216789,1.143388032913208,1.801121711730957,255.8337860107422,246.68115234375,0.45840585231781006,3.6306662559509277,79213.8203125,1.911523699760437,368.0607604980469,18.4945068359375,251.28526298097609,-250.9342967712499,0.45919445157051086,0.0012580313
14,1,-1.961188827183127,38.75439816063202,0.9695998430252075,1.826276421546936,-98.27703857421875,307.1553039550781,0.4534735083580017,4.000894069671631,91452.28125,1.9341647624969482,485.72320556640625,5.311190128326416,309.38273455117314,102.1578036258984,0.45212021470069885,0.41687894
14,1,-1.1738306279535184,42.978379590337674,1.0955058336257935,1.8149333000183105,361.7861328125,90.85691833496094,0.4119129478931427,1.8284540176391602,68678.171875,1.8477262258529663,333.80712890625,22.369848251342773,91.8685357305584,-366.00248203156195,0.4133356213569641,0.024058964
14,1,-1.079754599666769,41.0986420306846,1.0537304878234863,1.8503563404083252,-55.650184631347656,334.9980163574219,0.25806161761283875,5.711954116821289,65217.40234375,1.8378328084945679,346.9665832519531,28.875635147094727,334.23532455609507,56.78555408288218,0.2612716853618622,0.0308545
14,1,-1.1593657255170964,29.929008580438957,1.186607837677002,1.804417371749878,-88.54600524902344,-337.2886047363281,0.33228009939193726,0.2835155129432678,92920.34375,1.897344946861267,585.1865234375,40.54408645629883,-342.05965672233935,87.55040298978687,0.3274734318256378,0.7248677
14,1,-1.4604043326665914,36.77223070946671,1.021087884902954,1.8117036819458008,291.0179138183594,219.61083984375,0.4533904492855072,3.9933266639709473,91452.28125,1.9470058679580688,460.6673583984375,15.958070755004883,224.22678436157835,-285.9298997019183,0.45212021470069885,0.47991052
14,1,-0.7578626697400342,34.51780165286884,1.1483879089355469,1.8025128841400146,389.8892822265625,25.64923095703125,0.43885737657546997,6.2555646896362305,74114.0546875,1.9242773056030273,488.1650695800781,85.25179290771484,20.12082285038726,-389.43408035967656,0.4417199492454529,0.33758312
14,1,-1.2955421222304542,43.27086481947637,1.1508451700210571,1.8454684019088745,368.2782287597656,111.90961456298828,0.36733558773994446,4.9583024978637695,65065.3359375,1.9043381214141846,380.58154296875,19.270959854125977,107.57286072366439,-363.7925555477177,0.36681920289993286,0.008482192
14,1,-1.3540638104654852,37.181330997950894,1.1525429487228394,1.8138829469680786,-50.75529861450195,344.9470520019531,0.4871436357498169,5.343568325042725,78443.1328125,1.9504029750823975,450.1559753417969,19.920352935791016,341.65243236538817,53.27640905983795,0.48581889271736145,0.19135506
14,1,-0.9892468557057833,42.494763725261,1.1512973308563232,1.8662129640579224,357.3658752441406,180.0504913330078,0.4120081663131714,0.20351408421993256,72773.5078125,1.9399421215057373,452.6273498535156,46.39733123779297,174.8137497249654,-357.6624760846515,0.40707454085350037,0.038711593
14,1,-1.2670202009259797,39.25399793034568,1.1492241621017456,1.8482097387313843,91.79251098632812,354.1094055175781,0.26709967851638794,0.9558438658714294,92400.984375,1.8375639915466309,377.91851806640625,20.435056686401367,352.9886837997014,-94.61155986366896,0.2652105391025543,0.048072405
14,1,-1.053781595749789,43.35346277350622,1.1958246231079102,1.8895198106765747,-92.4089126586914,-355.7250671386719,0.2912508547306061,5.358876705169678,81786.4609375,1.8700469732284546,377.0788269042969,33.31572341918945,-356.9691058038559,94.91695660841155,0.290971040725708,0.004916544
14,1,-1.443730764003784,47.11165628268709,1.1863536834716797,1.844435691833496,-357.5185546875,17.208106994628906,0.26131853461265564,5.232519149780273,91351.0859375,1.8975733518600464,369.1930847167969,13.289833068847656,15.605190299437853,359.2901378616662,0.2613658010959625,0.0005510847
14,1,-1.0816551368203,31.40255026447372,1.1526941061019897,1.8722565174102783,181.81101989746094,-317.3682861328125,0.20415765047073364,0.2675078809261322,88402.0,1.9341250658035278,587.5535278320312,48.68457794189453,-318.4583992470129,-181.1049026001605,0.20443294942378998,0.6694459
14,1,-0.9159272443473805,46.51189320255104,1.1745222806930542,1.831383228302002,-96.99398040771484,-383.7640075683594,0.2606111168861389,5.810471534729004,92091.28125,1.873175859451294,336.58148193359375,40.847164154052734,-384.4691497872334,97.33192599630517,0.25520196557044983,0.00061634334
14,1,-1.1629094198024863,44.42178816330565,1.1746206283569336,1.8438022136688232,115.58843231201172,-381.5557556152344,0.2226860672235489,3.2966878414154053,75310.9375,1.8498698472976685,323.29779052734375,22.217304229736328,-381.3124806392998,-118.21261304929206,0.22916491329669952,0.0017119389
14,1,-1.3952455518770623,33.50106481032729,1.1305038928985596,1.798814296722412,-221.705078125,-312.2178955078125,0.4206813871860504,2.879338264465332,75671.109375,1.9195131063461304,531.5424194335938,21.393918991088867,-308.5924121935198,218.77173328593142,0.4232102632522583,0.5450904
14,1,-1.8561824650569765,45.59809590672581,1.168021321296692,1.8138829469680786,300.03192138671875,156.58973693847656,0.4846465587615967,4.373672008514404,74192.5546875,1.9544798135757446,422.3493957519531,5.881417751312256,159.45996475806393,-295.10333280565175,0.4799319803714752,0.004121216
14,1,-1.2188649864268086,37.6901185952661,1.1852593421936035,1.877419114112854,-197.39218139648438,287.54656982421875,0.40518349409103394,1.3796744346618652,99223.3515625,1.9430444240570068,552.9113159179688,33.40328598022461,289.7729552448743,194.65043446915107,0.40846705436706543,0.20780249
14,1,-1.25648170865393,40.6178594230339,1.0967087745666504,1.861098051071167,-222.98284912109375,254.62973022460938,0.21069416403770447,5.96144962310791,85655.96875,1.9485182762145996,460.044677734375,25.486875534057617,252.98863528394685,223.48714138955833,0.21408173441886902,0.019136004
14,1,-1.2332204141813525,48.36821884961197,1.1950923204421997,1.8560131788253784,-7.4817962646484375,397.31298828125,0.35668954253196716,3.296802043914795,86038.2890625,1.9771407842636108,445.4001159667969,26.033241271972656,401.0527978231062,9.536909170062016,0.36084413528442383,0.0008808467
14,1,-0.8386121698964095,47.44387722592738,1.1387077569961548,1.8111721277236938,287.29644775390625,-204.71975708007812,0.5054504871368408,4.661688327789307,99056.2421875,1.8924615383148193,351.3428649902344,50.94694137573242,-204.2443029341846,-283.2194143717719,0.5094178318977356,0.0028682956
14,1,-1.3561513789279058,49.922228259657096,1.1652824878692627,1.8953800201416016,-108.0218505859375,333.5962829589844,0.21621958911418915,5.965158939361572,85655.96875,1.9557747840881348,401.0718688964844,17.663158416748047,331.87049019313304,108.73423876327917,0.21408173441886902,0.00033301866
14,1,-1.2333856669956875,43.38995084175442,1.1566106081008911,1.830180287361145,-133.73301696777344,375.42413330078125,0.35926055908203125,3.2862558364868164,86038.2890625,1.941383719444275,399.0332336425781,23.314254760742188,379.61732847633937,133.0355182582493,0.36084413528442383,0.0071521155
14,1,-1.195312424569898,43.24230647729459,1.0764732360839844,1.8596177101135254,-279.395263671875,-231.3547821044922,0.2512195110321045,3.885552406311035,98946.7578125,1.919917106628418,434.7696533203125,27.729703903198242,-231.76028852833892,279.384360386855,0.2509053647518158,0.011952491
14,1,-0.8908216542290699,43.43156203802233,1.0166312456130981,1.8524950742721558,-134.2324981689453,316.3605041503906,0.29040223360061646,1.8109620809555054,82410.515625,1.8541560173034668,355.5482482910156,45.71681213378906,316.14396103316403,130.05122507439174,0.28881871700286865,0.03224016
14,1,-1.5161197773095616,35.038360311802045,1.189880609512329,1.832933783531189,-72.77238464355469,-392.7460021972656,0.31410127878189087,4.737797260284424,94186.15625,1.918311595916748,511.36431884765625,15.581449508666992,-395.20239898250554,79.45261474859734,0.31482234597206116,0.1653539
14,1,-0.9860896841494488,37.89408098262719,1.0152219533920288,1.855509877204895,85.81575012207031,331.3676452636719,0.28855273127555847,1.7947566509246826,82410.515625,1.8406000137329102,386.07720947265625,39.86423110961914,330.4789369256342,-87.05140960252099,0.28881871700286865,0.3177805
14,1,-1.0944372514439136,43.60668746474806,1.185113787651062,1.9074294567108154,192.78736877441406,-306.1918640136719,0.17551100254058838,0.4773837924003601,77442.15625,1.870002031326294,401.4834289550781,32.301971435546875,-309.3333947928366,-193.01857002536462,0.1722785085439682,0.0054770615
14,1,-1.1715504777475472,41.30081942460574,1.1899943351745605,1.805115818977356,21.273256301879883,-394.2892761230469,0.5054979920387268,2.180044651031494,90025.2421875,1.8558429479599,374.2110595703125,25.209510803222656,-393.4742707779143,-21.792157458320677,0.5097025036811829,0.029660635
14,1,-1.0035987419896581,44.138227287736896,1.1405293941497803,1.8575612306594849,-174.73809814453125,-269.82684326171875,0.2549278736114502,1.6410152912139893,86898.6953125,1.8635932207107544,351.2295227050781,34.833011627197266,-269.4897935707093,171.04374838358345,0.25648099184036255,0.005387804
14,1,-0.7888618170205262,43.08900957320786,1.1629817485809326,1.8133130073547363,-133.9858856201172,310.0570373535156,0.21488222479820251,2.339698314666748,92131.4140625,1.8808401823043823,376.9751281738281,61.298545837402344,312.1114074370154,131.8189333026998,0.2159242182970047,0.0024498343
14,1,-1.3160795213198913,46.5131709498992,1.1678857803344727,1.8127049207687378,326.1413269042969,191.41188049316406,0.4192976951599121,0.8332467675209045,86671.3203125,1.9016432762145996,385.8610534667969,18.635845184326172,188.39013989650417,-328.34856466127184,0.41823551058769226,0.002959287
14,1,-1.0842505365866903,43.30152268716649,1.0434068441390991,1.8277794122695923,278.5850524902344,309.7328186035156,0.483399361371994,1.994027853012085,97778.3125,1.9783844947814941,448.4015808105469,36.93307113647461,307.1360345550056,-280.7081819438867,0.48546701669692993,0.06395806
14,1,-1.1347213051521672,35.61089074695159,1.132426381111145,1.8430218696594238,3.0288870334625244,359.6802673339844,0.296868234872818,4.655195713043213,88945.4296875,1.9425159692764282,530.5283813476562,38.90327835083008,354.1131490226322,2.172440469653388,0.3023301959037781,0.22171687
14,1,-1.212499811116561,37.27481347553665,0.9904669523239136,1.830215334892273,252.36500549316406,-310.2899475097656,0.39323410391807556,0.6657817363739014,89030.4765625,1.937578558921814,472.0768127441406,28.940855026245117,-313.19978963686424,-254.16363338703613,0.39109596610069275,0.5296085
14,1,-1.068310335907774,47.42207317134792,1.165791392326355,1.8356398344039917,-32.266414642333984,-383.7476501464844,0.2445932775735855,2.777108907699585,81825.265625,1.8566813468933105,343.0941467285156,29.31578254699707,-382.6363128672414,31.217677366223484,0.24933697283267975,0.0006778088
14,1,-1.4528176712884853,48.7359412126282,1.1933646202087402,1.805079460144043,-83.96857452392578,314.7783203125,0.25621142983436584,2.5226597785949707,84684.5859375,1.8185083866119385,306.88922119140625,10.818323135375977,316.97214777463097,83.33581509523637,0.2530710995197296,0.0002540757
14,1,-1.1671061243185405,32.39811048859608,1.1481120586395264,1.9016103744506836,-89.1059341430664,377.58233642578125,0.3752518594264984,1.9521669149398804,89607.7578125,1.9323115348815918,540.3836669921875,36.7785758972168,380.02554515908525,89.3345749393357,0.3759584426879883,0.7653748
14,1,-0.7667736094295563,41.23622726718683,1.0172961950302124,1.8233240842819214,-240.9718475341797,296.5947265625,0.2171705961227417,3.957918167114258,78072.1171875,1.8421207666397095,341.0998229980469,58.35890579223633,297.8927170756924,244.53417212326224,0.21456752717494965,0.028072191
14,1,-1.179053771614657,36.72842097419007,1.1864047050476074,1.8754042387008667,284.56884765625,-196.36050415039062,0.2604987621307373,0.08679382503032684,75890.0,1.8659775257110596,454.7183532714844,30.10837173461914,-199.06693524388774,-283.7801542069594,0.25365057587623596,0.15330905
14,1,-1.5200841807304624,35.543665247382826,1.1962937116622925,1.864137887954712,-151.01507568359375,345.9231872558594,0.34422826766967773,2.596498727798462,72891.640625,1.9621115922927856,538.4678955078125,16.25821876525879,348.02583475953986,149.44024950129958,0.347528338432312,0.2526579
14,1,-0.8693571874471411,35.346660658819864,1.0981682538986206,1.7970763444900513,-202.87757873535156,292.5180358886719,0.3078613877296448,3.8511106967926025,77373.90625,1.838488221168518,407.4617004394531,55.04638671875,292.6334260190848,204.71355161723713,0.31078600883483887,0.23747456
14,1,-0.8195530358754235,39.371380085767605,1.0495485067367554,1.8258391618728638,-118.51326751708984,386.0706481933594,0.35946133732795715,5.365632057189941,90484.359375,1.9468919038772583,446.7125244140625,67.68219757080078,382.9928615506729,121.38586965954154,0.3618777096271515,0.10684935
14,1,-1.4640758023767935,45.61983647475816,1.1417272090911865,1.833145022392273,127.22492218017578,-381.7611389160156,0.18816864490509033,4.906231880187988,89479.234375,1.8366148471832275,325.4842834472656,11.180219650268555,-380.44659779737424,-124.88660645656209,0.18990711867809296,0.0008499658
14,1,-1.0590842501956168,46.80493371253163,1.188936710357666,1.831465244293213,-19.390649795532227,394.0141296386719,0.29370012879371643,3.9631714820861816,89088.1171875,1.887222170829773,342.484375,29.892005920410156,395.9554244434956,21.003023034899595,0.29675284028053284,0.0007388772
14,1,-0.855289911434668,33.85968295182133,1.1042041778564453,1.867600917816162,161.49803161621094,-306.8559265136719,0.44832825660705566,1.1291193962097168,98231.6796875,1.9147294759750366,506.18499755859375,70.63480377197266,-308.09868228504877,-164.16923752265836,0.4483036398887634,0.7426153
14,1,-1.1916476881948619,40.47806372603061,1.1040595769882202,1.8353992700576782,324.7261047363281,-195.1724395751953,0.2978653907775879,0.775261402130127,94931.90625,1.912889003753662,448.0718994140625,28.820301055908203,-196.2087430353826,-327.1458147375919,0.2940123379230499,0.04727828
14,1,-1.0394948389388237,49.199612710574655,1.1716244220733643,1.7973883152008057,-148.1595001220703,-379.7984313964844,0.42555904388427734,1.389199137687683,97657.2265625,1.922202706336975,375.2722473144531,34.26496887207031,-379.9476642270774,143.40248207314747,0.424646258354187,0.00084849616
14,1,-1.218108437456129,44.744842069321116,1.190134048461914,1.85772705078125,-301.31707763671875,-140.71751403808594,0.36312565207481384,1.8002687692642212,92374.4921875,1.8703733682632446,356.1926574707031,21.55631446838379,-139.49188271426843,295.9067898290029,0.36528733372688293,0.0049897637
14,1,-1.0408774159345398,32.08569835464333,1.197535514831543,1.8802109956741333,105.47470092773438,312.0315856933594,0.2787451446056366,5.582942008972168,88627.921875,1.9287967681884766,591.7770385742188,53.86167907714844,309.0802877875177,-103.67334128334994,0.27628353238105774,0.49991226
14,1,-1.2009589300180343,32.81153071920511,1.180014967918396,1.8513802289962769,377.42340087890625,-23.734270095825195,0.4235556721687317,1.149011254310608,86169.8515625,1.9326937198638916,564.505126953125,35.539207458496094,-25.556399788258325,-379.08015186676454,0.4245808720588684,0.66477215
14,1,-1.4561225634648514,37.24239472299189,0.9156813621520996,1.8303966522216797,-218.3679962158203,252.86203002929688,0.21975179016590118,2.4466309547424316,98326.3515625,1.8930264711380005,428.3865661621094,14.98685073852539,257.1297652904952,213.5726386321025,0.21467746794223785,0.4297768
14,1,-0.9722871709871236,48.98826795779226,1.141864538192749,1.8808133602142334,-124.1432113647461,304.8384704589844,0.4790293574333191,5.588623046875,96111.609375,2.0113296508789062,451.5543212890625,48.130672454833984,301.5904034719422,127.97905104869696,0.48581662774086,0.002706488
14,1,-1.3441335041095765,34.698328327004134,0.9315603375434875,1.8888620138168335,344.0409851074219,-222.73419189453125,0.28974124789237976,0.6671963930130005,95659.8828125,1.8891561031341553,440.5618896484375,19.94670867919922,-225.51598658333722,-345.59805547175284,0.2863885164260864,0.80798554
14,1,-1.2346164060070919,35.06659080238354,1.170238733291626,1.8171770572662354,-327.19061279296875,-150.93443298339844,0.37374651432037354,5.209493160247803,85971.84375,1.8890286684036255,471.57958984375,27.474956512451172,-151.7640113519655,332.1881238700632,0.38585972785949707,0.2189721
14,1,-0.7361608407987104,46.04018549481827,1.1443119049072266,1.8317209482192993,-8.501182556152344,-327.8244323730469,0.22192013263702393,2.0221590995788574,88930.9296875,1.845295786857605,335.55291748046875,61.6026611328125,-328.4660123882146,5.058564433949078,0.21170389652252197,0.0012967205
14,1,-1.16243969348809,33.31438907560921,1.189607858657837,1.7976187467575073,-374.3468322753906,45.59446334838867,0.19765087962150574,6.197598457336426,96914.765625,1.8003827333450317,425.06280517578125,29.242326736450195,44.64793332051421,375.31582554795597,0.2025732547044754,0.09586526
14,1,-1.0124902279421748,41.13156041966932,1.1066265106201172,1.799538493156433,115.05162811279297,350.4569396972656,0.5230069756507874,1.3696368932724,72673.421875,1.9220715761184692,377.429443359375,36.67282485961914,350.24298223692966,-117.93669431474119,0.5227513909339905,0.086642966
14,1,-1.4721228409600964,41.16413354115862,1.1325737237930298,1.8962323665618896,-320.8889465332031,-108.00955200195312,0.2694282829761505,3.738135814666748,78038.1484375,1.9024903774261475,445.04888916015625,15.00658893585205,-107.36833510315272,322.0760097978432,0.27160462737083435,0.031461384
14,1,-1.218085007214941,31.995498329023697,1.0123099088668823,1.8557838201522827,-348.0257873535156,106.31094360351562,0.40486961603164673,1.0155627727508545,81937.8046875,1.8709497451782227,452.3072509765625,27.374547958374023,102.72367839342239,346.37045085158513,0.40888670086860657,0.85952234
14,1,-1.536592013574571,43.71981741102256,1.132836937904358,1.936984896659851,-239.7371063232422,341.6013488769531,0.254690557718277,0.7621482014656067,97890.609375,1.9358561038970947,402.4495849609375,11.698111534118652,339.6704215124728,240.6763381772068,0.2571556568145752,0.021883696
14,1,-1.1286329886002218,43.53442014673884,1.1680684089660645,1.920265555381775,-52.985313415527344,391.3520202636719,0.26674211025238037,2.237591028213501,92251.09375,1.9531785249710083,433.1468200683594,32.21074676513672,390.68749466315865,52.768640096120784,0.2711256742477417,0.011683277
14,1,-0.8992966488537412,36.48862113314914,1.1408957242965698,1.832123041152954,382.5984191894531,110.05372619628906,0.2934005558490753,0.19520755112171173,93779.9765625,1.8678828477859497,416.0859375,52.4669189453125,107.4994255276153,-381.80570933502145,0.290559858083725,0.19119889
14,1,-1.1577736545502293,39.525075103996606,1.1918548345565796,1.8432044982910156,-234.38963317871094,-256.3932189941406,0.5227308869361877,1.379729986190796,72673.421875,1.9372371435165405,471.310302734375,32.77418899536133,-256.29432339083286,229.17512976601256,0.5227513909339905,0.1247558
14,1,-1.9134912019096173,41.128823373075456,1.1738635301589966,1.8196696043014526,65.86116027832031,-386.3260498046875,0.40833744406700134,3.711099147796631,87991.9140625,1.9396648406982422,444.69354248046875,5.427022457122803,-381.99971852515995,-63.540885144425665,0.40320247411727905,0.019476298
14,1,-0.515812165977649,43.43856013373462,1.1402024030685425,1.8214366436004639,411.50164794921875,27.834623336791992,0.5139749646186829,4.478318691253662,95161.3046875,1.9862231016159058,441.70928955078125,134.68649291992188,27.96161471714397,-406.8552404016648,0.5181134343147278,0.01899524
14,1,-0.9508052681036984,39.90490829171178,1.1866286993026733,1.8009079694747925,-10.164202690124512,346.4225158691406,0.4679490029811859,1.8873790502548218,94810.3359375,1.965989589691162,498.5987548828125,55.8399658203125,347.3193358079741,8.891426967082685,0.4707854092121124,0.044767886
14,1,-0.9117130698642346,42.36024248065454,1.1357402801513672,1.8593990802764893,12.348210334777832,414.4547424316406,0.19548599421977997,4.248522758483887,77218.5625,1.8465189933776855,339.2071533203125,41.56721115112305,415.24327210975827,-10.935142411510563,0.20668336749076843,0.005789538
14,1,-0.8510103683124278,38.17508468583323,1.110918402671814,1.8575612306594849,-333.065673828125,248.90830993652344,0.2534484565258026,4.089357852935791,85055.2734375,1.8602299690246582,372.01190185546875,52.42586898803711,250.09803812923212,333.47361733793093,0.2570644021034241,0.08556514
14,1,-0.8669770342675833,38.40917365306367,1.1580965518951416,1.82186758518219,103.46107482910156,-362.2816162109375,0.19771379232406616,2.276186227798462,69423.2890625,1.8209424018859863,380.3675537109375,51.6684684753418,-363.1355039113579,-105.25146961019114,0.19737893342971802,0.023263985
14,1,-0.9229687687020325,41.93235882371095,1.1738778352737427,1.858551263809204,194.5340118408203,357.21173095703125,0.2903629541397095,2.7803711891174316,99182.6328125,1.897431492805481,409.9783020019531,48.954341888427734,358.56678148969064,-196.37748889454713,0.2901049554347992,0.01089933
14,1,-1.0800386095213683,35.10754690364324,1.1672005653381348,1.8484485149383545,-301.7807312011719,193.85549926757812,0.35697120428085327,5.250747203826904,87671.75,1.93312668800354,545.4555053710938,45.3648796081543,189.77920158990952,304.0367276552987,0.361118882894516,0.27187324
14,1,-1.9506837470997453,38.792681614593796,1.088005542755127,1.8640201091766357,102.23074340820312,306.2630920410156,0.3167172074317932,1.5914149284362793,90195.4921875,1.9839075803756714,493.4507141113281,5.527798175811768,305.6631649878103,-106.37658298452857,0.3181951344013214,0.16551414
14,1,-1.3096174258744029,42.273869936773984,1.0755950212478638,1.8280826807022095,48.224578857421875,-378.723876953125,0.363680362701416,2.9669764041900635,89623.1875,1.8465745449066162,344.78802490234375,16.901769638061523,-375.7949934567803,-48.320605492137986,0.3626435399055481,0.030348375
14,1,-1.1008274493804364,39.7307775435174,1.1272077560424805,1.7980343103408813,-316.6024169921875,149.1323699951172,0.4086742103099823,6.246037483215332,93896.1640625,1.871822714805603,387.6044921875,30.729814529418945,144.87764027465698,316.73792085372685,0.40960416197776794,0.035572782
14,1,-1.1929910495293827,31.353092663028217,1.1644493341445923,1.805642008781433,362.1914978027344,-79.1572265625,0.483791321516037,2.070265293121338,89804.28125,1.9548380374908447,612.7748413085938,39.29241943359375,-76.98641662202982,-365.66620117705247,0.4829539954662323,0.75185287
14,1,-1.8468950641026127,40.25860143210618,1.0698046684265137,1.9091839790344238,-362.25994873046875,49.69831848144531,0.32026395201683044,1.5973756313323975,90195.4921875,1.979011058807373,459.085205078125,6.531178951263428,49.41431352406105,360.2780473508515,0.3181951344013214,0.17351477
14,1,-0.8472838401491649,45.51288369527584,1.1337814331054688,1.7996222972869873,-349.1903076171875,150.56552124023438,0.2639412581920624,2.5319018363952637,79039.1640625,1.8116333484649658,298.984375,42.49752426147461,150.9437719336875,347.00701199667697,0.2624470889568329,0.001452412
14,1,-0.8058531787879643,43.55941991308612,1.1557899713516235,1.8727887868881226,396.8569641113281,113.98310852050781,0.2286161184310913,2.6773953437805176,95884.078125,1.8849247694015503,373.2362365722656,58.361961364746094,113.78063186413378,-398.82150882153854,0.23218345642089844,0.00509482
14,1,-0.916589291875015,39.335148972275434,1.0832263231277466,1.8413944244384766,-271.612060546875,180.33714294433594,0.2624069154262543,2.5273027420043945,79039.1640625,1.836167573928833,373.0270080566406,45.20120620727539,181.68195110295693,270.2959311628995,0.2624470889568329,0.06890177
14,1,-0.660185529628941,45.616222545584385,1.1479668617248535,1.9003452062606812,-265.2929992675781,-210.8079071044922,0.28190138936042786,2.297358751296997,79793.4453125,1.966433048248291,440.74713134765625,96.38368225097656,-208.87690468243986,263.8076453831647,0.2804461121559143,0.00507417
14,1,-1.0584694998081303,40.83997844419412,1.1669433116912842,1.8430218696594238,52.868289947509766,-405.2104797363281,0.2961479425430298,5.294288635253906,99552.1171875,1.9390203952789307,452.530029296875,39.55276107788086,-404.2718881333474,-51.862497408054516,0.29676905274391174,0.01206753
14,1,-1.114480385108172,37.57647728196356,1.1557884216308594,1.8815618753433228,-372.4340515136719,-58.396331787109375,0.2655320465564728,0.89029860496521,97948.84375,1.8851789236068726,452.40887451171875,34.75757598876953,-60.4861054343083,369.7377257409255,0.2669885754585266,0.14430733
14,1,-1.1822836431372479,44.60512382980822,1.0886424779891968,1.8339064121246338,372.85986328125,101.2979965209961,0.3820702135562897,4.255939483642578,98507.8359375,1.9290114641189575,401.1468200683594,26.364410400390625,100.5715045158854,-370.1352344412958,0.3731616735458374,0.00966908
14,1,-1.0048883851628618,41.03971301901209,1.131885290145874,1.8615463972091675,253.07313537597656,271.49090576171875,0.3470847010612488,2.9218194484710693,77725.3046875,1.8576412200927734,354.51953125,35.05504608154297,274.553058863813,-252.39126017235353,0.34740298986434937,0.040298756
14,1,-1.3808979652280617,39.18282427490492,1.1711349487304688,1.826365351676941,-110.8679428100586,-342.1280212402344,0.2165335714817047,5.029904842376709,95078.515625,1.8997427225112915,457.51275634765625,19.032812118530273,-342.6266359582407,111.15510942927179,0.22023998200893402,0.011446983
14,1,-1.5700710917179486,41.81735086523483,1.1253597736358643,2.0434093475341797,249.0600128173828,-313.099365234375,0.41363486647605896,4.766674041748047,98069.078125,2.0919392108917236,619.983642578125,16.68424415588379,-313.2917790408152,-244.14736615846556,0.41636040806770325,0.26023376
14,1,-0.9116216900342713,41.78403905682626,1.1222888231277466,1.8251062631607056,-357.3543395996094,201.25003051757812,0.42450565099716187,4.5399088859558105,80625.0546875,1.9700373411178589,467.5743713378906,57.309715270996094,197.35669545719298,361.3585306033872,0.4231197237968445,0.027703963
14,1,-1.077744819278168,43.27586278906018,1.0829089879989624,1.853362798690796,-163.35047912597656,371.9632873535156,0.3705637753009796,2.137101650238037,95781.203125,1.9680190086364746,443.1888122558594,37.054656982421875,372.47187677426626,161.47933923651792,0.37110450863838196,0.028467866
14,1,-0.9910011143916959,46.69068021328412,1.081946849822998,1.8094017505645752,120.9644546508789,-299.3477783203125,0.515845775604248,0.18342196941375732,89700.6171875,1.9523450136184692,401.14837646484375,40.95461654663086,-302.8120377679915,-120.35968573520353,0.5094480514526367,0.013081338
14,1,-1.024463446096381,47.63596402675221,1.136277675628662,1.8049795627593994,-68.75848388671875,-316.0702209472656,0.31992676854133606,6.031074523925781,83726.7890625,1.873124361038208,353.3923645019531,33.403533935546875,-317.0950255511328,69.65501001355098,0.3183883726596832,0.00063971314
14,1,-1.0801721899740886,42.44457476488436,1.0278376340866089,1.8217741250991821,337.7221984863281,-146.17117309570312,0.40406301617622375,5.027099132537842,91211.015625,1.8418850898742676,344.3664855957031,28.631702423095703,-149.54151850180688,-331.1468538053614,0.4027174115180969,0.04409422
14,1,-1.1013127212818599,38.43365375418636,0.9931555986404419,1.857779860496521,-257.7230529785156,320.0196228027344,0.36576318740844727,3.8018548488616943,99345.9140625,1.9182696342468262,453.27386474609375,35.89605712890625,321.95496376328094,262.0222925496153,0.36446937918663025,0.36986023
14,1,-1.5255849701705542,37.29013130444917,1.071363091468811,1.8410543203353882,357.1400451660156,45.282405853271484,0.42560988664627075,1.2235286235809326,93332.9296875,1.937880039215088,460.2602844238281,13.721935272216797,43.457791993420265,-360.0171509846523,0.4191323518753052,0.41599837
14,1,-1.4628401021287645,39.4793789318227,1.1410273313522339,2.0015134811401367,-78.20896911621094,377.3635559082031,0.4130990207195282,4.146148204803467,85140.078125,2.026822090148926,562.51318359375,19.37717056274414,378.59178885414127,80.3759187748334,0.4165269136428833,0.3629875
14,1,-1.0664637562539465,40.4023781569108,1.0750787258148193,1.9280229806900024,-242.82232666015625,-301.2424011230469,0.2635091245174408,5.977624893188477,98197.578125,1.9333317279815674,431.5684814453125,37.032649993896484,-304.66528129370516,245.76506293270336,0.26774469017982483,0.089788124
14,1,-0.8851168235964184,45.79415280431619,1.0897891521453857,1.8025128841400146,-109.1034927368164,-310.5893859863281,0.4397212564945221,0.8968890309333801,98317.1484375,1.9283987283706665,392.3197937011719,51.111961364746094,-316.52869063219543,106.00057228257685,0.4404778778553009,0.008909342
14,1,-1.3184994267112742,29.377620055356093,1.151688575744629,1.8305232524871826,-293.371337890625,-190.9518280029297,0.4471794068813324,3.710988759994507,82211.78125,1.8528028726577759,484.74163818359375,23.281396865844727,-188.28939860726854,297.1476526623412,0.4477584660053253,0.83591056
14,1,-1.6469406657684804,33.61891466027435,1.1946767568588257,1.8438022136688232,279.21319580078125,-294.5968322753906,0.225692018866539,4.832014560699463,84208.7109375,1.8488531112670898,454.6135559082031,10.249377250671387,-296.6096232062478,-277.51912836866603,0.21862541139125824,0.19516467
14,1,-1.3640420829697475,41.10697479982431,1.0907495021820068,1.870318055152893,150.78634643554688,-360.2135925292969,0.21926014125347137,2.931309938430786,85963.4453125,1.9284056425094604,403.08837890625,17.432340621948242,-358.34985341155175,-150.3126183369385,0.22363509237766266,0.028439445
14,1,-1.0715798421875515,40.68424109608202,1.1700869798660278,1.886727213859558,74.95642852783203,-411.1324157714844,0.17695771157741547,2.3095901012420654,99832.515625,1.9643007516860962,484.6285095214844,41.098697662353516,-410.3127515281033,-76.22890407651953,0.17327676713466644,0.014079842
14,1,-1.1129581351028859,37.791778843183934,1.1577876806259155,1.802384376525879,-339.7857971191406,-43.98270034790039,0.44582241773605347,1.481137990951538,97709.3359375,1.9653408527374268,479.5726318359375,36.97388458251953,-42.7262479201185,338.5407005807842,0.44952112436294556,0.14465001
14,1,-1.4526048304527763,44.70045233834808,1.160766839981079,1.8388878107070923,-245.07933044433594,-216.833740234375,0.4369170069694519,1.8806320428848267,72949.53125,1.9362316131591797,405.38775634765625,14.297587394714355,-215.17057604905025,241.7920411475833,0.4362587332725525,0.0089728655
14,1,-1.279346156535138,45.41347489806579,1.1690943241119385,1.8537436723709106,-165.15469360351562,-300.6846008300781,0.4390287697315216,3.6410748958587646,73558.5078125,1.9780373573303223,427.8343200683594,22.486793518066406,-298.14742235933414,167.22474672604687,0.4404444396495819,0.0058943
14,1,-1.4878468280889705,43.3136904627219,1.1985774040222168,1.8876935243606567,-305.7364807128906,-254.45152282714844,0.3476043939590454,0.8929151296615601,77382.8671875,1.8871210813522339,391.3578186035156,12.726933479309082,-257.78778636211143,305.54744342013447,0.34865644574165344,0.012722659
14,1,-1.0492326552356528,45.98268555999776,1.1766586303710938,1.8635247945785522,349.2742004394531,-65.00859832763672,0.40100011229515076,5.9503068923950195,92551.859375,1.9803907871246338,476.347900390625,42.5295295715332,-69.17183239091513,-347.0187182710167,0.40492191910743713,0.0028521314
14,1,-1.50662181245576,36.35968856523751,1.1273322105407715,2.005934715270996,-27.355758666992188,358.9690856933594,0.3222179412841797,1.4701459407806396,89184.3671875,2.0311672687530518,628.0075073242188,19.55873680114746,358.36518787013483,26.426373001277835,0.32198187708854675,0.647198
14,1,-0.6082575012529148,45.83171480058405,1.1281639337539673,1.846742033958435,-39.8169059753418,-361.259033203125,0.4559258818626404,0.006310857832431793,99936.59375,1.991942286491394,446.28277587890625,109.98975372314453,-367.1801497964058,40.521716393567935,0.45625820755958557,0.012777292
14,1,-1.382741015914544,27.90387185857176,1.177589774131775,1.8116487264633179,-118.94236755371094,-400.9383544921875,0.42851176857948303,2.5709989070892334,97832.484375,1.968216896057129,751.6356201171875,31.136152267456055,-397.13654879531447,117.46335502655204,0.4179648756980896,0.8516039
14,1,-0.9655393936816531,47.49066111757199,1.1700785160064697,1.9214422702789307,-370.646240234375,161.4906463623047,0.17556510865688324,2.1291234493255615,99259.3359375,1.913041591644287,359.654052734375,38.93538284301758,161.13386260117724,366.5192373473538,0.17650698125362396,0.0012682551
14,1,-1.4128881181092823,45.38517759779405,1.1604468822479248,1.8353992700576782,329.4857177734375,12.950636863708496,0.2994872033596039,4.9300408363342285,88082.875,1.912691593170166,383.2032165527344,14.80942153930664,13.404659291384835,-328.4514273582868,0.3011886775493622,0.0016809322
14,1,-0.8660011005395065,42.40355199828769,1.1032840013504028,1.8231338262557983,-83.20941925048828,-310.2319030761719,0.18747647106647491,6.010871887207031,95634.8203125,1.8770190477371216,371.74786376953125,50.61118698120117,-314.1913018285726,83.08430230422191,0.18504533171653748,0.0038113226
14,1,-1.0413283604670862,42.902992919253364,1.1820778846740723,1.850007176399231,135.3600311279297,-305.0346984863281,0.2502266764640808,3.2951321601867676,83938.9296875,1.8826332092285156,391.33209228515625,35.580814361572266,-303.2947458715349,-136.50001430842795,0.2470967173576355,0.003963307
14,1,-0.9735279900905156,47.15570602019025,1.182103157043457,1.8138829469680786,295.13665771484375,184.28463745117188,0.48591291904449463,3.7045178413391113,89814.2578125,1.9565349817276,411.6376647949219,43.75081253051758,186.17608405181912,-293.5542372905207,0.49032697081565857,0.0020790286
14,1,-0.6913979227645852,38.731875369892826,1.1644797325134277,1.8413944244384766,-74.37225341796875,329.0260314941406,0.2617659568786621,4.146145820617676,96863.7421875,1.8371877670288086,394.7486572265625,80.33821868896484,329.73629195770957,79.53414048338168,0.25864192843437195,0.030490423
14,1,-1.0087817983427663,38.66787018889436,0.9458183646202087,1.808580994606018,398.0749816894531,132.49908447265625,0.33400365710258484,0.00816922914236784,79862.9453125,1.8585535287857056,383.26239013671875,37.55893325805664,130.08101680890977,-396.9330885111703,0.33579835295677185,0.36276877
14,1,-0.8915335831883078,48.85206860254111,1.187826156616211,1.8496466875076294,-132.64210510253906,322.40057373046875,0.49567893147468567,6.065446853637695,97308.2265625,1.9647557735443115,382.9762268066406,49.16288375854492,319.174004871024,133.25366840698598,0.493574321269989,0.0012986374
14,1,-1.2418434160464737,47.0462285885263,1.1899399757385254,1.8852927684783936,-369.6337890625,-31.726669311523438,0.19242273271083832,4.042337417602539,95257.171875,1.9327062368392944,381.87445068359375,21.881404876708984,-28.624635124201383,368.2578590415674,0.19173918664455414,0.0006616138
14,1,-1.0284647323826852,47.58244899158656,1.1490837335586548,1.8486101627349854,-134.09231567382812,292.2430419921875,0.272480309009552,2.8395042419433594,89205.2890625,1.9433631896972656,378.83404541015625,35.47995376586914,296.5766079711141,134.50694548795425,0.26851511001586914,0.00105921
14,1,-1.0495738924913736,49.90829134130388,1.1725038290023804,1.8685576915740967,202.7385711669922,-339.2561950683594,0.47835785150527954,1.420037031173706,92825.5078125,1.9928699731826782,433.0177917480469,38.63053512573242,-340.33373864426744,-208.4436479930816,0.48067378997802734,0.0020724507
14,1,-1.0532730454680417,41.22634592177668,1.1219143867492676,1.828643560409546,-227.24746704101562,-241.17626953125,0.24405330419540405,0.6686838269233704,99819.28125,1.8732938766479492,373.4769592285156,33.03615188598633,-244.21932542511203,224.66253699098837,0.2449781894683838,0.017677257
14,1,-1.4073490264298645,30.075531826576462,1.1146022081375122,1.8210206031799316,-360.502685546875,-136.2030487060547,0.24960395693778992,5.243415355682373,86525.046875,1.851413369178772,447.83612060546875,17.529422760009766,-136.05227430765424,363.09727816539254,0.2492823749780655,0.6981026
14,1,-1.4758181309486957,36.3763400069015,0.94142746925354,1.805079460144043,-395.4810485839844,-38.117469787597656,0.25836703181266785,4.382235527038574,64302.875,1.8165602684020996,367.161376953125,12.275390625,-36.96047828778625,399.6633351344666,0.25140121579170227,0.40666243
14,1,-1.31433184545737,39.54946507528552,1.1110481023788452,1.8239431381225586,-244.3011932373047,-242.16921997070312,0.2812259793281555,2.486546516418457,75252.875,1.8482927083969116,348.3379821777344,16.891429901123047,-240.158522057953,241.11722600391496,0.26985248923301697,0.04210208
14,1,-1.4806510497212415,34.19899727831059,1.098848819732666,1.8133130073547363,391.5845031738281,29.936857223510742,0.21708261966705322,1.7115598917007446,78343.296875,1.88020920753479,466.8172302246094,15.434515953063965,28.801151848809223,-390.2245873209367,0.21574458479881287,0.3219222
14,1,-0.7128452115869384,42.071440789513964,1.1823790073394775,1.8811675310134888,33.018836975097656,-393.6035461425781,0.1874101310968399,4.290189266204834,89621.2421875,1.9036436080932617,407.5333251953125,78.94367980957031,-393.62953885103104,-30.32004526599077,0.18681225180625916,0.0048582684
14,1,-0.8398269692285555,38.98180202986082,1.0962644815444946,1.8292372226715088,-172.9395751953125,323.53717041015625,0.2299659699201584,3.2447612285614014,99838.921875,1.8967983722686768,442.8205871582031,64.03245544433594,325.5010208375772,173.02449640510883,0.2266334891319275,0.044457335
14,1,-1.2177886808045078,46.90618626226488,1.1800445318222046,1.8127049207687378,363.4336242675781,-109.50113677978516,0.41877254843711853,5.264001369476318,87195.25,1.912490725517273,393.5695495605469,23.83586883544922,-113.23091283398935,-360.5184984777573,0.4179181456565857,0.0012189839
14,1,-1.4778284808302078,32.83659526650943,1.192454218864441,1.833145022392273,75.62985229492188,-349.17803955078125,0.1838950365781784,2.0062196254730225,68903.8984375,1.8357094526290894,476.5386657714844,15.858675956726074,-349.7802946143505,-77.61613721443469,0.18241360783576965,0.25783044
14,1,-1.3574071933962608,39.68779002004191,0.9540741443634033,1.815557837486267,-311.4427795410156,-228.81326293945312,0.37191349267959595,0.8394171595573425,70900.5078125,1.9284383058547974,416.57757568359375,18.293058395385742,-231.17222068831552,308.4499595611367,0.38308411836624146,0.29432335
14,1,-1.0653652588730373,30.350107099735723,1.0853098630905151,1.8515576124191284,-338.9711608886719,-3.314147472381592,0.2844180762767792,2.770998954772949,88725.9375,1.8855109214782715,464.0629577636719,39.92184066772461,-1.0829439317251295,339.15575854668566,0.28089702129364014,0.8139697
14,1,-1.3109138295901483,44.20721237286505,1.1430702209472656,2.001722574234009,-368.71405029296875,112.47077178955078,0.4944419264793396,0.5466659665107727,91772.9375,2.086467742919922,567.9793701171875,27.75985336303711,106.3919566026965,365.46963859476364,0.4950656592845917,0.13950805
14,1,-1.083390321565436,37.42550062327485,1.19014310836792,1.8815606832504272,-260.1822509765625,-256.3396911621094,0.4470558762550354,5.6968770027160645,88324.96875,1.900773286819458,415.8553466796875,34.32027053833008,-258.91975115585166,263.12978553228794,0.4469800591468811,0.19489706
14,1,-1.1632346841748844,45.17461764285415,1.1157180070877075,1.8434957265853882,-336.9586486816406,-85.94351959228516,0.238114133477211,1.5220627784729004,80585.9453125,1.9199069738388062,385.5829772949219,26.4777774810791,-86.00195912766912,333.8019003662636,0.23655174672603607,0.0034697372
14,1,-0.8153433600030537,36.08734848410293,1.18126380443573,1.8432044982910156,339.6728820800781,-105.14208221435547,0.5234473347663879,5.77698278427124,87611.828125,1.930885672569275,498.0759582519531,76.19941711425781,-110.37200405355378,-338.0540089932973,0.519368588924408,0.3334093
14,1,-1.8703544317495582,38.49731444065449,1.0035274028778076,1.9825724363327026,-66.9427261352539,-373.6211853027344,0.36857083439826965,4.65172004699707,97024.3203125,2.0250837802886963,546.84521484375,7.370621204376221,-373.55354483078617,74.70415363375109,0.3692045509815216,0.6157307
14,1,-1.0177842643028652,49.958109023075,1.1586413383483887,1.8585182428359985,-311.6368408203125,-237.28221130371094,0.2374819666147232,0.029691118746995926,76860.109375,1.8439152240753174,291.4098815917969,27.9716739654541,-239.69395589410584,312.6257535510265,0.24112270772457123,0.00059724454
14,1,-1.209034034677684,45.58375629579752,1.107912302017212,1.8345507383346558,279.4180908203125,221.44100952148438,0.3598842918872833,4.421382904052734,93800.46875,1.961698293685913,417.0179748535156,25.770275115966797,220.6672659857102,-276.7507032554581,0.35896366834640503,0.0043860585
14,1,-1.0105261325441308,48.5761033735438,1.1787370443344116,1.8040823936462402,33.506412506103516,410.1263122558594,0.2789606750011444,0.4535196125507355,93530.6796875,1.8229846954345703,318.37030029296875,31.074562072753906,409.09844443445525,-33.11551268985592,0.2788333594799042,0.00049280206
14,1,-1.2323109589510262,48.84423582139875,1.1615849733352661,1.816901683807373,382.07305908203125,-170.47012329101562,0.4950192868709564,2.837554931640625,76758.3046875,1.9116637706756592,350.9198303222656,20.55392837524414,-164.66143920167414,-382.29847919917034,0.4925179183483124,0.001680065
14,1,-1.7677838577794363,49.80408301966342,1.1547693014144897,1.8202147483825684,0.2831139862537384,-322.5815734863281,0.48287034034729004,5.63992166519165,82719.46875,1.932588815689087,369.96844482421875,6.315008640289307,-327.9243533800427,2.6146797773767445,0.4858226478099823,0.0008758928
14,1,-1.4307835137212832,42.08141757625939,1.044406533241272,1.8161848783493042,357.1005859375,-167.56466674804688,0.22966451942920685,3.9096503257751465,77265.015625,1.8751651048660278,366.52056884765625,13.59288501739502,-168.9651540472518,-358.38515447066345,0.23112235963344574,0.013955526
14,1,-0.4214110571305698,36.713583843381585,1.1066926717758179,1.8375104665756226,-365.0989685058594,-55.76723861694336,0.18242385983467102,2.661707639694214,98184.3046875,1.8506051301956177,393.76068115234375,149.21792602539062,-53.82539255684161,363.7717450201275,0.1847880482673645,0.102420196
14,1,-1.253407755583496,42.85684632420986,1.1644072532653809,1.804417371749878,389.1535949707031,-131.8100128173828,0.3337849974632263,0.8864346146583557,93669.46875,1.8953989744186401,388.28558349609375,21.664142608642578,-133.21205338461087,-390.23899543438057,0.33380794525146484,0.006935209
14,1,-1.1443367634614607,39.5208915840879,1.1606799364089966,1.930400013923645,-304.7424011230469,197.739013671875,0.43738874793052673,2.4253835678100586,98037.96875,2.0110652446746826,553.0916137695312,39.66972732543945,201.27070167716582,302.902178276122,0.4369473457336426,0.22561313
14,1,-1.2707221386516385,46.23333974691468,1.163409948348999,1.903910517692566,-108.26001739501953,342.4891662597656,0.3108830749988556,3.823589563369751,81594.203125,1.9369398355484009,405.49755859375,21.7402286529541,341.88709687688385,108.47672876190023,0.3145527243614197,0.0034602042
14,1,-1.1357733769895855,44.33296033989204,1.169676661491394,1.805741548538208,356.37725830078125,62.61958694458008,0.3325849771499634,1.1055256128311157,91049.375,1.847511887550354,360.4735107421875,26.36928367614746,59.21762112534713,-355.727307256569,0.3339456021785736,0.0034030266
14,1,-1.4847884788482055,41.510572630433195,1.1787347793579102,1.973783254623413,341.15496826171875,241.2277374267578,0.27389761805534363,0.9509650468826294,91859.2109375,2.0490362644195557,595.0232543945312,19.486921310424805,239.43754000287007,-345.7890128746593,0.2730742394924164,0.06255075
14,1,-1.0673185242154193,36.793170008339594,1.1922332048416138,1.8066051006317139,315.22760009765625,-112.40782928466797,0.3721396327018738,4.4118547439575195,90671.6015625,1.8677899837493896,436.3388977050781,37.368377685546875,-111.17394425721048,-312.6595714721631,0.3734966814517975,0.07780732
14,1,-1.4649858613096083,44.36664803900896,1.1735581159591675,1.8650206327438354,-53.29494094848633,368.9835205078125,0.2734580636024475,0.941686749458313,91859.2109375,1.9534498453140259,427.3522644042969,14.648635864257812,366.0406631062568,50.56423291459681,0.2730742394924164,0.0047385027
14,1,-1.5302060752595739,27.31424908956538,1.1946769952774048,1.8593990802764893,211.87008666992188,-315.4374084472656,0.19564107060432434,5.8474860191345215,86026.125,1.8501955270767212,590.5955200195312,17.421340942382812,-317.99576794570686,-210.03896281472444,0.19661682844161987,0.782425
14,1,-1.0138672786894607,45.35937077360395,1.1067663431167603,1.8883856534957886,112.35686492919922,-324.3182067871094,0.2012835294008255,6.0739216804504395,99705.25,1.8874075412750244,356.6150817871094,34.54070281982422,-328.12580904699956,-110.35693031494954,0.19788692891597748,0.002707219
14,1,-1.0286013103666392,35.96148110302015,1.1422510147094727,1.8004870414733887,127.20893859863281,-387.7643737792969,0.36991316080093384,1.108579158782959,90272.1015625,1.8934935331344604,465.151611328125,43.55040740966797,-388.59239873163364,-129.4347752162983,0.3697304427623749,0.23368251
14,1,-1.3207513850434296,41.791094121179896,1.0253907442092896,1.798692226409912,-91.19420623779297,326.8641662597656,0.4162432849407196,0.5647718906402588,96642.8984375,1.865424394607544,378.8804931640625,18.10291290283203,327.6691719405748,92.42177582980301,0.4171556532382965,0.08102023
14,1,-1.1113247790910232,38.676659532365825,1.0862972736358643,1.822571039199829,1.7073711156845093,-406.60516357421875,0.2865031361579895,3.5324511528015137,92715.9609375,1.8452260494232178,376.09503173828125,29.105249404907227,-405.7755736208242,-0.06960033902003306,0.2921241819858551,0.07506805
14,1,-1.2273814509350673,41.06114909418021,1.0387203693389893,1.8013759851455688,-226.05401611328125,341.80010986328125,0.33476462960243225,5.016266822814941,76552.9375,1.8354363441467285,346.6467590332031,20.535419464111328,341.20727110291483,227.41394061431066,0.3353103697299957,0.036068622
14,1,-1.5280798349312987,42.14499644284449,1.1367475986480713,1.8887239694595337,-325.0831604003906,247.57130432128906,0.3385334312915802,5.0908918380737305,95547.8203125,1.9949599504470825,502.738037109375,14.902495384216309,245.8027399307327,328.3344461110574,0.33993348479270935,0.023691721
14,1,-1.0053556068382128,27.200021415862583,1.0610271692276,1.8717397451400757,-61.90021896362305,316.15338134765625,0.36559829115867615,5.920088768005371,81715.1328125,1.902604103088379,574.8307495117188,56.77846145629883,317.3919751619151,64.87685895984588,0.3667360544204712,0.89389694
14,1,-1.5445217420730222,40.76920988200917,1.1812342405319214,1.8090646266937256,56.75687026977539,399.8028564453125,0.34703493118286133,1.6903505325317383,71211.671875,1.8185110092163086,339.2166442871094,9.681684494018555,399.68575541571613,-60.093297875109414,0.3563097417354584,0.0153781455
14,1,-1.3421474404607792,36.53922835292701,1.1881663799285889,2.0185539722442627,299.33770751953125,-199.42738342285156,0.49543920159339905,6.215723037719727,95494.8359375,2.0617268085479736,764.1529541015625,34.75614547729492,-203.91717291559252,-299.87802456345946,0.4977062940597534,0.6345812
14,1,-1.3295165190719855,46.78870548795289,1.0695176124572754,1.8815618753433228,124.87319946289062,394.2516784667969,0.2656492292881012,3.6519381999969482,94448.53125,1.8897340297698975,335.87249755859375,15.727335929870605,396.2966467354159,-122.81986416565925,0.27099913358688354,0.0042625456
14,1,-1.3411454989755807,40.92407988871459,1.0894256830215454,1.8535218238830566,-250.58566284179688,327.904052734375,0.33934229612350464,5.089773654937744,95547.8203125,1.9597381353378296,442.6557922363281,20.17987632751465,325.4847060869773,253.84192748796787,0.33993348479270935,0.044531062
14,1,-1.0434430290749142,46.590083731780055,1.1861703395843506,1.8485993146896362,20.215730667114258,382.8846130371094,0.26221129298210144,2.42325758934021,97714.40625,1.8585580587387085,340.2574768066406,30.786706924438477,382.0634228947261,-22.168300263437366,0.2627878189086914,0.0010265862
14,1,-1.3542236994738701,38.38339219572951,1.059685468673706,1.8527214527130127,279.25848388671875,-178.3169708251953,0.30447685718536377,5.572726249694824,79865.640625,1.9408074617385864,475.3143310546875,21.02592658996582,-180.20945571445034,-277.92379960387814,0.3067387044429779,0.14179485
14,1,-1.3582211194775828,33.15502534961576,1.1725475788116455,1.8473414182662964,367.9619140625,-105.26002502441406,0.2532457411289215,5.8759636878967285,88630.6328125,1.8572832345962524,471.5217590332031,20.667051315307617,-108.2931837176618,-366.0515989495724,0.2496313601732254,0.30314738
14,1,-1.2444380956310137,37.60395356290209,1.1956758499145508,1.8381986618041992,-354.4967041015625,-110.49077606201172,0.26728498935699463,5.242823600769043,97305.0625,1.879860758781433,460.4566345214844,26.227022171020508,-112.0034921139308,356.3845061468572,0.27298179268836975,0.032326337
14,1,-0.6920870276104055,40.25215870320856,1.1412482261657715,1.9139125347137451,-276.6492004394531,210.28546142578125,0.1883610039949417,2.67162823677063,98184.3046875,1.959317922592163,485.38623046875,98.62794494628906,211.79961790519857,277.017310836305,0.1847880482673645,0.035977002
14,1,-0.9813903390133322,48.226455555878,1.1581734418869019,1.905200719833374,-92.90169525146484,325.4408264160156,0.18840406835079193,2.69594669342041,98184.3046875,1.956398606300354,428.70660400390625,44.74750900268555,327.87324923032867,90.36418186569631,0.1847880482673645,0.0009015636
14,1,-1.0575010615215348,39.99429877345361,1.0955979824066162,1.860205888748169,362.49053955078125,182.69398498535156,0.23203301429748535,3.9228944778442383,77265.015625,1.870542287826538,369.85302734375,32.39863967895508,183.11787899647513,-359.323600481931,0.23112235963344574,0.038649146
14,1,-1.357195307695315,47.85494924313838,1.1773865222930908,1.9827756881713867,322.2818908691406,101.98822021484375,0.448942631483078,5.99830436706543,93398.5078125,2.000373125076294,448.2549133300781,19.693710327148438,98.94749279568457,-321.77052519143564,0.44985124468803406,0.00796859
14,1,-1.0518917432077162,36.909442153007646,1.0536830425262451,1.816655158996582,251.6551513671875,-312.49273681640625,0.2497870773077011,0.8695387244224548,73845.546875,1.8385772705078125,348.7886962890625,30.950613021850586,-315.88457523477183,-249.81955075436264,0.25594475865364075,0.21742935
14,1,-1.1765048263639981,41.59042480618022,1.1441590785980225,1.8061063289642334,263.3359680175781,197.24905395507812,0.33850300312042236,1.2293460369110107,91401.9140625,1.8875436782836914,379.5508728027344,25.279207229614258,197.03268322965386,-264.8402090027116,0.33302924036979675,0.015452195
14,1,-1.4337519175516547,33.69791010851859,1.031275749206543,1.8180229663848877,236.6425018310547,270.0157775878906,0.37736302614212036,4.389479637145996,75321.5,1.8991026878356934,471.17291259765625,17.355051040649414,270.62667246514917,-232.44532486427576,0.37619414925575256,0.6713366
14,1,-1.1207446007758883,29.760788777508566,1.1626133918762207,1.8730664253234863,222.82330322265625,-260.2994079589844,0.391533225774765,0.25373947620391846,97000.3046875,1.9296082258224487,676.18359375,51.20580291748047,-263.893734271903,-223.97490484401206,0.39169004559516907,0.8487291
14,1,-0.5928189850669059,42.58918743293945,1.117855429649353,1.8360803127288818,-168.6630096435547,-352.80889892578125,0.4084167778491974,3.5829648971557617,94991.5078125,1.9508733749389648,428.6698303222656,109.47212219238281,-350.1227086598125,170.1563961765743,0.4054342210292816,0.023228267
14,1,-1.3005742347528586,45.38372608390395,1.1212944984436035,1.9187127351760864,282.117431640625,200.7761993408203,0.48422032594680786,4.214913845062256,94864.8984375,2.0222270488739014,469.07281494140625,23.478166580200195,203.64532070142687,-275.7593503415242,0.48084405064582825,0.027838165
14,1,-1.487993212636463,27.480435812287176,1.0857614278793335,1.8009079694747925,-89.38365173339844,361.11663818359375,0.46803173422813416,0.17488357424736023,88088.4375,1.958848476409912,642.3240356445312,20.881364822387695,354.83992501133787,87.39442446837957,0.46921610832214355,0.8976663
14,1,-0.8878374284343373,44.89831586508371,1.157401204109192,1.8802109956741333,274.73590087890625,-275.00421142578125,0.27885645627975464,3.106370449066162,97340.5234375,1.928624153137207,400.4322814941406,51.843082427978516,-273.01117250333,-271.0382493880147,0.27657249569892883,0.004177306
14,1,-1.3581753737608984,40.90269347897565,1.0866981744766235,1.8024786710739136,211.86843872070312,306.09375,0.29521986842155457,3.95011043548584,94548.7890625,1.8494359254837036,353.2688293457031,15.485568046569824,307.45406588052214,-206.86264696828243,0.2943444550037384,0.01989698
14,1,-1.1580861382155545,39.29825066400377,1.0261671543121338,1.8055652379989624,-263.9248046875,-284.02423095703125,0.23717741668224335,5.840014934539795,92573.234375,1.8075170516967773,328.0677795410156,22.796886444091797,-284.9316662419966,263.8290881367888,0.2405564934015274,0.046596497
14,1,-0.9905017042506861,43.92138053460283,1.1770137548446655,1.8413944244384766,-199.75367736816406,358.64935302734375,0.2609049081802368,0.939545750617981,90882.03125,1.8365354537963867,313.3594970703125,32.02873611450195,359.9140181601201,200.55615503812479,0.2640204429626465,0.0037036864
14,1,-0.9727303644863416,42.679348808001585,1.1234149932861328,1.8207768201828003,-211.36474609375,-287.2529602050781,0.33949145674705505,0.46122944355010986,91034.5390625,1.905147671699524,395.8177490234375,42.146728515625,-290.5332708496957,210.14419940841182,0.3372842073440552,0.016224954
14,1,-1.2027728777214566,39.02077668387371,1.1691086292266846,1.8887239694595337,-285.46270751953125,297.4058532714844,0.337961345911026,0.9327060580253601,95466.8515625,1.9868494272232056,481.3282775878906,30.176374435424805,296.49318209459557,284.1153792995058,0.33688485622406006,0.11281095
14,1,-0.9725583771251594,37.70172636040279,1.093065619468689,1.8513444662094116,-398.3216857910156,9.770575523376465,0.31193992495536804,5.830224514007568,99699.203125,1.9197289943695068,442.67510986328125,47.154788970947266,6.90538098827681,401.0521132806706,0.3121773302555084,0.1393318
14,1,-1.2739677168863384,45.106204737436514,1.1617426872253418,1.8766403198242188,175.5371551513672,314.6206359863281,0.17960387468338013,0.16365347802639008,98508.6171875,1.97569739818573,451.1656799316406,24.008583068847656,311.78864789759007,-176.21419343100473,0.17381976544857025,0.0027750838
14,1,-1.5001692805073503,38.795226473373056,0.9924360513687134,1.973562240600586,385.0289306640625,26.597476959228516,0.5165461897850037,4.938687801361084,88370.5234375,2.0588598251342773,570.1172485351562,18.021564483642578,24.638673257210456,-380.6547702974187,0.5179055333137512,0.71583
14,1,-1.452761528483112,45.008594904256846,1.09930419921875,1.8054887056350708,-58.83491516113281,-327.5679626464844,0.24376298487186432,4.619276523590088,76922.671875,1.8275617361068726,334.5328369140625,11.794337272644043,-326.74706490307113,62.649416930000996,0.2452334463596344,0.001832486
14,1,-1.0679435114517877,40.01392345702772,1.1141571998596191,1.8893375396728516,-33.20530319213867,-401.1647033691406,0.31273192167282104,1.5951260328292847,88223.65625,1.9469844102859497,460.5879211425781,39.388362884521484,-401.6357348305869,30.67438265052836,0.3136754631996155,0.100501284
14,1,-0.9547502081802435,44.78577574899324,1.1309751272201538,1.9173457622528076,371.4529113769531,184.2822723388672,0.3354904353618622,0.9266995787620544,95466.8515625,1.995522141456604,486.2536315917969,53.96495819091797,181.15337885496425,-374.1000408030339,0.33688485622406006,0.018339816
14,1,-1.1665930206943744,38.606666345249,1.1306326389312744,1.832933783531189,366.8441467285156,-147.20399475097656,0.3132995069026947,5.813382148742676,99699.203125,1.9159252643585205,466.3843994140625,31.779687881469727,-148.86517041658178,-365.30532519649944,0.3121773302555084,0.05038105
14,1,-1.0310371402009475,43.117975539601254,1.1073137521743774,1.844630479812622,-207.86766052246094,320.5368347167969,0.4129216969013214,0.8589551448822021,94856.6796875,1.9165222644805908,394.56884765625,36.735374450683594,316.0118553055043,204.58078269315993,0.41095665097236633,0.032923307
14,1,-1.2962849847852884,43.70666416708538,1.1913114786148071,1.85503351688385,-322.0962219238281,-78.30364990234375,0.20035584270954132,5.278667449951172,76492.734375,1.8348380327224731,326.3022155761719,16.494243621826172,-80.15824855467473,324.13502695701794,0.19978071749210358,0.0014533907
14,1,-1.1273979907272111,33.91014903383427,1.1645119190216064,1.833145022392273,55.84125518798828,339.37628173828125,0.18490320444107056,4.726556301116943,89075.40625,1.8423696756362915,433.2128601074219,32.30739974975586,342.1454984391099,-51.80296137290044,0.1803503781557083,0.16062075
14,1,-1.2268723770705832,38.40818785115465,1.1798332929611206,1.8229397535324097,292.3622131347656,-150.4944610595703,0.4353334605693817,5.281801700592041,93331.734375,1.974804162979126,571.0824584960938,33.87077713012695,-153.57420131114864,-287.277526221355,0.43603387475013733,0.070184454
14,1,-0.8593260679882563,44.221431148412,1.1237788200378418,1.8022311925888062,69.99287414550781,341.103759765625,0.49398937821388245,4.700924873352051,73373.453125,1.8901698589324951,348.3177490234375,48.15580368041992,341.5540498982617,-64.1429749566187,0.49391040205955505,0.010617065
14,1,-0.910009872959089,36.36225384903305,1.0312058925628662,1.8580749034881592,-31.652130126953125,324.990966796875,0.19889256358146667,4.566230297088623,95193.6015625,1.8934992551803589,430.74969482421875,52.99248504638672,323.8889588677298,33.583957652107244,0.2013678103685379,0.26651192
14,1,-1.0428925837082925,46.448787477479044,1.1255099773406982,1.8555078506469727,300.0343933105469,-272.5224304199219,0.49526041746139526,4.933475017547607,96798.4609375,1.9362155199050903,396.4620666503906,35.91764450073242,-274.4991689964677,-294.53483411410883,0.4991742670536041,0.007749844
14,1,-0.8739658887522281,46.98925121087969,1.1365702152252197,1.8443303108215332,-311.9316101074219,-229.15521240234375,0.34717312455177307,0.9905616641044617,79532.21875,1.8797476291656494,324.2743225097656,43.345664978027344,-228.15295819479167,306.1667566977738,0.3476913571357727,0.0030682117
14,1,-1.4428597855020489,42.465895488996225,1.1670254468917847,1.8151955604553223,-372.9388732910156,178.92861938476562,0.44001826643943787,5.274999618530273,93331.734375,1.9441509246826172,455.2569885253906,16.420795440673828,175.5455630944329,377.2722856907858,0.43603387475013733,0.010995874
14,1,-0.9561502975890259,32.37989391109892,1.1903367042541504,1.8161848783493042,-300.6639404296875,-197.940185546875,0.23096561431884766,0.3885806202888489,99456.4921875,1.8753992319107056,523.3630981445312,57.89646530151367,-202.3259619942519,303.29151720702833,0.22308766841888428,0.37080976
14,1,-0.952407948622185,36.180437807942475,1.1616085767745972,1.857334017753601,317.8084411621094,-186.50401306152344,0.21775999665260315,3.504446029663086,79346.875,1.8682843446731567,389.38739013671875,43.44831466674805,-186.74406775737222,-314.2440941394569,0.21925637125968933,0.10888717
14,1,-1.1335305583646915,49.33368078240687,1.1647396087646484,1.877419114112854,-156.896728515625,-284.2719421386719,0.40563222765922546,1.468084454536438,87507.9921875,1.9410561323165894,417.5472717285156,30.702495574951172,-285.33319736524567,156.77416600605667,0.4035801887512207,0.0019304943
14,1,-0.9445649748442023,41.95484179337513,1.108890414237976,1.7980343103408813,-277.9194641113281,-192.73886108398438,0.40838366746902466,3.168210744857788,74374.8984375,1.866947054862976,355.0134582519531,40.334693908691406,-188.41036535648666,279.8105766579782,0.407834529876709,0.021972373
14,1,-1.300161575969424,47.20038492151775,1.1986076831817627,1.9729547500610352,-239.37185668945312,-248.68064880371094,0.36554595828056335,2.952950954437256,90432.4765625,1.9991456270217896,451.81561279296875,22.63589859008789,-246.31424790931257,239.60853206845204,0.3619830012321472,0.006151362
14,1,-1.4703041425941459,41.636065034670395,1.1215620040893555,1.8001821041107178,243.09207153320312,235.21755981445312,0.5020702481269836,4.104110240936279,80567.1875,1.9930458068847656,485.6542053222656,16.444488525390625,236.72015153961988,-238.7637189834869,0.5070343017578125,0.038749784
14,1,-1.1393492177182645,47.69998464266577,1.1721876859664917,1.872946858406067,93.8598861694336,-371.72772216796875,0.33084943890571594,1.8234806060791016,97674.0625,1.9332369565963745,418.2399597167969,30.34414291381836,-369.3440962121539,-96.62471542381549,0.3317803740501404,0.0018248291
14,1,-0.9680574080508101,40.10668238017013,1.1827236413955688,1.7994219064712524,103.64488220214844,403.7687683105469,0.23885829746723175,1.050410509109497,66522.671875,1.8783857822418213,415.59942626953125,44.73181915283203,402.37534573457356,-105.27171006942896,0.2389085292816162,0.008948724
14,1,-1.5063043075525293,35.25196713572255,1.029101014137268,1.8493986129760742,295.1487121582031,202.61915588378906,0.3323349356651306,4.2057785987854,83245.28125,1.9098683595657349,482.9759826660156,15.052836418151855,202.28537494071523,-291.255413424858,0.3281269967556,0.55438477
14,1,-1.1416300078662487,43.8209152516819,1.083038568496704,1.8212467432022095,164.65867614746094,-366.9993896484375,0.28424271941185,2.630352735519409,73481.6484375,1.898719310760498,379.50933837890625,27.38992691040039,-365.003826838118,-164.33642204124735,0.28436797857284546,0.007712284
14,1,-1.0707964341282286,35.259360885460445,1.1460434198379517,1.8430218696594238,-397.3607482910156,49.10627746582031,0.299968957901001,5.4303693771362305,95976.609375,1.9413341283798218,544.9699096679688,46.29937744140625,46.750488871034825,400.0697903378437,0.29756325483322144,0.21380484
14,1,-1.5297339317061986,43.923961034435244,1.1728591918945312,1.8120895624160767,358.1600036621094,-61.846954345703125,0.46187853813171387,2.8491594791412354,80553.2890625,1.993317723274231,472.73663330078125,13.9598970413208,-59.161600116901475,-359.19914170234637,0.4655943512916565,0.008099264
14,1,-1.1567503754234068,48.920102289170295,1.1610689163208008,1.8321759700775146,60.70209884643555,327.23101806640625,0.2918025255203247,5.42530632019043,95976.609375,1.9136184453964233,360.2901306152344,25.113096237182617,327.2222460143489,-56.912770920708276,0.29756325483322144,0.00039188747
14,1,-1.2764900614643084,27.57346489960052,1.1188372373580933,1.8149815797805786,354.17059326171875,-147.4212646484375,0.37612184882164,2.6034600734710693,74456.0625,1.8426835536956787,480.4435729980469,25.418540954589844,-144.95752187469301,-355.58093242821593,0.3752990663051605,0.87382615
14,1,-1.4456563600168026,44.32397239137345,1.1441911458969116,1.8313930034637451,-200.17880249023438,-334.72705078125,0.3426024317741394,5.103016376495361,95547.8203125,1.9059373140335083,379.0533142089844,13.5844087600708,-337.6394784427909,203.59230449946494,0.33993348479270935,0.00393539
14,1,-0.8189441081405683,41.66153395253589,1.066930890083313,1.8717397451400757,180.82894897460938,289.35284423828125,0.3651581406593323,5.908946514129639,81715.1328125,1.9019103050231934,384.8227233886719,58.386959075927734,287.7166310443692,-180.3947598949921,0.3667360544204712,0.054479335
14,1,-1.5635278875569387,30.08043465108582,1.0719525814056396,1.8353992700576782,-301.44012451171875,-161.44432067871094,0.29944467544555664,5.586812496185303,79865.640625,1.9063640832901,525.9716186523438,14.369160652160645,-165.52920161752903,303.82740943873966,0.3067387044429779,0.7954587
14,1,-1.416779135035151,33.87376402245222,1.0876163244247437,1.8962323665618896,35.08858871459961,411.7188415527344,0.27038151025772095,3.655315399169922,94448.53125,1.9098501205444336,461.4465026855469,17.6742000579834,413.07300707262704,-32.019089870331364,0.27099913358688354,0.6220135
14,1,-1.2267287917466738,43.926521469306046,1.1600298881530762,1.8080713748931885,341.2052001953125,217.01878356933594,0.465146541595459,5.0182061195373535,67061.1953125,1.888334035873413,365.094482421875,21.660799026489258,216.15042946769105,-336.94099692580176,0.46787071228027344,0.0069008837
14,1,-0.787181391881109,42.24491847931408,1.1314942836761475,1.8269747495651245,347.7637023925781,-233.0983428955078,0.2723815441131592,5.250422477722168,97305.0625,1.8667337894439697,350.1363830566406,57.155113220214844,-237.34528770905138,-346.54667687870085,0.27298179268836975,0.0063686706
14,1,-0.8706167979010118,47.40498562373518,1.145058274269104,1.8522683382034302,245.3614501953125,266.913818359375,0.2856162488460541,0.8966575860977173,92549.0078125,1.915382981300354,379.1738586425781,51.076454162597656,264.0661473587627,-246.3911708257644,0.2868535816669464,0.0018004528
14,1,-1.1960815669899125,42.62058979473476,1.1725443601608276,1.8726645708084106,-356.07342529296875,-179.73463439941406,0.24426905810832977,5.68915319442749,86618.4765625,1.870783805847168,354.1690979003906,22.548994064331055,-181.59736206676604,356.87631997638414,0.2460254281759262,0.004833133
14,1,-0.8090402189623206,46.093311198666925,1.146018147468567,1.8307979106903076,85.6424560546875,402.9786071777344,0.3691430687904358,5.913406848907471,81715.1328125,1.8880466222763062,368.8116760253906,57.248443603515625,401.26835816234734,-83.51023831120511,0.3667360544204712,0.0020157173
14,1,-0.686939273542229,38.556782098972384,1.0212799310684204,1.905813455581665,17.60664176940918,346.0595397949219,0.5232314467430115,1.6718848943710327,94846.1015625,2.0065314769744873,539.2089233398438,110.87085723876953,346.5906374022256,-21.51385512846031,0.523607075214386,0.63943654
14,1,-1.079390748349239,46.151741172251846,1.192999005317688,1.804417371749878,250.63511657714844,234.76597595214844,0.33133137226104736,1.6912676095962524,97496.3515625,1.8976904153823853,365.2182312011719,30.420074462890625,235.98991080182995,-250.2748689644553,0.3358900547027588,0.0011460001
14,1,-1.3675847269180972,36.65294800409493,1.045487403869629,1.8791850805282593,-327.07000732421875,-30.514854431152344,0.3872828483581543,0.10316167026758194,98886.140625,1.9896918535232544,578.6487426757812,24.821529388427734,-34.12410513779379,326.19709565820517,0.38482749462127686,0.5958653
14,1,-1.1825422620272672,47.274068405407476,1.1070700883865356,1.82468581199646,-382.0444641113281,36.51091766357422,0.3977018892765045,1.1627954244613647,86194.2890625,1.9202933311462402,372.7034912109375,24.480451583862305,34.35649211507501,380.78547981907684,0.40006014704704285,0.003955862
14,1,-1.2071749511946006,41.532330906180874,1.1650539636611938,1.8233240842819214,-102.83685302734375,331.67706298828125,0.21462194621562958,2.268882989883423,77477.015625,1.84144127368927,351.2511901855469,21.79921531677246,332.2656384716517,103.52247136482934,0.21565166115760803,0.0054972065
14,1,-0.9095393352428407,44.293413180349035,1.1109015941619873,1.8006106615066528,-33.496551513671875,-387.98651123046875,0.47771117091178894,1.237479567527771,77467.8203125,1.9061123132705688,391.2874755859375,48.18986511230469,-389.88154077517476,32.81349421663165,0.48684462904930115,0.01607453
14,1,-1.179538878031263,44.239352818629364,1.1793078184127808,1.8525753021240234,-136.6598358154297,372.1746826171875,0.26953279972076416,3.3022067546844482,87657.6875,1.8452491760253906,334.3856506347656,22.116010665893555,374.9151413806725,143.15481344470157,0.26873886585235596,0.0027350374
14,1,-1.3362838842568119,43.76392550884034,1.1357442140579224,1.8653043508529663,-121.56493377685547,-339.08111572265625,0.31258952617645264,4.043585300445557,92880.3203125,1.9095075130462646,394.0593566894531,18.166671752929688,-338.7352584901066,124.96568854236448,0.3166365921497345,0.007974748
14,1,-0.9136718869870919,29.366146725227928,1.1763842105865479,1.8596177101135254,-103.159912109375,403.94720458984375,0.25050273537635803,4.597592830657959,87225.6796875,1.919999122619629,594.5068969726562,72.52444458007812,402.56715065821396,107.37813186979356,0.24875099956989288,0.73700583
14,1,-1.143902300672344,38.4544901679596,1.0312472581863403,1.8072706460952759,-28.048301696777344,-394.199951171875,0.3086682856082916,5.416758060455322,96658.8671875,1.8810631036758423,407.23297119140625,29.2374267578125,-395.7119380872675,30.907286432596052,0.3201855719089508,0.11253477
14,1,-1.16954289599341,46.32427280533228,1.0519047975540161,1.802384376525879,-244.8397216796875,231.69790649414062,0.4444589912891388,5.265761852264404,97453.3125,1.962265968322754,405.4654846191406,27.441598892211914,230.2660879921548,249.25235946122055,0.4429265260696411,0.006244641
14,1,-0.7927193970767554,46.03590102795517,1.1896942853927612,1.897996187210083,323.10040283203125,-239.5301513671875,0.19907547533512115,3.4701108932495117,99915.3515625,1.923848032951355,412.764892578125,66.52466583251953,-237.69269571645904,-321.9403854407484,0.2049216330051422,0.0012825021
14,1,-0.9727803792801127,38.54895961073929,1.1223747730255127,1.835193157196045,361.5465393066406,147.64349365234375,0.4253242015838623,5.32988166809082,97096.3203125,1.9597151279449463,488.0573425292969,51.96245193481445,144.69770176610464,-358.40341614048845,0.425319641828537,0.1265346
14,1,-1.186731443455321,37.26104707453367,1.1379553079605103,1.8630132675170898,292.10858154296875,150.48150634765625,0.32235121726989746,0.5185425877571106,88834.421875,1.9000804424285889,419.9491271972656,27.318927764892578,147.3079330055561,-293.939955123943,0.32060471177101135,0.22165768
14,1,-1.062328722903254,41.2337303549197,1.109068751335144,1.8353859186172485,-291.2861022949219,-260.1874694824219,0.3332705497741699,0.27653178572654724,99838.078125,1.8670496940612793,358.7857360839844,31.08172035217285,-262.60918568090074,290.66952587029,0.3338426947593689,0.042823337
14,1,-1.2023891992108449,37.5689428196853,1.1388778686523438,1.8005566596984863,-253.74282836914062,311.56982421875,0.4128051698207855,0.2656214237213135,70464.8515625,1.8802120685577393,453.53753662109375,28.45918846130371,309.4977466624884,254.0884479652595,0.41175052523612976,0.17176074
14,1,-1.0284065225208399,42.54831222830373,1.1620229482650757,1.8379610776901245,-295.9825134277344,-288.67449951171875,0.3006024658679962,1.4582855701446533,79085.3203125,1.8671208620071411,374.772705078125,35.10429000854492,-287.64939622168697,292.8728038745764,0.30012983083724976,0.009270842
14,1,-0.9128003855862818,45.118845925438656,1.1701515913009644,1.8151906728744507,384.0713195800781,-100.50425720214844,0.2869111895561218,1.7166967391967773,88446.15625,1.8567918539047241,328.4525146484375,40.14866638183594,-103.42969588369132,-384.26400473879715,0.28827372193336487,0.0018476273
14,1,-0.7116086479185165,47.75734978471777,1.179652452468872,1.8458596467971802,227.09671020507812,-337.4992370605469,0.2438250184059143,2.533769369125366,97758.5390625,1.8641115427017212,340.36761474609375,66.12092590332031,-335.83317918913826,-226.31710775262763,0.247545063495636,0.00060938625
14,1,-1.222615148985162,40.34320977373061,0.9794102311134338,1.8177727460861206,56.823448181152344,-351.2197265625,0.4107343256473541,0.2625153362751007,70464.8515625,1.8593957424163818,380.507080078125,22.790071487426758,-354.78793035622743,-52.70277871411739,0.41175052523612976,0.2502256
14,1,-0.7461638744634616,47.91595716980389,1.1762890815734863,1.8539823293685913,204.10777282714844,359.98870849609375,0.1780705749988556,4.475887298583984,87056.6484375,1.9099708795547485,375.564208984375,67.37824249267578,358.4067185063898,-202.68682430975798,0.1782030612230301,0.00032976645
14,1,-0.8420452566001568,49.45586521981769,1.1336864233016968,1.828455924987793,22.628650665283203,-336.04449462890625,0.48709771037101746,0.5823054909706116,87370.53125,1.9351871013641357,397.5080871582031,57.187347412109375,-337.25081503615684,-23.227965899814453,0.4901561737060547,0.0026800078
14,1,-1.6886438386678826,39.784681454236654,1.114568829536438,1.8843661546707153,48.917213439941406,-389.2608337402344,0.2529548108577728,0.09590855985879898,66519.453125,1.871000051498413,403.1594543457031,8.25710391998291,-389.6352372414874,-48.15884710194779,0.25685834884643555,0.08561887
14,1,-0.9960377206898872,43.334508206875945,1.1372268199920654,1.8443303108215332,357.8230895996094,38.78882598876953,0.34709933400154114,3.123371124267578,88861.453125,1.8779245615005493,360.6411437988281,36.39455032348633,41.837815976407605,-357.32817380048874,0.3479366898536682,0.010303067
14,1,-1.0231560929924388,45.406716402766094,1.196712613105774,1.8403451442718506,266.09588623046875,208.08187866210938,0.25670325756073,2.7960360050201416,78313.7421875,1.8809497356414795,372.658447265625,35.330814361572266,208.1854784059517,-267.08351845900455,0.2564595341682434,0.0011786204
14,1,-0.7019888272674533,34.408453272013695,0.9828962683677673,1.8238600492477417,-291.2434387207031,-174.42576599121094,0.24875010550022125,1.3083337545394897,75896.0390625,1.8593289852142334,441.8383483886719,87.75544738769531,-172.54698266493187,293.6267878398422,0.25471100211143494,0.6308686
14,1,-1.1036873051600118,36.247743851983934,1.1522610187530518,1.8305232524871826,-346.5389099121094,48.63005447387695,0.4483720362186432,2.9076993465423584,85244.96875,1.8564560413360596,419.4455261230469,33.03596115112305,52.42072750116658,347.58787725057584,0.44826146960258484,0.31835994
14,1,-1.2892547567728265,46.42951172215843,1.1998412609100342,1.850007176399231,-218.2014923095703,286.65057373046875,0.25219374895095825,1.4123079776763916,82633.0859375,1.884330153465271,360.1446838378906,18.502052307128906,287.1281838671284,216.41449374131116,0.2515140175819397,0.0010500137
14,1,-0.9160688849155706,38.76168416605065,1.1949480772018433,1.8314557075500488,-403.20672607421875,1.939133644104004,0.36879733204841614,0.552657425403595,88079.140625,1.8698265552520752,370.1530456542969,44.906734466552734,-3.3450693913026033,402.0943065761764,0.3662317991256714,0.062331192
14,1,-1.1502627140808968,37.42671813017364,1.0296710729599,1.8022485971450806,-19.215415954589844,329.80255126953125,0.17565089464187622,6.187270164489746,76354.875,1.7964973449707031,355.48291015625,25.150943756103516,327.4926457172218,18.67857723933327,0.1741153597831726,0.06629163
14,1,-1.4138204356856856,42.4153205416116,1.16488516330719,1.8117629289627075,-364.542724609375,-66.1938247680664,0.4065586030483246,2.2847414016723633,72009.171875,1.873940348625183,378.2968444824219,14.588455200195312,-65.05710483071906,361.9878923468441,0.40439990162849426,0.012644843
14,1,-1.025435280809698,41.86295719041577,1.1321781873703003,1.8400225639343262,253.90631103515625,-245.69337463378906,0.18021157383918762,3.5739173889160156,96722.703125,1.9167277812957764,380.9772644042969,35.930442810058594,-244.69661056818725,-251.41564569800764,0.163786381483078,0.005661379
14,1,-1.2250599292805022,38.712606621221596,1.027057409286499,1.8094284534454346,47.16398620605469,378.1372375488281,0.35959649085998535,1.1325732469558716,99139.2421875,1.9415758848190308,468.0721740722656,27.87734031677246,376.29581058004334,-50.84088298943512,0.360224187374115,0.21453264
14,1,-1.0062839309306415,32.86592864074165,1.1726466417312622,1.8386547565460205,-36.883758544921875,-402.45611572265625,0.2449280023574829,5.631789684295654,80821.96875,1.8434484004974365,454.8268737792969,44.8292236328125,-402.5947020977385,40.94456277336257,0.24737487733364105,0.30615252
14,1,-1.3579610191947478,45.13611669066089,1.1562416553497314,1.8024786710739136,335.4219665527344,63.08295822143555,0.29409879446029663,2.7896971702575684,76159.3984375,1.8481210470199585,326.6769714355469,14.326973915100098,66.91412220612207,-335.8176160962571,0.29698872566223145,0.0016199327
14,1,-1.2091302818388328,45.29697255939676,1.1113934516906738,1.7974458932876587,-397.1986083984375,129.55972290039062,0.36765581369400024,4.963390827178955,81983.125,1.8401515483856201,343.33380126953125,21.212127685546875,125.90995729717498,398.44082868793305,0.3654225170612335,0.0029106846
14,1,-1.716639083896734,34.192434524419916,1.1905276775360107,1.8814889192581177,-348.7621765136719,65.65370178222656,0.24233271181583405,4.977050304412842,87212.0078125,1.9498577117919922,569.5382690429688,10.936537742614746,63.85099285096533,350.35931960660963,0.24574580788612366,0.2540165
14,1,-1.4632950210260947,42.93604106475433,1.0640227794647217,1.9044846296310425,-200.8545684814453,264.8088684082031,0.3648853302001953,4.994504928588867,95303.421875,1.963189721107483,480.9187927246094,16.549089431762695,262.4859074646089,203.44916048940357,0.36212992668151855,0.052048244
14,1,-1.303447688266421,37.19478917188733,1.1848183870315552,1.8714309930801392,363.6490478515625,-3.9234559535980225,0.3250095844268799,3.414506435394287,92535.6484375,1.9858438968658447,574.9794921875,28.589275360107422,-1.5265081678317154,-361.7022436075253,0.32442376017570496,0.12734537
14,1,-1.1474673627277587,43.25133628231209,1.063623309135437,1.8582414388656616,-252.43052673339844,-249.8369598388672,0.492472767829895,4.710821628570557,68790.9609375,1.9982670545578003,462.68609619140625,32.9471435546875,-250.85036041965773,258.68877441638995,0.48622918128967285,0.06047261
14,1,-1.2247968430303633,38.96521458481808,1.1651999950408936,1.8675479888916016,328.6539306640625,-12.748505592346191,0.44670528173446655,2.9791197776794434,77906.265625,1.8667831420898438,446.7754211425781,26.625072479248047,-9.690530593109642,-327.6033441114899,0.4478840231895447,0.14577207
14,1,-1.2168613082856308,44.27690803534583,1.1714754104614258,1.8910646438598633,375.7904357910156,-84.58718872070312,0.4854097068309784,5.213532447814941,94348.234375,2.007427453994751,476.4715270996094,28.918392181396484,-85.4444771801135,-373.05513819401375,0.4889126121997833,0.01722925
14,1,-1.2432855945154833,42.389649318492275,1.075142741203308,2.003575325012207,337.4948425292969,-173.67263793945312,0.34637558460235596,5.228506088256836,93099.59375,1.9993590116500854,486.7641906738281,27.79914665222168,-176.6593175413826,-334.0297982387878,0.346019446849823,0.1527668
14,1,-1.3138860586043752,46.2322545335573,1.1877601146697998,1.898378849029541,86.54297637939453,-381.434814453125,0.2577029764652252,3.098221778869629,70641.1875,1.9032618999481201,365.7286682128906,17.752948760986328,-378.27473525077045,-86.78744338892926,0.2666286528110504,0.0019130108
14,1,-1.0335073289772603,46.174087007100574,1.0496257543563843,1.8123154640197754,276.4585266113281,239.01026916503906,0.5036916732788086,3.2133519649505615,87325.3984375,1.9370051622390747,393.5240173339844,36.4302978515625,242.58739386875237,-273.5442809453484,0.5036176443099976,0.014480876
14,1,-1.5348853211442053,40.3158654914325,1.1465237140655518,1.903283715248108,75.72526550292969,389.4139404296875,0.24958980083465576,4.97278356552124,87212.0078125,1.9325990676879883,455.5289611816406,13.293134689331055,388.6198673837139,-73.26602333424368,0.24574580788612366,0.033174522
14,1,-0.6897173794567611,34.82677251212269,1.1057475805282593,1.8029448986053467,375.7900085449219,185.54098510742188,0.17895101010799408,0.38135209679603577,97873.015625,1.8557219505310059,400.6570739746094,81.85682678222656,184.86274208799625,-377.04443926355,0.17881914973258972,0.20069444
14,1,-0.9931885021496787,46.88491865773978,1.1269481182098389,1.85503351688385,-8.230236053466797,-376.17279052734375,0.19691164791584015,0.45102518796920776,85614.6484375,1.8394149541854858,318.8736877441406,32.391334533691406,-379.25543838225525,10.481781340788821,0.19948048889636993,0.0016533385
14,1,-1.3667983212570043,36.18700026819332,1.163834571838379,1.9103457927703857,-58.9880256652832,382.2265625,0.3659142851829529,1.487935185432434,76684.96875,1.9363914728164673,507.84271240234375,21.823726654052734,381.58553210706725,56.110475024028155,0.36480408906936646,0.42477795
14,1,-1.032771411500506,35.35662278943706,1.074819564819336,1.8539823293685913,-361.5494689941406,1.3145649433135986,0.17654170095920563,0.3747134804725647,97873.015625,1.907910704612732,458.3310241699219,42.50175094604492,0.849546264013105,362.0805444689752,0.17881914973258972,0.331726
14,1,-1.3866593369436382,45.00009625564193,1.1852308511734009,1.8815606832504272,-229.42138671875,-325.2713928222656,0.44678422808647156,4.645545482635498,64355.71875,1.900268793106079,338.50311279296875,13.896332740783691,-326.39946468974557,234.17211180216037,0.45277419686317444,0.007872128
14,1,-1.4435747381437158,33.94159302286597,1.1866161823272705,1.8666797876358032,-247.656494140625,244.22586059570312,0.3657778799533844,1.457550287246704,76684.96875,1.9273096323013306,525.6013793945312,18.926898956298828,242.23966368776638,246.28177438038185,0.36480408906936646,0.50586563
14,1,-1.5155696345738492,33.27082665079476,1.1355259418487549,1.8613576889038086,-351.4620361328125,184.8887176513672,0.23551830649375916,1.1302279233932495,71763.25,1.8620591163635254,414.36334228515625,12.641780853271484,182.4235128612445,349.3614209240401,0.23591528832912445,0.5127999
14,1,-1.145407154266767,31.063928300978958,1.179303526878357,1.8082455396652222,328.4875183105469,78.26272583007812,0.4452665448188782,4.999035835266113,89923.484375,1.9313627481460571,594.0204467773438,42.50041961669922,74.84748450291707,-323.8585862544075,0.4475087821483612,0.67841655
14,1,-0.764168575070789,46.57028416866225,1.1472569704055786,1.9407814741134644,-367.3536376953125,10.442763328552246,0.23578311502933502,2.674055814743042,96623.265625,1.933932900428772,406.6606140136719,69.99433898925781,9.6271644107856,367.4628617475047,0.2309403419494629,0.004013923
14,1,-1.2049608038450015,44.37483616879498,1.1822453737258911,1.8193562030792236,246.4883575439453,-321.00775146484375,0.3214895725250244,5.262481689453125,77211.2734375,1.8494961261749268,330.2103271484375,20.598127365112305,-323.91190827901437,-244.61637592471814,0.3226885497570038,0.0018100938
14,1,-1.1130916076706252,39.76566015204212,1.1979259252548218,1.8149815797805786,-296.5830993652344,-128.7013397216797,0.3765484392642975,1.764215350151062,85141.8828125,1.8432666063308716,411.77313232421875,31.7369384765625,-129.16153018736296,292.2954111863608,0.3787449896335602,0.027217066
14,1,-1.0402700906311877,32.370204294931995,1.160404920578003,1.8305232524871826,-378.9309387207031,-128.09707641601562,0.4483281373977661,5.001707077026367,89923.484375,1.8526692390441895,459.0146789550781,41.836509704589844,-131.72551274551952,384.01768353864196,0.4475087821483612,0.6476677
14,1,-1.343113788195552,35.97652346968679,1.1523993015289307,1.8493986129760742,-34.093528747558594,318.49713134765625,0.3344403803348541,3.2027697563171387,69475.140625,1.9038180112838745,470.66619873046875,21.359800338745117,320.7174696683892,35.217008697060415,0.3270813822746277,0.24023949
14,1,-1.017657533776054,49.5047265527351,1.1683533191680908,1.9356753826141357,249.84739685058594,-319.8861999511719,0.3893515467643738,0.980901837348938,91666.03125,1.998509407043457,457.3895568847656,43.916500091552734,-323.57426819827907,-253.08010776088693,0.3897694945335388,0.003349554
14,1,-0.980432113773493,45.10967611753185,1.141031265258789,1.809001088142395,-31.93854331970215,356.2222595214844,0.17894792556762695,0.9300746917724609,98101.5625,1.8926366567611694,375.3076171875,39.26034927368164,355.52665334635594,30.78634866105614,0.1818191260099411,0.001278649
14,1,-0.9037044340611148,39.49539090515772,1.0989817380905151,1.882219672203064,322.1513366699219,-261.7326965332031,0.2678089737892151,2.8497729301452637,89205.2890625,1.8697689771652222,376.0967712402344,46.94552993774414,-259.029154509907,-320.3832913509265,0.26851511001586914,0.08959223
14,1,-1.3046690908534355,32.46401642840119,1.1068795919418335,1.8413944244384766,289.731689453125,208.5231170654297,0.2628075182437897,0.08571596443653107,80126.3359375,1.841416597366333,491.8658752441406,24.38797950744629,205.2822784291314,-289.7274112305748,0.26069438457489014,0.65611833
14,1,-1.3171677480093547,42.724134327947404,1.1808892488479614,2.0263500213623047,245.54013061523438,255.42129516601562,0.265155553817749,2.833839178085327,89205.2890625,2.018108367919922,530.079833984375,25.5371150970459,259.720841816945,-244.79642807224567,0.26851511001586914,0.051287264
14,1,-0.7856784160801074,43.41502263362,1.109032392501831,1.8014417886734009,-238.3483123779297,-234.80194091796875,0.30661866068840027,3.0203404426574707,81330.90625,1.850098729133606,343.3441162109375,56.24066162109375,-232.75842279311925,237.6159905981479,0.30510589480400085,0.0058806976
14,1,-0.9806366631117168,37.71735991886176,1.132370948791504,1.798692226409912,390.9635009765625,0.590905487537384,0.4179408848285675,3.523113965988159,77110.0703125,1.868053913116455,386.2276916503906,40.38365936279297,2.142948378336715,-389.0659756794823,0.41481053829193115,0.12641908
14,1,-1.2012443203263983,30.26607669025302,1.1659114360809326,1.810567855834961,-352.1095275878906,218.88424682617188,0.4127253293991089,4.346116542816162,68164.3125,1.837076187133789,462.0588073730469,29.0704288482666,218.6455768167478,356.141587355831,0.41211920976638794,0.7426399
14,1,-1.0825475961877822,43.656613149374856,1.1437876224517822,1.8557838201522827,-81.66079711914062,336.71832275390625,0.40588071942329407,4.0140814781188965,77987.7421875,1.869884729385376,340.812255859375,28.18162727355957,338.8433886269756,86.0590222888629,0.4056585729122162,0.012986861
14,1,-1.2475436774968431,34.32956785846939,1.1433265209197998,1.8221956491470337,-137.4658660888672,-355.9744873046875,0.32162797451019287,2.9804775714874268,81573.2890625,1.8628971576690674,400.22344970703125,22.633771896362305,-352.2157782958319,137.164885148033,0.32281574606895447,0.34680867
14,1,-1.3930044423729757,35.97306939175843,0.9435173869132996,1.8033943176269531,211.59658813476562,305.53948974609375,0.40105390548706055,6.039737224578857,98241.0390625,1.9132025241851807,465.0635070800781,18.81505584716797,301.4244887733086,-210.2529932298465,0.4043485224246979,0.5777179
14,1,-0.9018887310166359,45.23354040411709,1.1792423725128174,1.7970763444900513,-150.59295654296875,-301.3418884277344,0.3066813051700592,1.5796570777893066,91730.421875,1.8415416479110718,357.6978454589844,44.835975646972656,-301.6296746619358,148.8571765247554,0.30896735191345215,0.0014835537
14,1,-1.7154062257673328,36.0486835930676,1.1455068588256836,1.8157330751419067,-293.4136962890625,-204.55548095703125,0.39616459608078003,2.7084531784057617,98580.203125,1.87196683883667,446.3874816894531,8.596085548400879,-202.43412572533842,292.92032281081333,0.39835891127586365,0.25418085
14,1,-1.6179646070734552,43.84286856865031,1.124108076095581,1.9044846296310425,-240.10748291015625,284.5718994140625,0.36693477630615234,5.485228061676025,77606.0703125,1.958611011505127,448.9718017578125,10.820577621459961,282.6947127736598,242.86980884324083,0.3652747869491577,0.017858235
14,1,-1.2295215737051415,41.81610722648835,1.1915690898895264,1.9224121570587158,-284.13970947265625,-291.63092041015625,0.2544797658920288,2.447462797164917,98338.1640625,1.9576088190078735,483.7762756347656,28.518157958984375,-290.2327903183888,282.06203529553005,0.2551659047603607,0.01803538
14,1,-1.0528641608985079,41.88997322765719,1.1114989519119263,1.8815606832504272,-372.1777038574219,119.15143585205078,0.4477136731147766,0.8451558351516724,91814.1875,1.9126439094543457,373.37896728515625,33.05859375,116.27495475534491,368.9770472572582,0.448845773935318,0.10147503
14,1,-1.0733867065404599,44.33754948426453,1.0869605541229248,1.8310861587524414,164.0194854736328,-293.966064453125,0.3083137273788452,3.490114212036133,95978.96875,1.8706609010696411,380.9482421875,32.17198944091797,-293.87991687835034,-162.32627889442176,0.31013238430023193,0.0070708385
14,1,-1.394522343138466,37.01736019848348,1.1167529821395874,1.9197736978530884,282.43609619140625,-289.10833740234375,0.18516194820404053,0.5998428463935852,98016.0859375,1.9356374740600586,469.0735168457031,18.91107749938965,-292.0306458841283,-283.4503083127441,0.18582645058631897,0.24770983
14,1,-1.0689729984409952,40.5543492966272,1.0935248136520386,1.823052167892456,-332.06060791015625,103.96289825439453,0.21338696777820587,6.199188709259033,80639.5,1.871602177619934,380.3302917480469,32.447898864746094,98.48376586649105,330.8486871233527,0.21219994127750397,0.0119704
14,1,-1.1183765358058277,42.420267132866186,1.1878070831298828,1.8121837377548218,295.78131103515625,261.9242858886719,0.4411308169364929,3.3680920600891113,93917.4453125,1.9334971904754639,430.6611633300781,32.79124069213867,264.82555933194664,-294.32508052690736,0.4436730742454529,0.010847932
14,1,-1.1833498384192942,44.99279524304721,1.122796654701233,1.8737324476242065,241.605712890625,255.1466064453125,0.27134737372398376,1.586287498474121,97219.625,1.9670466184616089,443.1182556152344,29.051483154296875,252.49459839328762,-236.65894770742264,0.2728131115436554,0.0063230833
14,1,-1.0314915909536606,45.9811921662278,1.1808114051818848,1.8890963792800903,90.13436126708984,-334.2414245605469,0.2003173530101776,6.187437534332275,98549.5390625,1.9197362661361694,398.91790771484375,37.1014404296875,-336.3691446648367,-87.04527756585773,0.2057752162218094,0.00093386095
14,1,-1.1351912230196728,42.73469369085673,1.1818629503250122,1.914305567741394,-345.7227478027344,19.338123321533203,0.44672098755836487,4.010900497436523,87538.4453125,1.9683856964111328,462.80926513671875,33.9007682800293,22.598974420714292,350.04752603350386,0.4458768665790558,0.036437158
14,1,-1.2756817877823383,44.37529916927766,1.1789435148239136,1.831383228302002,-311.9752197265625,-144.2430419921875,0.2632492780685425,0.9455283880233765,80397.5703125,1.8757071495056152,379.2142333984375,20.1002140045166,-145.80568424829636,311.7938342425231,0.2624562978744507,0.0026813298
14,1,-1.205266780773175,39.41038342755251,1.056963324546814,1.811539888381958,345.8124084472656,141.66650390625,0.4558625817298889,5.232046604156494,79254.4375,1.9644635915756226,460.700927734375,28.717775344848633,139.0531883768236,-341.7066055549266,0.4571560025215149,0.14873567
14,1,-1.1281788166693336,42.46228273352562,1.0177817344665527,1.806922435760498,-319.70281982421875,250.4872283935547,0.2888130247592926,3.978148937225342,79128.5703125,1.8125135898590088,341.33343505859375,25.40962791442871,251.76192845132218,320.6950552706756,0.29022252559661865,0.020925941
14,1,-1.025903635240425,44.577477062210534,1.1737864017486572,1.817497730255127,-68.30241394042969,-407.32806396484375,0.35815364122390747,5.027841091156006,97201.34375,1.9275237321853638,396.62176513671875,37.36558151245117,-407.08026632549894,71.2589119911805,0.3572694659233093,0.0023796456
14,1,-1.0840369791478432,36.34056921887951,1.1978681087493896,1.8216472864151,-20.263010025024414,417.2395324707031,0.31229522824287415,4.879959583282471,97177.25,1.8461226224899292,407.8506164550781,33.609561920166016,414.2743572376986,24.20819216422381,0.31138768792152405,0.06928291
14,1,-1.4253097401035526,25.702177945913153,1.1710212230682373,1.9221618175506592,-374.1831970214844,137.38877868652344,0.26059186458587646,0.38050371408462524,99578.171875,1.9645074605941772,785.29931640625,29.493343353271484,136.01808467208548,373.10850478653214,0.26298901438713074,0.90411043
14,1,-1.2692389382156728,29.947455945303812,1.1715686321258545,1.8976929187774658,237.254150390625,220.1186981201172,0.3949873149394989,0.14570292830467224,96088.6953125,1.98883855342865,705.4286499023438,37.95010757446289,216.98429201114797,-237.77654990160423,0.3945883512496948,0.85396165
14,1,-1.3865077686045122,31.059554946892295,1.1064343452453613,1.8313930034637451,-174.9014892578125,297.73248291015625,0.34468886256217957,4.00095272064209,90715.84375,1.9039145708084106,519.5219116210938,21.33506965637207,298.86330169963776,177.96491553337722,0.34199243783950806,0.75415224
14,1,-0.9812608859135392,49.526303142319506,1.1735328435897827,1.9906307458877563,216.12098693847656,251.194091796875,0.262408047914505,0.38298913836479187,99578.171875,1.9979207515716553,456.53570556640625,47.666465759277344,248.62926243041989,-216.70613438088884,0.26298901438713074,0.002988855
14,1,-1.4086409408845642,38.705314478210305,1.18799889087677,1.817389726638794,-337.3534240722656,234.82933044433594,0.43269312381744385,5.919436931610107,73928.359375,1.9335699081420898,473.626708984375,18.483869552612305,230.07007402904728,338.5044328243898,0.430069237947464,0.047193762
14,1,-1.0068087308295928,35.38006655197087,1.1968610286712646,1.8149815797805786,25.794811248779297,418.10107421875,0.3759599030017853,4.742373943328857,81188.7421875,1.8383979797363281,411.7204284667969,40.531494140625,416.6413032751509,-23.023902967372432,0.3757082521915436,0.15680008
14,1,-1.0338773831651622,48.14973402227017,1.1980419158935547,1.8233240842819214,-131.98167419433594,-386.27081298828125,0.21396777033805847,6.128283977508545,90205.640625,1.841273307800293,315.25213623046875,29.159439086914062,-389.32067725653536,128.7201115010487,0.21800528466701508,0.00017720969
14,1,-1.3596162533400047,44.06739772745395,1.1555421352386475,1.8852709531784058,-305.9993591308594,146.8936004638672,0.27828508615493774,0.2601660490036011,83543.328125,1.9079890251159668,396.14141845703125,17.30738639831543,144.4850677366475,305.7436358901426,0.2802658677101135,0.009722147
14,1,-1.36947113152442,46.02205147412883,1.152917742729187,1.9016194343566895,373.7209167480469,-35.7568473815918,0.32056236267089844,2.592214345932007,86177.4296875,1.9385554790496826,390.5096740722656,16.67854118347168,-32.81064569971156,-374.6991205470206,0.3159463405609131,0.005146958
14,1,-1.2075019810940892,45.25890161149555,1.12233567237854,1.864592432975769,-266.7212829589844,-316.004150390625,0.3735371530056,3.237262487411499,98737.0078125,1.9654285907745361,431.7200927734375,26.773099899291992,-315.11065554036594,266.79855322363636,0.37506309151649475,0.008062671
14,1,-1.3886962351599086,43.59614639538077,1.0823315382003784,1.8402897119522095,335.2663269042969,21.495407104492188,0.2782253623008728,0.2629036009311676,83543.328125,1.895330786705017,395.4302978515625,16.15738296508789,17.96803537329597,-334.2797580857739,0.2802658677101135,0.014718286
14,1,-1.277128043783551,25.823543334224887,1.1696138381958008,1.9277313947677612,-193.52980041503906,-356.38995361328125,0.44745856523513794,4.179769515991211,87097.84375,1.9841325283050537,747.9640502929688,39.51405334472656,-355.1100963457716,197.29040220911088,0.4469135105609894,0.90422964
14,1,-1.323560507605356,34.561607317950234,1.075129747390747,1.8121837377548218,272.5628356933594,306.821533203125,0.4417060613632202,4.176506996154785,87097.84375,1.9361096620559692,458.36224365234375,21.759370803833008,308.0221621313315,-266.87791826265715,0.4469135105609894,0.57741374
14,1,-1.4452184405077946,32.271488831326494,1.1740485429763794,1.9018255472183228,-76.28878784179688,-332.253662109375,0.4775059223175049,3.120152235031128,81924.0859375,1.9987441301345825,637.9594116210938,22.88614845275879,-327.9844344119933,77.06094969181775,0.4754875600337982,0.78962076
14,1,-1.520220071431707,39.142996848874326,1.1648019552230835,1.8802109956741333,114.440185546875,-381.5290222167969,0.27787694334983826,0.2760432958602905,83543.328125,1.92215096950531,462.8522644042969,13.970733642578125,-382.96393193507214,-114.92698330936543,0.2802658677101135,0.07502282
14,1,-1.462542780623009,36.42875138248396,1.0117218494415283,1.905593991279602,26.45779800415039,390.7334899902344,0.44815680384635925,4.173243999481201,87097.84375,1.956007957458496,518.1110229492188,17.85984230041504,392.5846124781482,-22.58301237454912,0.4469135105609894,0.7083217
14,1,-0.8171901477938772,44.66164110300543,1.1201454401016235,1.8237172365188599,220.4525146484375,-253.2225799560547,0.3666682839393616,6.035267353057861,92986.4375,1.840006947517395,333.3766174316406,50.786014556884766,-258.9859995580272,-220.47065253175577,0.36976751685142517,0.0042806487
14,1,-1.376978213772936,41.410250402303554,1.1462386846542358,1.9024075269699097,-393.3955383300781,-110.40428161621094,0.38910678029060364,5.842849254608154,86460.015625,1.9958412647247314,481.2709045410156,20.20269203186035,-113.37568479767911,393.757913737448,0.38682419061660767,0.046341293
14,1,-1.2636323095155346,42.26199398560228,1.183236002922058,1.866395354270935,-161.0398406982422,-295.6368103027344,0.20331238210201263,6.025918006896973,95220.1640625,1.9635099172592163,438.1999816894531,23.88021469116211,-302.12026585001064,164.9974272776735,0.2031385898590088,0.0032643809
14,1,-1.280960921828188,45.79010102506842,1.181687831878662,1.8527214527130127,224.62156677246094,252.51771545410156,0.3074791133403778,4.610754489898682,96743.3984375,1.9438695907592773,421.0429382324219,22.047710418701172,252.11392121990957,-220.40200446069312,0.30816930532455444,0.0015585775
14,1,-1.2225579653492695,41.0874646688174,1.1433765888214111,1.8188605308532715,-209.11245727539062,-350.5595397949219,0.38600099086761475,5.833322525024414,86460.015625,1.938698649406433,416.9891662597656,24.978425979614258,-353.81782656942005,210.5867124610576,0.38682419061660767,0.018310335
14,1,-1.479717027691189,43.0961005716114,1.0451335906982422,1.9382257461547852,-367.0315856933594,-187.9959259033203,0.459133118391037,1.0201187133789062,91298.3125,2.019643783569336,502.904541015625,16.663488388061523,-190.54520971782034,363.27607097052186,0.4611716568470001,0.2000932
14,1,-1.1285660549875611,36.71196717379028,1.1961252689361572,1.8309221267700195,-286.3403015136719,225.89988708496094,0.36609452962875366,3.20257830619812,92447.640625,1.8621467351913452,420.87164306640625,31.302730560302734,229.75359549408134,288.4859841693568,0.3641270697116852,0.11577478
14,1,-0.8764512491604701,43.647233260891454,1.0831727981567383,1.7970763444900513,-407.016845703125,-46.071163177490234,0.30572810769081116,4.855502605438232,84318.15625,1.840739369392395,337.69451904296875,44.8819580078125,-46.0568035887522,410.53295121691275,0.30618494749069214,0.0052475184
14,1,-1.0835193021018,48.49235647281207,1.1111472845077515,1.8609719276428223,267.8540344238281,-212.9835205078125,0.5169810056686401,3.1914172172546387,94659.71875,2.013731002807617,453.5060119628906,37.41645050048828,-206.13256419932307,-268.6639922059844,0.5212705731391907,0.0059422525
14,1,-1.1732512840950844,40.874133240770014,1.1022746562957764,1.8525753021240234,325.4464111328125,55.200889587402344,0.2657334506511688,1.1392735242843628,86544.5546875,1.8504021167755127,347.0010681152344,23.285076141357422,53.90233647658346,-329.2194792725529,0.26544901728630066,0.038386714
14,1,-0.6731047671674052,46.933030815417595,1.1443434953689575,1.7970763444900513,125.71299743652344,-300.15728759765625,0.3060652017593384,0.3115166425704956,85050.3671875,1.8341559171676636,339.626708984375,72.09355926513672,-302.45478591887934,-125.45103695760955,0.3062288463115692,0.0013889545
14,1,-1.3791375659248422,43.023005100517246,1.144201636314392,1.9453730583190918,-15.087661743164062,352.3197326660156,0.4251965880393982,2.5535833835601807,95558.1328125,2.027566909790039,547.5281372070312,22.87004280090332,355.8826349511521,14.133161763765665,0.42567408084869385,0.06945426
14,1,-1.5496555326392274,42.08788331270355,1.1205580234527588,1.8031789064407349,-274.8533630371094,194.31417846679688,0.3179042935371399,0.6784059405326843,84774.0234375,1.8916901350021362,392.59783935546875,11.073590278625488,191.63343600396422,273.5080410890456,0.31528717279434204,0.01446088
14,1,-0.7514670960618236,45.46559397556754,1.142539620399475,1.882399320602417,-251.84567260742188,-322.32330322265625,0.22779546678066254,3.3115644454956055,81253.609375,1.9237771034240723,400.49237060546875,70.97845458984375,-320.2428692090657,254.12483001054102,0.22988541424274445,0.002735766
14,1,-1.3037034905101852,38.64145286509387,1.1091053485870361,1.816655158996582,-317.8523864746094,-73.24359130859375,0.2510552704334259,0.538557767868042,89902.984375,1.8363598585128784,335.539306640625,16.673904418945312,-73.7535418405383,315.5561431531906,0.2531222701072693,0.062538676
14,1,-1.0776358191687954,44.91856201975098,1.132643222808838,1.8360803127288818,-329.1836242675781,202.9000244140625,0.40883973240852356,2.2769317626953125,80020.203125,1.9533360004425049,441.64874267578125,36.93516159057617,205.17426316276413,327.958711769406,0.40870925784111023,0.008349622
14,1,-1.2110032697183037,45.443324382354824,1.1808347702026367,1.8957492113113403,-301.72900390625,288.439697265625,0.3784935772418976,0.20280975103378296,75218.671875,1.9608349800109863,432.5342712402344,26.60820770263672,284.15556828316875,302.1909837357017,0.37798818945884705,0.009330111
14,1,-1.4266250436364287,42.982040200799,1.1753971576690674,1.9134502410888672,-342.06097412109375,183.17877197265625,0.26160722970962524,0.5259544253349304,70163.2265625,1.9553985595703125,427.55499267578125,16.009000778198242,180.36217589443905,339.90428283323223,0.2610771656036377,0.015471446
14,1,-1.5222170130986015,47.1853590499372,1.1477738618850708,1.8207287788391113,72.40128326416016,-399.6963806152344,0.2966459095478058,2.027533769607544,79587.109375,1.8917226791381836,354.79736328125,10.660051345825195,-400.22558941190965,-75.04077643918369,0.3036402463912964,0.0011655659
14,1,-1.0698633543352178,49.13416987762834,1.1690818071365356,1.8097652196884155,63.81406784057617,-393.8900451660156,0.4296295642852783,2.154895544052124,97642.0625,1.9345602989196777,387.1907653808594,32.96554946899414,-392.7884145214338,-67.51854400480728,0.4305182099342346,0.0009414227
14,1,-0.9071606283711763,39.64173891446186,1.1146315336227417,1.8075529336929321,397.51971435546875,-118.801025390625,0.4115074574947357,5.107273101806641,75051.921875,1.8542778491973877,367.804931640625,45.546600341796875,-122.06284949186734,-393.09324147972796,0.410900741815567,0.05618593
14,1,-1.283700698038597,35.518678090202535,1.0677261352539062,1.8017687797546387,-113.78764343261719,314.48431396484375,0.255403071641922,0.5106927752494812,70163.2265625,1.808221697807312,366.98150634765625,19.095947265625,311.4564443371001,113.85548502971241,0.2610771656036377,0.29891962
14,1,-1.2233439972812008,45.67622745787729,1.0579419136047363,1.8059598207473755,-56.57912063598633,412.1514892578125,0.17929121851921082,3.2709574699401855,96932.5078125,1.8331822156906128,320.1776428222656,19.14453125,410.3990684372508,58.04587910916426,0.17759284377098083,0.0016981533
14,1,-1.6964797593791658,37.906741057429315,1.1733646392822266,1.8359274864196777,328.0969543457031,196.45278930664062,0.2716587483882904,2.0919833183288574,88424.0234375,1.9229736328125,474.2445373535156,9.53933334350586,197.06941648135995,-329.6751666346189,0.2730901837348938,0.05357385
14,1,-0.7199780888502946,45.22462643357542,1.1691712141036987,1.9044846296310425,-284.6148681640625,-237.48007202148438,0.36585310101509094,1.3765991926193237,93955.890625,1.9684715270996094,467.55975341796875,89.0960693359375,-238.79329361427625,281.5226169272979,0.3630121350288391,0.010016455
14,1,-1.072046939813806,39.1152865415069,1.1026183366775513,1.9016194343566895,192.9410858154297,-318.9781188964844,0.3207571506500244,0.8214610815048218,89457.7734375,1.93056321144104,458.79833984375,38.86635208129883,-321.57975946714816,-193.46405463169384,0.3204086720943451,0.20440553
14,1,-1.4733336193349291,46.87998897135125,1.1900190114974976,1.8876935243606567,307.7377624511719,201.71376037597656,0.3478580117225647,4.762825012207031,98920.7265625,1.8849215507507324,345.9223937988281,11.6316499710083,198.4572546159726,-302.5583020864367,0.35058990120887756,0.0018725325
14,1,-1.2169931076995533,40.36940988253101,1.1029049158096313,1.824314832687378,-274.47857666015625,-170.0218963623047,0.4368082284927368,5.268509864807129,96225.328125,1.9528663158416748,444.52655029296875,26.97136878967285,-173.85909564873964,277.274490227705,0.4402724504470825,0.06488534
14,1,-0.8361446963132719,48.002866826740714,1.1614831686019897,1.8062890768051147,-394.73980712890625,72.0237045288086,0.340592622756958,1.9677225351333618,94326.5234375,1.869079828262329,314.1585693359375,45.81453323364258,71.6474492880806,392.8834669411357,0.34507396817207336,0.0008462053
14,1,-1.1047317305301452,42.99713261863911,1.0507090091705322,1.8873356580734253,123.19987487792969,325.4179992675781,0.24831953644752502,0.8112984299659729,97636.1484375,1.9753940105438232,461.3969421386719,36.2528190612793,325.47125599769896,-124.25234399054719,0.2479504495859146,0.036354046
14,1,-1.266113293273683,41.91866085363494,1.1103017330169678,1.8769382238388062,-133.30438232421875,-349.5574645996094,0.46266767382621765,5.030966281890869,96766.7109375,2.0500218868255615,540.602783203125,29.29297637939453,-352.35766144434456,138.1332366519985,0.4621427357196808,0.06846
14,1,-1.1941264308574824,35.58411647409226,1.1885522603988647,1.812047004699707,-247.9687957763672,241.71070861816406,0.4085747003555298,5.407245635986328,95102.046875,1.9123626947402954,520.0047607421875,33.25673294067383,237.76634964903522,251.08530042582976,0.4098481833934784,0.16931124
14,1,-1.4698939225283878,41.16156396910541,1.1003262996673584,1.8519737720489502,-369.4981994628906,90.41111755371094,0.30310341715812683,4.408365726470947,69516.3984375,1.9041637182235718,406.4773254394531,13.776511192321777,90.98619961779455,373.74784707654345,0.2992667853832245,0.029292276
14,1,-0.9180103408736271,36.046520052108875,1.029339075088501,1.8066439628601074,358.6354064941406,98.82955932617188,0.2482529580593109,0.8277865052223206,97636.1484375,1.8780713081359863,398.6429443359375,48.14739990234375,95.89875231267128,-359.93026016405594,0.2479504495859146,0.32292783
14,1,-1.2143477433923533,41.25692843646749,1.1065245866775513,1.8098424673080444,147.6029510498047,-366.6589050292969,0.3565455377101898,0.5322608351707458,93730.046875,1.9044325351715088,399.3071594238281,24.3757266998291,-371.0173759211353,-152.06203685080663,0.3596573770046234,0.035675365
14,1,-1.2613161285217835,42.264186751369664,1.0225133895874023,1.8231338262557983,-59.12931823730469,375.3001403808594,0.18914958834648132,4.503721237182617,94556.75,1.8755526542663574,363.5813293457031,19.919721603393555,377.75109690483487,58.82222200960846,0.18098361790180206,0.012506515
14,1,-0.8967396600595692,44.65311191478839,1.1217565536499023,1.8535304069519043,8.225024223327637,-370.9368591308594,0.4105537235736847,5.417820930480957,95102.046875,1.927374243736267,403.89398193359375,51.23029708862305,-373.78856046907765,-7.205154497158873,0.4098481833934784,0.009051662
14,1,-0.9314882672694637,30.955478803066036,1.1875252723693848,1.85503351688385,-310.6252136230469,265.2958679199219,0.1951586753129959,3.2293457984924316,84891.8046875,1.8433278799057007,470.1884460449219,55.05324172973633,267.45556850861055,311.0264672834407,0.19133827090263367,0.534922
14,1,-1.3506261772129589,47.01975868722225,1.168248176574707,1.9348385334014893,182.21917724609375,-356.8666076660156,0.26615607738494873,3.6840741634368896,76346.21875,1.9322798252105713,404.9566650390625,18.06258773803711,-354.4122116575809,-180.85527954431936,0.2617451250553131,0.0026756793
14,1,-1.237945408943554,47.06326969534132,1.183186411857605,1.8737324476242065,15.39461898803711,-378.26953125,0.2716834545135498,4.677785396575928,94695.4765625,1.9671168327331543,413.4811706542969,23.90608787536621,-378.37199495993247,-13.660712642569878,0.2756916582584381,0.0009577236
14,1,-1.4100555832639838,49.01131936624257,1.1569392681121826,1.7994219064712524,-312.7430419921875,-249.12298583984375,0.24023205041885376,0.04907602816820145,83428.3359375,1.8753762245178223,319.3876953125,12.423933029174805,-252.2591805760353,311.43394383114685,0.2372434437274933,0.0004252448
14,1,-1.3084284306637677,35.417764492915744,1.144720196723938,1.8883856534957886,366.9348449707031,15.034263610839844,0.19650115072727203,5.896911144256592,89006.25,1.8901010751724243,473.20758056640625,23.2606258392334,12.221448800726781,-365.689011397717,0.19776688516139984,0.17525283
14,1,-1.4582917723531597,48.33441727191314,1.1937037706375122,1.846850872039795,-211.2925262451172,276.8890380859375,0.4274883568286896,0.9470904469490051,94934.078125,1.9960832595825195,396.6587829589844,13.80772590637207,275.17154421288546,211.42328234847525,0.4261285662651062,0.0017907805
14,1,-1.2262639831310445,43.22247210261703,1.124657154083252,1.8852709531784058,11.985995292663574,371.6708984375,0.27507197856903076,4.661055088043213,94695.4765625,1.9118947982788086,393.1009521484375,23.34738540649414,371.3178449958491,-10.05602176452788,0.2756916582584381,0.010641572
14,1,-1.016170426921771,39.174341859635504,1.1478769779205322,1.8040823936462402,-285.5936584472656,292.97430419921875,0.2767827808856964,0.01671411469578743,75778.8984375,1.819909691810608,342.1183166503906,32.96131896972656,287.72883192108617,283.8857235204398,0.2757175862789154,0.034526024
14,1,-1.0960804354126852,45.634144933222956,1.1511059999465942,1.8367382287979126,75.98976135253906,-319.72698974609375,0.41646385192871094,6.198571681976318,83567.109375,1.9566468000411987,400.6326599121094,32.111793518066406,-323.6384803525479,-77.92147839887403,0.4188387989997864,0.003333276
14,1,-1.9249564488649262,39.715033372684566,1.1389830112457275,1.8370648622512817,260.08465576171875,193.9712677001953,0.21171052753925323,3.4989356994628906,80319.109375,1.9089043140411377,431.4889221191406,5.128669738769531,193.06431927743122,-257.3240690021978,0.21075104176998138,0.017805321
14,1,-1.5463080948379482,28.51413945817641,1.0743075609207153,1.8263169527053833,-300.62646484375,-265.7981872558594,0.27348750829696655,4.225165367126465,86306.3125,1.8830461502075195,544.69921875,15.482669830322266,-263.5099961990862,304.16078933137146,0.27399250864982605,0.84764475
14,1,-1.0563585148607109,41.40920099661672,1.1300199031829834,1.8559601306915283,334.3291320800781,190.8007049560547,0.40048545598983765,3.2762088775634766,95657.53125,1.9303171634674072,410.67462158203125,36.0693359375,190.60046417170128,-333.37600233417885,0.3994137644767761,0.044327274
14,1,-1.0904788081290016,44.97209039291275,1.0914344787597656,1.8454498052597046,356.5596618652344,144.73056030273438,0.41769474744796753,6.189897537231445,83567.109375,1.9648983478546143,454.16534423828125,36.87516784667969,140.80343931393492,-354.64442971198264,0.4188387989997864,0.009476256
14,1,-1.1157000486904294,48.85535569813067,1.1645138263702393,1.8149333000183105,244.9636688232422,-303.22003173828125,0.41180792450904846,3.465954303741455,68161.21875,1.8500794172286987,322.7193298339844,24.724252700805664,-301.1950962317665,-246.171074685216,0.42228883504867554,0.0008597922
14,1,-0.49686556656306846,42.79686213717381,1.0754060745239258,1.857779860496521,400.88909912109375,-35.04458236694336,0.3669767677783966,2.281773328781128,86021.5078125,1.9142770767211914,402.3799743652344,128.16529846191406,-33.17431450384167,-404.0663895706447,0.3648650050163269,0.038610596
14,1,-1.0259070956216454,35.71808603124454,1.1746656894683838,1.7976187467575073,-177.98074340820312,-365.65032958984375,0.1979246288537979,3.270359992980957,97571.8203125,1.7996511459350586,385.46331787109375,36.314056396484375,-364.31239533092173,177.19819975642548,0.19581420719623566,0.047204033
14,1,-1.0660481805807085,34.736289040206685,1.1381769180297852,1.816655158996582,-255.54331970214844,-245.260498046875,0.24981045722961426,4.146927833557129,68248.7109375,1.8410900831222534,425.0747985839844,36.51034927368164,-244.35457427455265,258.35131419833897,0.2500389814376831,0.18673666
14,1,-1.0454659526104857,48.33249094451289,1.1918742656707764,1.8754042387008667,-294.3003234863281,-219.47134399414062,0.2617028057575226,2.448540449142456,97714.40625,1.8682940006256104,367.250732421875,33.07466125488281,-217.0127733457261,293.9647779668207,0.2627878189086914,0.0007136995
14,1,-0.9526977916561771,47.429762405563004,1.132748007774353,1.8386547565460205,-272.4927062988281,-274.3723449707031,0.24571789801120758,5.712499618530273,86618.4765625,1.8370091915130615,327.3623962402344,36.50310516357422,-277.3481147414155,274.45472498642795,0.2460254281759262,0.0006869555
14,1,-1.132269950888105,37.73197314811122,1.1129179000854492,1.8001176118850708,18.191020965576172,366.3041687011719,0.30461549758911133,5.574329853057861,79865.640625,1.8956376314163208,445.33966064453125,32.84128189086914,364.55375946497884,-13.831724245409,0.3067387044429779,0.05885731
14,1,-0.9404813006014691,41.18690930297141,1.12906813621521,1.8193562030792236,-287.6749267578125,-268.611572265625,0.32018810510635376,6.0756731033325195,76691.75,1.843786597251892,332.5306091308594,38.13723373413086,-272.11616634068366,287.5031035562947,0.3220718801021576,0.012460791
14,1,-1.101995001438265,28.366324638376543,1.1688624620437622,1.8490444421768188,406.31988525390625,-42.573814392089844,0.3760211169719696,2.670034170150757,86252.84375,1.9166234731674194,624.690673828125,49.39342498779297,-38.72626163620639,-407.283244611079,0.37906864285469055,0.85168844
14,1,-0.8298917122083415,46.02995867505003,1.190291166305542,1.855509877204895,-111.41130828857422,-398.9494323730469,0.2903470993041992,3.1310694217681885,96300.296875,1.841846227645874,315.04449462890625,46.610015869140625,-397.28653240179386,111.41890929582839,0.2893756031990051,0.0014492074
14,1,-1.0291024790444503,47.38669076274185,1.1671892404556274,1.7970763444900513,-358.1012268066406,-115.00666046142578,0.3037354350090027,1.1926541328430176,94649.1015625,1.8399651050567627,322.9446716308594,30.201200485229492,-114.2291939915934,357.3837636754481,0.3024493157863617,0.0007912314
14,1,-1.259972158428182,47.87693012643995,1.195845603942871,1.8085449934005737,-350.4839782714844,-96.31351470947266,0.35920974612236023,3.838413715362549,87636.046875,1.8705518245697021,371.4458312988281,20.41367530822754,-95.8389682062372,355.13525330622446,0.3595241606235504,0.00055241596
14,1,-0.9730374721290719,45.398971561677776,1.1349509954452515,1.8793623447418213,-39.94795227050781,369.32989501953125,0.366423636674881,5.640317916870117,83141.546875,1.9396461248397827,417.3003845214844,44.40279769897461,366.807524858293,42.11879649859437,0.36809447407722473,0.0057080584
14,1,-1.29511229547177,43.72148698381778,1.1719353199005127,1.9221618175506592,-393.6629943847656,106.3261489868164,0.25928980112075806,3.9158935546875,85445.8203125,1.9596014022827148,418.14776611328125,21.194122314453125,104.93007498504876,396.81702754023905,0.26112252473831177,0.008038664
14,1,-1.4804416992680847,30.505961265897117,1.127793550491333,1.8592239618301392,-167.41355895996094,375.32025146484375,0.3706924021244049,6.222143650054932,95508.8984375,1.9292571544647217,566.2743530273438,18.731945037841797,370.6852508847324,167.00859858021852,0.3666093349456787,0.7762744
14,1,-1.372298282928645,40.376170753942844,1.192357063293457,1.839216709136963,325.0110168457031,-70.13017272949219,0.47628745436668396,5.357820987701416,99207.171875,1.9324584007263184,469.7031555175781,19.930721282958984,-73.75227088381605,-325.9784428724548,0.4791279137134552,0.038976282
14,1,-1.0416678448958847,40.51650361930913,1.1028614044189453,1.8082332611083984,47.88322830200195,355.9898681640625,0.47833046317100525,5.237645626068115,84859.9296875,1.9403871297836304,412.9016418457031,37.512638092041016,352.58746515402004,-48.550550937248126,0.48243579268455505,0.06547107
14,1,-1.46527740740707,29.927361857920975,1.1061320304870605,1.8029229640960693,-207.4469757080078,263.2903137207031,0.382481187582016,5.159068584442139,88536.7109375,1.9403365850448608,569.3101806640625,19.501558303833008,261.8601983070574,208.75774423289718,0.3860333561897278,0.7856522
14,1,-1.3527052708670224,42.00510602098498,1.1650828123092651,1.8021397590637207,-403.9714660644531,-97.78032684326172,0.47367915511131287,2.5073461532592773,88714.8125,1.9729511737823486,470.1044616699219,20.868297576904297,-92.56468661297852,399.5548561815653,0.4775847792625427,0.02084752
14,1,-1.3808852722018439,28.130386187236006,1.072921872138977,1.8461357355117798,48.20618438720703,-345.8438720703125,0.29435524344444275,1.1921786069869995,97253.3125,1.9073132276535034,698.1900634765625,29.046037673950195,-347.19804746638226,-51.87371420825824,0.2930569350719452,0.8843336
14,1,-1.2161207513371588,45.256240540742056,1.1068166494369507,1.8328830003738403,354.2274169921875,100.78372955322266,0.32621121406555176,1.2200942039489746,94466.65625,1.946507453918457,427.1090393066406,25.9666748046875,99.56916447141556,-356.67272794456755,0.3228229284286499,0.006113679
14,1,-0.9395799460626322,48.102066116200916,1.0932343006134033,1.8647366762161255,375.97821044921875,-79.8618392944336,0.40526700019836426,3.0469396114349365,99341.765625,1.9239915609359741,382.3904724121094,43.946685791015625,-81.26956128240745,-373.4201639295769,0.4075116813182831,0.004334715
14,1,-0.6954665361294468,42.94971493010288,1.076874017715454,1.848342776298523,346.0106506347656,-125.58778381347656,0.3217770755290985,2.010730266571045,86888.2890625,1.8902184963226318,383.3173828125,77.2843246459961,-122.2445702371851,-348.5960850840981,0.32401373982429504,0.024226816
14,1,-1.0542236479957061,43.79528011379122,1.07377290725708,1.8570692539215088,158.06997680664062,-358.0616455078125,0.3671005368232727,3.333493947982788,88113.53125,1.8817088603973389,356.0990905761719,31.430105209350586,-356.029757542151,-154.84270965127175,0.3676941394805908,0.02203749
14,1,-1.399705585016487,30.74660056007027,1.1274076700210571,1.8279244899749756,-361.2157287597656,-65.07769012451172,0.3420514464378357,4.288455009460449,75011.9765625,1.944013237953186,567.9537963867188,22.62588119506836,-64.05567775259811,365.10275362714947,0.3368726074695587,0.73654455
14,1,-0.991036421727072,44.03828450642837,1.126356601715088,1.8127740621566772,-351.792236328125,-56.87141036987305,0.42126187682151794,4.556212425231934,98704.0546875,1.9065027236938477,377.3084411621094,38.517578125,-54.951834460123656,355.1341577583691,0.4194069504737854,0.007885726
14,1,-0.8931079050733824,33.575772099734024,1.121016025543213,1.8683518171310425,382.12384033203125,46.84962844848633,0.3955127000808716,3.428971529006958,91207.640625,1.9297164678573608,570.1625366210938,72.92730712890625,48.54500192924108,-378.29166207366063,0.393755167722702,0.66685206
14,1,-1.039719510191898,43.98401626463295,1.1690658330917358,1.8559601306915283,138.99754333496094,349.3863525390625,0.4016570448875427,5.172701358795166,81201.390625,1.933335542678833,406.87017822265625,37.13087463378906,347.3161841963092,-135.87240913388442,0.4009469151496887,0.007197613
14,1,-0.7897791861945862,41.060003478613595,1.0704466104507446,1.8837083578109741,-107.24029541015625,-388.5572814941406,0.254458487033844,2.8889551162719727,99820.7734375,1.8837599754333496,382.22503662109375,62.02106857299805,-387.20458347402445,105.34421931484852,0.2597852051258087,0.054775875
14,1,-1.171194723492424,26.125138867873787,1.0962705612182617,1.8513802289962769,301.25616455078125,-249.57742309570312,0.422405868768692,4.332231044769287,86287.5,1.9379633665084839,832.2579345703125,56.11286544799805,-248.355648462079,-298.825773649853,0.42414766550064087,0.90052885
14,1,-1.2577091198200456,44.4583611139471,1.0388011932373047,1.8675479888916016,-166.13522338867188,340.93585205078125,0.4470891058444977,4.52867317199707,74897.3046875,1.8707126379013062,340.2544250488281,18.797164916992188,339.1039455868964,171.32249778265373,0.44502362608909607,0.039222468
14,1,-1.17041683921213,45.68502327727207,1.1944228410720825,1.8782132863998413,-15.694089889526367,338.0563659667969,0.3696058988571167,2.815645933151245,98402.703125,1.9596598148345947,432.5865783691406,29.218284606933594,342.28843927202826,12.65908882210479,0.365816593170166,0.0038002853
14,1,-1.0631295079944016,48.090466243579876,1.1577174663543701,1.8245244026184082,207.87701416015625,-303.0096130371094,0.4949542284011841,1.131894588470459,95339.4921875,1.942435383796692,400.3304443359375,34.61687469482422,-305.8902386527917,-213.21578392224234,0.4914971888065338,0.0032283883
14,1,-0.9308035349485639,42.54251837527178,1.123129963874817,1.8223439455032349,231.3671875,-317.2890625,0.2892386317253113,2.1896612644195557,93534.53125,1.823602318763733,369.72137451171875,43.35807800292969,-315.267504728261,-236.90518586217667,0.2904801368713379,0.00971264
14,1,-1.2583520324542863,49.776698420074844,1.1397106647491455,1.93510901927948,148.58815002441406,-382.9268798828125,0.3481370210647583,1.6152669191360474,97619.8515625,1.966181755065918,422.3965148925781,23.30056381225586,-386.6651607701324,-150.7194241529588,0.3514232039451599,0.0028261447
14,1,-1.5315012164707427,47.52085499851755,1.141520380973816,1.8402897119522095,57.24500274658203,393.0265197753906,0.27921828627586365,1.6551357507705688,88600.96875,1.897504210472107,373.34991455078125,10.980216026306152,393.441691587883,-56.833337550875264,0.27789270877838135,0.0013175185
14,1,-0.9703597225303566,34.8863117080574,1.151762843132019,1.8149815797805786,-177.33837890625,268.3853759765625,0.3786810338497162,0.8756901621818542,88013.3671875,1.8390522003173828,391.517578125,41.917030334472656,264.49713842691637,170.7847674219859,0.3795727491378784,0.37356356
14,1,-1.0900516701134666,45.086371957945694,1.1165488958358765,1.7970763444900513,-7.478824138641357,384.51324462890625,0.306445837020874,4.9469499588012695,73277.203125,1.836413860321045,332.615966796875,27.032724380493164,382.26145322085523,9.627800287229132,0.3068731725215912,0.0019534058
14,1,-1.1826979796250465,41.66144156966866,1.194206953048706,1.8014416694641113,-309.560302734375,-143.36598205566406,0.4338756501674652,0.9955412745475769,98749.1953125,1.970420241355896,495.53857421875,32.53704833984375,-146.58162173644746,302.9001810722777,0.4304012954235077,0.016236274
14,1,-0.5570644793108888,42.567302367929166,1.1922986507415771,1.8024786710739136,308.3203125,-155.36207580566406,0.2929239869117737,1.4267178773880005,81968.6171875,1.8504406213760376,355.37939453125,98.54335021972656,-158.80799353621177,-313.2622288256705,0.2924291789531708,0.003832999
14,1,-0.8945088528433083,42.89207584662086,1.140174388885498,1.7973765134811401,-296.6901550292969,259.4659729003906,0.40877506136894226,5.401453495025635,84101.3828125,1.890296459197998,376.7413024902344,48.032310485839844,256.4440579835774,300.54328979115445,0.41108018159866333,0.007591059
14,1,-0.9353008665500226,40.0413623783931,1.1440988779067993,1.8482097387313843,247.57423400878906,307.57159423828125,0.2690766751766205,2.3237712383270264,96933.75,1.8336392641067505,341.67327880859375,39.65601348876953,309.93052568146993,-247.5467005563053,0.2693345248699188,0.02968038
14,1,-0.9852359893776788,45.37893729140774,1.152133584022522,1.8593990802764893,308.0458984375,258.45660400390625,0.1969057023525238,6.1021833419799805,81460.1953125,1.8441901206970215,310.57916259765625,32.13179397583008,255.73398609642996,-308.2961248185442,0.19418984651565552,0.0010816698
14,1,-0.936540617520377,42.83259165868644,1.1769556999206543,1.8888620138168335,-118.16268157958984,351.9673767089844,0.2911359369754791,1.4350669384002686,81968.6171875,1.8873610496520996,392.5101318359375,45.4265022277832,351.1154510742366,116.42196639787036,0.2924291789531708,0.012704896
14,1,-0.7398708935844265,49.724251749319,1.196889877319336,1.8294004201889038,329.8721923828125,-187.3693389892578,0.39120084047317505,4.094342231750488,96212.421875,1.920926809310913,364.5915832519531,66.36438751220703,-184.59383203338356,-327.736234518617,0.3894190490245819,0.00044375283
14,1,-1.3490220209006274,42.10290367679963,1.1962637901306152,1.8054887056350708,-376.4491271972656,54.29563522338867,0.24469442665576935,3.322280168533325,64642.5703125,1.8224462270736694,320.3580017089844,14.342026710510254,55.73698326183086,377.2666727281253,0.24799229204654694,0.002459193
14,1,-1.0024776491986176,37.9039721464598,1.0871962308883667,1.855509877204895,85.64592742919922,320.54156494140625,0.2890341579914093,1.7991549968719482,95069.890625,1.8428735733032227,356.3678894042969,35.4339599609375,318.7679639944943,-86.56768464089123,0.2968965470790863,0.18467546
14,1,-1.012900433035873,43.80553280995804,1.141814112663269,1.93510901927948,48.10293197631836,-407.2339172363281,0.3466949164867401,3.0468404293060303,96589.34375,1.9612298011779785,418.08001708984375,40.584285736083984,-404.6145025564043,-47.18264928006315,0.3483674228191376,0.025756724
14,1,-0.7283778120271523,30.842166633767256,1.142825961112976,1.8441416025161743,-48.45546340942383,354.6098937988281,0.2362184226512909,5.330896377563477,92554.453125,1.8800303936004639,525.1712036132812,98.15731048583984,352.1968501846643,50.831013859361704,0.2390555888414383,0.6118051
14,1,-0.8005337947804443,46.077971387769985,1.1281927824020386,1.8166379928588867,-60.83839797973633,-331.5424499511719,0.2402651160955429,5.316863059997559,92554.453125,1.8577529191970825,344.161865234375,54.478878021240234,-332.4809255855212,61.835201570454664,0.2390555888414383,0.0009102538
14,1,-1.0449596300300112,34.49752666289316,1.1726696491241455,1.8662867546081543,236.0613250732422,-345.31011962890625,0.21667787432670593,0.7049893736839294,90267.8359375,1.9232696294784546,538.7098999023438,48.57294464111328,-347.2060804393679,-237.00575634837517,0.21242655813694,0.28643912
14,1,-1.0518046675249493,39.89567407564224,1.1618682146072388,1.8375104665756226,284.7975769042969,277.4277648925781,0.185028076171875,2.9143810272216797,92334.9765625,1.8491764068603516,367.6194763183594,32.62815475463867,277.98961368444435,-284.77256870774505,0.18586018681526184,0.011028544
14,1,-1.1227449009412651,40.59863787396784,1.1913328170776367,1.8029369115829468,-39.277801513671875,382.5335693359375,0.4272438585758209,2.8979697227478027,88533.2265625,1.9487848281860352,472.3402099609375,35.604820251464844,382.8231622867452,39.495876319100134,0.42668265104293823,0.020730104
14,1,-0.876331800298052,41.06951218645925,1.0380730628967285,1.798034429550171,257.8023681640625,-231.7340850830078,0.4177331030368805,2.3434946537017822,72538.09375,1.8901867866516113,378.66473388671875,50.341041564941406,-230.00022762093906,-258.7041189604816,0.41601598262786865,0.0809461
14,1,-1.1719642890810253,38.66431032145844,1.1409046649932861,1.8195775747299194,280.4088134765625,-159.41744995117188,0.28230831027030945,4.500424861907959,75635.5703125,1.8336429595947266,362.08154296875,24.3691463470459,-158.68401865179285,-276.9138061598975,0.28305289149284363,0.034159496
14,1,-1.252459171190243,42.75355850671622,1.1545871496200562,1.8832355737686157,407.664306640625,55.64886474609375,0.20994624495506287,0.689633846282959,90267.8359375,1.9814908504486084,462.2913818359375,25.849666595458984,52.61365017048489,-410.1344798885455,0.21242655813694,0.009936841
14,1,-1.2347107800927841,43.72116882540734,1.161215901374817,1.8375104665756226,-185.1880340576172,347.1806640625,0.18673467636108398,2.8998985290527344,92334.9765625,1.849719524383545,332.5575256347656,19.371076583862305,349.32273500859685,184.5901632994678,0.18586018681526184,0.001999611
14,1,-1.4886320772333117,32.742486710966155,0.9884433150291443,1.8434429168701172,65.71185302734375,-368.73333740234375,0.23897935450077057,3.2022910118103027,96477.5,1.8706622123718262,435.485107421875,14.136378288269043,-366.7342613022126,-65.87808869373089,0.23879678547382355,0.7483344
14,1,-1.2244262984088332,49.183318007146106,1.1295764446258545,1.832016110420227,-87.06505584716797,401.15576171875,0.19164104759693146,5.550769329071045,96992.1015625,1.8859498500823975,360.6891174316406,21.513185501098633,397.7046140299174,90.84223303878079,0.19313593208789825,0.000257896
14,1,-1.3372285515832365,40.670756809637496,1.0902036428451538,1.8205006122589111,196.36647033691406,309.2101745605469,0.39073458313941956,1.1250293254852295,69604.9140625,1.9188802242279053,428.40362548828125,19.70708465576172,307.24177541251777,-199.18480645270313,0.3932194113731384,0.07257206
14,1,-1.3547639986334268,42.409345428374664,1.0860084295272827,1.8156425952911377,215.98931884765625,314.6505432128906,0.392659455537796,1.1379921436309814,93520.703125,1.948075294494629,440.95074462890625,19.481565475463867,312.8149222685347,-218.5463124837125,0.37387460470199585,0.033240892
14,1,-1.8427688246911813,29.697244668326103,1.1579704284667969,1.7969266176223755,-399.58648681640625,61.97769546508789,0.3467143774032593,1.462572693824768,74575.9765625,1.8024324178695679,431.37359619140625,6.19551944732666,61.11357877251996,397.69084867533496,0.3505919873714447,0.7628717
14,1,-1.3814755664853693,34.981601165102695,1.135215163230896,1.8650206327438354,223.35421752929688,-236.45941162109375,0.2729409635066986,1.7318611145019531,82632.90625,1.948959231376648,494.64984130859375,20.550395965576172,-236.96461982988706,-224.06317200997586,0.2706495523452759,0.36933783
14,1,-0.6019855091751265,34.80538739173216,1.1060770750045776,1.855126142501831,-25.333080291748047,337.7285461425781,0.40488481521606445,5.998716831207275,87338.71875,1.8855441808700562,452.6685485839844,113.18644714355469,335.86002035652734,23.947075661708162,0.4077723026275635,0.49740595
14,1,-1.3607369547237729,41.63004074005286,1.185799479484558,1.8097567558288574,391.6727294921875,127.44744110107422,0.19516044855117798,0.5763776898384094,89271.765625,1.818246841430664,330.9382019042969,14.42138385772705,125.71642114831761,-389.81016711224805,0.19496658444404602,0.0038890108
14,1,-1.1203436355151697,39.66191431885201,1.1077685356140137,1.7972252368927002,-331.21697998046875,59.88862609863281,0.3877786695957184,4.501151084899902,94901.890625,1.870275616645813,373.0654602050781,28.27742576599121,60.25166041755096,333.7046341394705,0.3870224952697754,0.04786466
14,1,-0.10455034458052372,43.471013292173105,1.194008469581604,1.8082283735275269,63.83030319213867,353.604736328125,0.2633180618286133,2.109774351119995,74296.4921875,1.8222355842590332,313.5347900390625,246.45362854003906,355.1913498452032,-65.3718637285725,0.26834502816200256,0.002006101
14,1,-0.9450162187640296,44.49703669410958,1.0874487161636353,1.8473414182662964,-395.8860168457031,83.66270446777344,0.25387465953826904,0.4186481535434723,91034.2890625,1.853307843208313,326.0706787109375,37.00789260864258,79.63959743200763,394.6148557011648,0.2511839270591736,0.008608188
14,1,-1.6225419283753397,46.14876466997845,1.1642965078353882,1.8356398344039917,177.04042053222656,352.94793701171875,0.24567502737045288,1.3548856973648071,85036.8203125,1.8551815748214722,317.0011291503906,7.559849262237549,352.87531871115004,-177.9852402688374,0.24752497673034668,0.0013728177
14,1,-0.9937649522965906,34.83371440472415,1.082154393196106,1.817344307899475,4.313323974609375,373.30035400390625,0.22204463183879852,1.0313422679901123,80913.6484375,1.8736281394958496,492.2668762207031,49.938419342041016,372.33210388507484,-4.851566023563804,0.2218511402606964,0.32344988
14,1,-1.4931657652959303,40.38679943105792,1.1775565147399902,1.8466416597366333,-158.03411865234375,-351.66400146484375,0.2280290126800537,1.368091344833374,85036.8203125,1.8621432781219482,383.1115417480469,12.307106018066406,-348.02250259351666,155.15594135758357,0.24752497673034668,0.014203872
14,1,-1.017498595568428,37.248506638110754,1.041570782661438,1.8024482727050781,-367.883056640625,-60.44865417480469,0.42631667852401733,0.9609255790710449,89095.421875,1.9013382196426392,435.7727966308594,41.856266021728516,-64.13600947617816,365.8375247572715,0.42862629890441895,0.39303076
14,1,-1.3784716839349935,45.25947406067964,1.1807310581207275,1.892857313156128,279.6449279785156,301.9629821777344,0.19195251166820526,2.3065671920776367,98656.7734375,1.9798576831817627,436.697265625,18.268648147583008,302.0405381258932,-279.64815489160446,0.18523062765598297,0.0020194089
14,1,-0.5861171784212784,41.01672286436253,1.1959902048110962,1.833145022392273,2.297508478164673,-397.2652587890625,0.18813325464725494,1.6136595010757446,90856.953125,1.8337938785552979,363.5285949707031,94.2802963256836,-397.6726403058337,-3.0829375740061975,0.18728116154670715,0.0050392207
14,1,-1.3786621201443805,47.511304801523586,1.1621850728988647,1.8512510061264038,314.3263854980469,139.60348510742188,0.26684901118278503,2.566311836242676,86360.171875,1.8962846994400024,364.87353515625,15.25728988647461,140.3577264645704,-313.70157357123765,0.2705698013305664,0.0009827347
14,1,-1.6469157718221947,33.61545186425062,1.024584174156189,1.804281234741211,409.3443908691406,50.2293701171875,0.30740243196487427,3.3365654945373535,89033.15625,1.8591121435165405,425.3171691894531,9.589426040649414,53.0153094283766,-408.76937615170243,0.30635035037994385,0.6127727
14,1,-1.245859408265635,46.92236478327517,1.1695131063461304,1.8895198106765747,-135.87258911132812,353.4989929199219,0.2895326316356659,5.092194080352783,78538.359375,1.8716870546340942,331.96661376953125,18.846586227416992,353.17994235461197,137.9257435816708,0.2889287769794464,0.001525031
14,1,-1.6105003540220317,42.137745313599396,1.0820527076721191,1.8469138145446777,98.73632049560547,-405.01251220703125,0.30231431126594543,3.3299760818481445,89033.15625,1.921836018562317,412.0831298828125,10.103693962097168,-400.4386015171263,-97.32455320955654,0.30635035037994385,0.02414035
14,1,-1.1564830361049248,32.1739902791377,1.162135124206543,1.8598754405975342,246.13552856445312,227.42185974121094,0.28946611285209656,5.957290172576904,90869.3359375,1.8516618013381958,439.2258605957031,30.633981704711914,228.00163012759054,-249.77201130460207,0.28973153233528137,0.5198063
14,1,-1.023473984444966,47.87879849662556,1.1982771158218384,1.8720067739486694,12.259817123413086,346.92779541015625,0.24301570653915405,4.6377272605896,95400.796875,1.8833014965057373,359.0301513671875,34.01383972167969,345.41838818460286,-11.947554739262063,0.24207493662834167,0.0004952002
14,1,-0.8397552148366318,36.678595703718734,1.1728383302688599,1.8081943988800049,-315.0137939453125,-147.8126678466797,0.28535813093185425,3.419656753540039,87828.09375,1.8760014772415161,433.1687927246094,62.64714050292969,-146.24488722802906,318.86196414452746,0.28651899099349976,0.06392474
14,1,-0.9486106787361593,38.328492106560525,0.9952352046966553,1.8030295372009277,-371.3080749511719,194.71632385253906,0.1915416121482849,4.045645236968994,94390.453125,1.8504998683929443,376.0474548339844,42.328311920166016,195.28919500412263,372.33272285708097,0.19092825055122375,0.09022521
14,1,-1.1991117934685325,44.497850820383896,1.199316143989563,1.8416266441345215,-249.80355834960938,-206.05604553222656,0.1930118203163147,2.742847204208374,86306.546875,1.9236987829208374,406.13372802734375,25.67766761779785,-205.44548908734427,249.79609612441428,0.19344162940979004,0.0010757059
14,1,-1.320483418503567,41.92713722384829,1.1226767301559448,1.8662281036376953,291.5485534667969,137.90933227539062,0.28603461384773254,3.4395713806152344,87828.09375,1.9118517637252808,394.09619140625,18.84154510498047,140.40171688413784,-287.9444034497244,0.28651899099349976,0.019260034
14,1,-1.2744107949379337,40.79329827394513,1.1019939184188843,1.8399696350097656,321.905517578125,-69.89151763916016,0.18199874460697174,3.1271772384643555,89315.53125,1.8648011684417725,366.8311767578125,19.500835418701172,-67.26900270764189,-320.1430503280368,0.1798454076051712,0.014327762
14,1,-1.0988779115066394,40.524446222716506,1.0701899528503418,1.8060760498046875,304.3562316894531,-113.22315979003906,0.3157990872859955,3.368840217590332,90258.46875,1.8587241172790527,355.0740051269531,28.27739715576172,-110.55809448623467,-302.5301024759276,0.31724631786346436,0.03745444
14,1,-0.7069595932482285,49.40918930273825,1.1968742609024048,1.8172816038131714,74.49822235107422,-362.656494140625,0.4708978831768036,0.0054433331824839115,76660.5546875,1.986946940422058,418.3484191894531,82.1444091796875,-370.3585255942486,-76.01137455478298,0.4732436537742615,0.0012807449
14,1,-1.0816866127636495,41.93628245724416,1.1615684032440186,1.7972780466079712,405.4176940917969,-73.85209655761719,0.3883029818534851,3.273000478744507,98508.515625,1.9147170782089233,392.99310302734375,32.560943603515625,-69.44160386379843,-407.5686226824923,0.3882446587085724,0.010344249
14,1,-1.4109145636643676,43.90015495006266,1.1047732830047607,1.888898253440857,-362.6777038574219,48.72292709350586,0.5043415427207947,5.542087078094482,83674.4375,1.967103123664856,457.1494445800781,17.747663497924805,44.2860740479027,364.75805253145967,0.5003914833068848,0.04301168
14,1,-0.8951414455648753,43.07108672965771,1.0325177907943726,1.8554147481918335,358.0745544433594,87.60404968261719,0.2691629230976105,5.780552387237549,85407.046875,1.8602352142333984,352.890380859375,44.92596435546875,82.75298946750279,-354.49655927762166,0.2688899338245392,0.017871138
14,1,-0.8801922599384676,42.917244019018604,1.187035322189331,1.8118417263031006,-132.84490966796875,309.0760498046875,0.495857834815979,3.5053791999816895,84571.875,1.9241564273834229,416.0869140625,54.826560974121094,312.6774979111602,134.25231170447748,0.4906521439552307,0.0125942975
14,1,-1.2092631587157128,45.160823235592275,1.1832637786865234,1.9139840602874756,-418.8081359863281,-2.552833318710327,0.2194976657629013,5.907797813415527,92904.0546875,1.9364349842071533,416.1618347167969,25.70380401611328,-4.114564546443813,420.26946288854566,0.21781975030899048,0.0020435755
14,1,-1.1842464065055949,38.58791561869567,1.019136905670166,1.8734995126724243,-141.2363739013672,370.44342041015625,0.22687917947769165,1.1816434860229492,96435.609375,1.9152898788452148,464.3932189941406,30.383516311645508,366.5272494566728,141.04307734048734,0.23133717477321625,0.22593589
14,1,-1.1266652562284118,37.21695029906339,1.1411106586456299,1.8503563404083252,249.4092254638672,-262.17474365234375,0.2575729489326477,4.633307456970215,67423.8125,1.83342444896698,358.39617919921875,26.772966384887695,-261.2290449645927,-250.6409626288454,0.25725221633911133,0.086481534
14,1,-0.6648175630763018,41.4265989823034,1.137939214706421,1.8212467432022095,-325.1634521484375,-51.59217071533203,0.28342685103416443,1.836961030960083,85321.2265625,1.8936963081359863,406.3434753417969,87.91748046875,-52.642391270912896,325.25321968906786,0.27721211314201355,0.013581287
14,1,-1.5090038069365395,43.07275935849604,1.043634295463562,1.8197484016418457,348.7162780761719,-192.15545654296875,0.44398972392082214,4.237332820892334,98036.1015625,1.9761316776275635,471.85211181640625,14.615010261535645,-190.70629118655265,-342.8364931897278,0.44147270917892456,0.03911582
14,1,-1.2835994087204274,34.46219430843801,1.1409505605697632,1.869809865951538,-402.4105529785156,-44.196659088134766,0.2119785100221634,5.911635875701904,92904.0546875,1.9587074518203735,514.6881103515625,26.78817367553711,-46.057331646872946,404.2857206993169,0.21781975030899048,0.23979342
14,1,-1.258220350279711,43.61572671306846,1.1169757843017578,1.9027338027954102,-400.8667297363281,117.31304168701172,0.46824145317077637,2.5387210845947266,92049.8359375,2.0393760204315186,492.45538330078125,27.173460006713867,121.98666011438229,399.56518020706585,0.4634639620780945,0.055915955
14,1,-2.020641987898214,44.826243854546355,1.1794272661209106,1.8081943988800049,-338.9581604003906,-239.37686157226562,0.28736159205436707,2.259709119796753,88450.75,1.8807870149612427,376.269287109375,3.5879359245300293,-238.74801089550343,338.4592313552178,0.288501113653183,0.0015792265
14,1,-0.9668427869148734,45.94276024343173,1.077734351158142,1.8221956491470337,-356.54736328125,-67.97831726074219,0.32008400559425354,6.069444179534912,86895.359375,1.8587509393692017,351.9815979003906,37.9905891418457,-69.9195889685496,355.14072370628156,0.318945974111557,0.002817082
14,1,-1.1469179682704596,42.10492191018033,1.099289059638977,1.8425873517990112,-322.3265686035156,-64.88072204589844,0.35416993498802185,4.461349010467529,93925.3203125,1.964634895324707,447.7126770019531,31.921262741088867,-64.90736949970274,326.26923444957714,0.3508668541908264,0.023915965
14,1,-1.0130185144971728,49.118912285736045,1.1781624555587769,1.8512916564941406,-328.9092102050781,-136.6221466064453,0.3084927201271057,6.194437503814697,83018.2734375,1.867788553237915,319.80804443359375,31.036266326904297,-138.99567920080065,330.9778742745545,0.31085386872291565,0.00039721027
14,1,-1.1058305925136354,40.93965629720382,1.1717617511749268,1.8066439628601074,278.21417236328125,304.0890808105469,0.2520877420902252,6.156120300292969,90699.0859375,1.8792729377746582,389.09783935546875,30.494871139526367,301.0758607447844,-277.60688552310177,0.25419771671295166,0.004177413
14,1,-1.3893230783297599,35.491107031885235,1.0723882913589478,1.8176813125610352,92.58234405517578,-372.48919677734375,0.35078635811805725,4.456069469451904,93925.3203125,1.9699649810791016,528.287109375,21.554845809936523,-373.20730552107653,-88.44594444513024,0.3508668541908264,0.37110636
14,1,-1.9250462187420785,42.413901377015975,1.1590076684951782,1.8040823936462402,-306.8515625,152.3683624267578,0.27936241030693054,2.8282370567321777,76543.3515625,1.8254650831222534,350.4332580566406,4.164363861083984,152.58990077710638,306.30635696208594,0.2791964113712311,0.0045152567
14,1,-1.2083418764286846,34.40038188643451,1.0615403652191162,1.8237172365188599,-178.91775512695312,308.6147155761719,0.3656958341598511,5.241876602172852,85013.4453125,1.8428407907485962,414.7452087402344,25.670705795288086,306.70122720845586,181.5075247536081,0.3650016486644745,0.527327
14,1,-1.5996691579346969,45.527941350928124,1.1611177921295166,1.855509877204895,-320.8210144042969,-201.05035400390625,0.28799259662628174,1.593758225440979,70562.53125,1.8426642417907715,336.3706359863281,8.455587387084961,-201.1661955586984,317.2814016986108,0.28660306334495544,0.0029798623
14,1,-0.8660128587481166,35.401027316083706,1.0549428462982178,1.8217741250991821,371.65142822265625,150.9553985595703,0.4045029580593109,5.770423412322998,85846.0546875,1.8345469236373901,400.31903076171875,54.499507904052734,149.0528778385899,-368.1672516689238,0.40525344014167786,0.46602765
14,1,-1.2861241670902481,42.94981471070514,1.1876108646392822,1.850007176399231,-252.59519958496094,278.4178466796875,0.24871236085891724,1.8721956014633179,79040.703125,1.8891301155090332,406.623779296875,21.04100799560547,278.38807677052955,253.53389037839526,0.24962899088859558,0.0044235606
14,1,-1.0131820576587443,48.525846464547705,1.1867536306381226,1.8535304069519043,-55.73624801635742,359.4092712402344,0.412528395652771,5.283868312835693,92939.46875,1.9262197017669678,377.9255065917969,36.662574768066406,350.7867524321559,59.57109894986622,0.40973061323165894,0.0009864001
14,1,-1.1981922083138308,36.49006860230335,1.188051462173462,1.8210206031799316,352.90838623046875,-159.24862670898438,0.24791070818901062,3.4916446208953857,75685.453125,1.8462411165237427,431.1532897949219,27.31730842590332,-158.849827128327,-354.8512946759478,0.25181281566619873,0.05313551
14,1,-1.3628487466604342,44.8960387852296,1.152197241783142,1.848333716392517,-58.03522491455078,-372.9519958496094,0.37664055824279785,3.487501382827759,94898.8125,1.8823636770248413,369.1512145996094,16.008581161499023,-373.1720289784745,61.67933816227815,0.37830984592437744,0.0054673557
14,1,-1.1619093295818657,36.09610550979961,1.143822193145752,1.8622385263442993,-309.4563293457031,146.65660095214844,0.19734789431095123,0.862384021282196,83316.640625,1.8610186576843262,405.62957763671875,27.93950653076172,144.96375867147998,308.33281891062,0.20032952725887299,0.16623107
14,1,-1.2264694937885665,41.30655157685832,1.1824414730072021,1.8454684019088745,-10.941746711730957,325.5941162109375,0.3679054379463196,5.265118598937988,85013.4453125,1.9120535850524902,443.79327392578125,26.34568977355957,322.8795247096694,12.162263236637964,0.3650016486644745,0.014198933
14,1,-1.196042747765231,46.297593336795174,1.1827106475830078,1.8156425952911377,-139.57492065429688,307.8021545410156,0.39220288395881653,4.108628273010254,97547.578125,1.952148199081421,430.0271301269531,27.381139755249023,310.0891184687852,143.4507477066295,0.3919929563999176,0.0014909288
14,1,-0.8841302650984699,46.78451787676657,1.1878186464309692,1.7980871200561523,-266.3619079589844,259.61639404296875,0.4091264307498932,5.769928932189941,85846.0546875,1.9151185750961304,393.3930969238281,51.368350982666016,256.224645587237,267.74442302128796,0.40525344014167786,0.00086585886
14,1,-1.4021785344768478,46.12241177444597,1.1392943859100342,1.9025413990020752,388.7726135253906,83.03055572509766,0.40496644377708435,6.093468189239502,78041.1875,1.9595412015914917,427.48602294921875,16.933269500732422,78.93639822833718,-388.91127729569115,0.39995765686035156,0.0066660033
14,1,-1.1369167648390288,37.53614862716157,1.1856142282485962,1.8675479888916016,-254.90269470214844,306.6569519042969,0.4495104253292084,0.3903096318244934,85983.8984375,1.8681495189666748,398.5367126464844,29.0770320892334,303.7248657081202,253.59533647820598,0.44744279980659485,0.26592484
14,1,-1.5411675669593676,26.631318559584074,1.1431074142456055,1.9466177225112915,-257.3045654296875,326.7867736816406,0.40792399644851685,3.3429296016693115,93435.8125,2.0381314754486084,864.1708984375,24.855947494506836,330.64434952970714,257.73287382859314,0.4100746810436249,0.9063871
14,1,-1.2163824328765176,46.14487749352496,1.1645551919937134,1.810567855834961,-368.358154296875,-115.88011932373047,0.41097745299339294,1.3242546319961548,92625.125,1.8406511545181274,337.19476318359375,20.487844467163086,-117.09524019128132,363.1971157578681,0.41196998953819275,0.0030271672
14,1,-1.463976313538479,37.652273401887285,1.104431390762329,1.9132620096206665,313.386962890625,-136.1477508544922,0.410215824842453,3.3356473445892334,93435.8125,2.0070083141326904,534.2977294921875,18.35712432861328,-132.21776522199573,-314.6217001574101,0.4100746810436249,0.42385492
14,1,-1.1330316417208701,42.19950215067006,1.1770344972610474,1.8503563404083252,-260.5616149902344,-224.7810821533203,0.2570158541202545,5.294151782989502,84739.984375,1.840323567390442,349.29620361328125,25.71346092224121,-228.2062519507067,263.28052971930447,0.25586825609207153,0.0046948437
14,1,-1.795475137677579,34.807795480411755,1.0636467933654785,1.92620849609375,184.03245544433594,-270.4871826171875,0.23632894456386566,4.543106555938721,97326.8203125,1.9557809829711914,542.6541748046875,8.690464973449707,-272.23774405231444,-180.08568715087384,0.23775264620780945,0.5848176
14,1,-1.660010441853041,42.79423673706679,1.1501044034957886,1.9110878705978394,8.284221649169922,-320.53985595703125,0.46753984689712524,1.1364974975585938,95505.8125,2.037001848220825,550.5397338867188,12.044107437133789,-323.8096221219493,-11.994010715950907,0.4664631187915802,0.073503725
14,1,-0.8117642835979102,38.316139323735705,1.123867154121399,1.832016110420227,-15.630958557128906,349.9933166503906,0.19424419105052948,5.273077011108398,95393.7421875,1.884139060974121,418.6372985839844,64.5762710571289,350.0997084400379,18.580780923624445,0.1923636645078659,0.027836237
14,1,-1.189744697361352,44.79286585154701,1.1326183080673218,1.817344307899475,304.5421142578125,-236.84239196777344,0.2219160944223404,1.6252145767211914,79768.140625,1.8811982870101929,368.76873779296875,23.823610305786133,-236.94621795481095,-306.084570980707,0.22529448568820953,0.0021185405
14,1,-1.3591878511081845,42.97191941595189,1.0871065855026245,1.8595964908599854,256.4159851074219,200.5324249267578,0.30224913358688354,4.928611755371094,76711.4921875,1.939069390296936,431.16192626953125,18.856029510498047,199.51558405326048,-254.35270866313485,0.28682947158813477,0.015103021
14,1,-1.041713317080763,38.090071693373616,1.1879268884658813,1.8049705028533936,-305.623046875,-260.127685546875,0.375728964805603,3.713799238204956,86543.0078125,1.8737744092941284,400.4998474121094,36.38210678100586,-258.75344440153816,309.030014389153,0.37707820534706116,0.047031607
14,1,-1.2238659705419672,30.882725788305116,1.1925840377807617,1.8570213317871094,209.04144287109375,358.8236389160156,0.3338550627231598,4.163753032684326,97419.859375,1.9444187879562378,619.5350952148438,36.99974822998047,359.32090897267534,-204.88984007338416,0.33407220244407654,0.6756451
14,1,-1.183993548553279,43.39697546033084,1.0900968313217163,1.7976187467575073,356.3567199707031,-166.9125213623047,0.2000606656074524,1.402838110923767,71745.4375,1.8034058809280396,293.5802307128906,19.219009399414062,-167.70631522395988,-355.10566872429814,0.19670909643173218,0.004151977
14,1,-1.2737335926205946,36.40196466352035,1.18231201171875,1.8263169527053833,-177.29611206054688,344.2368469238281,0.272426962852478,2.1505866050720215,93507.1484375,1.8880090713500977,488.3007507324219,25.998729705810547,344.95824809499084,176.46120849925535,0.2730396091938019,0.089054935
14,1,-0.81396158636271,31.81706753293915,1.17676842212677,1.831465244293213,142.32627868652344,346.6640319824219,0.29339727759361267,5.941712379455566,97934.546875,1.8899441957473755,503.99822998046875,77.35116577148438,343.7932450176357,-142.9989651422183,0.2918482720851898,0.45679745
14,1,-0.8967177549394574,45.008571188876985,1.1079292297363281,1.8458596467971802,279.1108703613281,172.31796264648438,0.24663694202899933,0.7656370401382446,77744.1328125,1.8578824996948242,339.1922912597656,43.02562713623047,169.01957469958302,-281.8001450624121,0.23996077477931976,0.0049528126
14,1,-0.9656792330351739,44.12014607292461,1.1365571022033691,1.8416266441345215,-275.9694519042969,-187.26052856445312,0.19015921652317047,3.79815673828125,78778.9296875,1.92548668384552,406.614990234375,44.0051155090332,-183.6339313906459,276.83698872419103,0.1880069524049759,0.0021390987
14,1,-1.218320738880556,44.66305104947997,1.1898711919784546,1.8336293697357178,252.12100219726562,256.318115234375,0.3484567403793335,2.4984428882598877,96720.96875,1.9374462366104126,424.0820617675781,25.652368545532227,256.7580264922391,-254.83058644935784,0.34904250502586365,0.0030905942
14,1,-1.1011143588423056,34.04105416665705,1.1448012590408325,1.8875048160552979,-358.7378234863281,-196.35501098632812,0.2371993064880371,2.8890373706817627,86772.015625,1.883837103843689,485.7908630371094,38.48875427246094,-194.50672675996088,358.7577189098788,0.23673203587532043,0.43660656
14,1,-0.817353881722888,41.821100992168844,1.1596349477767944,1.8102331161499023,132.47996520996094,-317.09100341796875,0.28853240609169006,0.6807263493537903,88358.09375,1.818865418434143,347.58245849609375,52.930152893066406,-318.5579850670401,-133.97781658125174,0.29103583097457886,0.00940312
14,1,-1.0498295415958585,39.578850297307596,0.9846907258033752,1.8585182428359985,-395.94085693359375,82.99229431152344,0.23441235721111298,2.925088405609131,86772.015625,1.8461439609527588,343.90423583984375,30.662429809570312,85.68350575984078,396.27475674555063,0.23673203587532043,0.15746808
14,1,-1.1705358642101342,45.50689917224548,1.1921359300613403,1.8811675310134888,-253.6347198486328,304.26666259765625,0.1831272840499878,4.510164737701416,81563.34375,1.9070873260498047,369.4453430175781,24.946670532226562,300.05363032589526,253.1711700162371,0.18467438220977783,0.0009631962
14,1,-0.6876362170833115,27.977279356037034,1.168728232383728,1.8267583847045898,127.22563171386719,-349.46124267578125,0.3661872148513794,1.6282490491867065,91708.1953125,1.8976513147354126,682.81787109375,140.17428588867188,-348.50521781769595,-130.5396919192896,0.37656110525131226,0.8525451
14,1,-0.8314890792693728,37.19308635594758,1.1737773418426514,1.8381986618041992,372.787841796875,155.37725830078125,0.26794731616973877,4.655313014984131,99949.25,1.8739070892333984,419.8692932128906,61.89054870605469,157.36860140469815,-373.452958481774,0.273101270198822,0.055656847
14,1,-1.2159959642061808,48.66573507695641,1.1929681301116943,1.7976187467575073,-344.21136474609375,-238.48419189453125,0.20029890537261963,4.496464729309082,98994.140625,1.799486756324768,280.4426574707031,17.054758071899414,-240.5334100838162,345.9203562040423,0.20343706011772156,0.00012874304
14,1,-1.0874727057074778,48.5471833934013,1.1991389989852905,1.808580994606018,290.9451904296875,172.66033935546875,0.33362171053886414,4.55940055847168,99272.6171875,1.8578914403915405,321.5595397949219,26.289785385131836,172.98516353751407,-284.5842490227037,0.33031943440437317,0.00032899834
14,1,-1.0012204309783155,35.697888181891244,1.0895366668701172,1.8588756322860718,-390.1768798828125,132.6346893310547,0.4195149540901184,0.7339622974395752,89928.8828125,1.9822664260864258,550.6715087890625,54.91252136230469,129.52571564901382,386.6478430350229,0.42068731784820557,0.5858899
14,1,-1.3823347619672615,29.91711547676738,1.1824184656143188,1.8557838201522827,226.11009216308594,-278.40911865234375,0.40487369894981384,5.491170883178711,76278.0703125,1.8666411638259888,582.8401489257812,24.166452407836914,-279.5726371760508,-223.87185839992878,0.40807729959487915,0.7767913
14,1,-1.703808889435978,32.49526252355854,0.9298263788223267,1.8399696350097656,347.547607421875,40.129669189453125,0.179480642080307,2.3770875930786133,97355.8125,1.8690952062606812,438.8789978027344,8.68022346496582,42.451081990804724,-349.2343854397836,0.17527654767036438,0.7940424
14,1,-1.04682670861555,44.17693830151707,1.0827662944793701,1.8046507835388184,145.62588500976562,-340.4308166503906,0.3691357970237732,3.2524497509002686,72944.0859375,1.8623019456863403,352.3046569824219,31.629352569580078,-339.0641147747343,-139.98280483131435,0.36471372842788696,0.0088426275
14,1,-1.3469338512534974,34.9089591141251,0.9748102426528931,1.9132620096206665,190.46958923339844,270.8993835449219,0.4078429341316223,5.114465713500977,94695.1015625,2.0064773559570312,589.9803466796875,26.540069580078125,268.22620416420983,-186.47949742178267,0.41279351711273193,0.7996549
14,1,-1.6211042845311943,37.27528983985883,1.1013643741607666,1.7972780466079712,51.98642349243164,-401.69793701171875,0.38553956151008606,0.8640757203102112,73670.6640625,1.9132295846939087,457.4700622558594,10.945974349975586,-403.83598526756293,-55.82513326955522,0.38745665550231934,0.21108301
14,1,-1.1766552956021714,44.56604885927273,1.101987361907959,1.8127894401550293,222.01211547851562,-307.2476501464844,0.3169516623020172,3.302251100540161,82717.3828125,1.9201154708862305,401.77874755859375,26.750385284423828,-305.7800212911618,-220.9117610722372,0.32080087065696716,0.0046557817
14,1,-1.0317349602162245,46.43478917998026,1.1663639545440674,1.8630132675170898,-330.0580749511719,55.800411224365234,0.3210960030555725,3.7507035732269287,89553.109375,1.911043405532837,366.4240417480469,34.06024169921875,56.18838441284811,332.65602393407113,0.32511118054389954,0.0019912566
14,1,-1.0484481229530929,36.55334842692555,1.1837210655212402,1.8076449632644653,298.72369384765625,-253.69969177246094,0.4186469316482544,2.680116653442383,92371.71875,1.9215013980865479,519.1885375976562,46.438270568847656,-249.6485637881603,-298.95945095079924,0.41736602783203125,0.15585597
14,1,-0.8983540822533702,45.12439377916351,1.1066523790359497,1.85772705078125,129.87501525878906,321.061279296875,0.363101601600647,5.389207363128662,94525.375,1.8663415908813477,351.52130126953125,44.421844482421875,318.85068703953317,-125.97098948379285,0.3618834614753723,0.006634711
14,1,-1.36659238860918,40.469317282441416,1.0803066492080688,1.8076449632644653,-293.0249328613281,-258.5966491699219,0.41774237155914307,5.19755744934082,75114.9375,1.928126335144043,423.4999694824219,18.207847595214844,-261.81319835868265,297.87112791503125,0.41492652893066406,0.056753747
14,1,-0.662066700158337,45.41271799971228,1.1382091045379639,1.8309221267700195,102.61380004882812,-352.2453918457031,0.3656436502933502,3.7109320163726807,71379.09375,1.8586963415145874,328.36614990234375,71.4975357055664,-352.265750530558,-102.6434850723651,0.3665664792060852,0.003686502
14,1,-1.046820415027037,32.78433261697557,1.0389795303344727,1.8280826807022095,389.85540771484375,91.2801742553711,0.3638968765735626,1.1002171039581299,94669.65625,1.8487613201141357,428.7610778808594,38.49406814575195,89.8481131622692,-393.01879344593857,0.3688240349292755,0.7736461
14,1,-1.2493089316232722,44.47314325372162,1.1451319456100464,1.8174331188201904,166.4850616455078,-320.44781494140625,0.3452640473842621,3.8930397033691406,88266.8359375,1.9175012111663818,396.18878173828125,22.314712524414062,-319.2511736028939,-163.06541263323868,0.34695857763290405,0.0035978274
14,1,-1.3707636062661397,38.95943284994115,1.130453109741211,1.863004207611084,278.0946350097656,257.3119812011719,0.3785170912742615,2.854624032974243,74763.7421875,1.9006001949310303,421.1190185546875,17.932416915893555,262.39822492831394,-276.96356785792125,0.37729373574256897,0.13099062
14,1,-1.1568840080635039,28.709146381142887,1.1930525302886963,1.8372483253479004,28.036714553833008,373.67315673828125,0.2804027795791626,4.971007347106934,76993.9921875,1.8392691612243652,530.5298461914062,36.96788787841797,373.4277312625493,-24.896900015212317,0.28318408131599426,0.740633
14,1,-0.985727155394147,36.893565426813176,1.183571696281433,1.8890434503555298,-349.8624572753906,82.10224914550781,0.20131438970565796,1.5826658010482788,76978.3671875,1.8664135932922363,412.6589660644531,42.644508361816406,80.8648697319154,347.8880864086153,0.2015073001384735,0.101970665
14,1,-1.1119326905083446,46.966422944517774,1.1888525485992432,1.8003721237182617,353.2884521484375,-151.5160675048828,0.44782403111457825,0.4273620545864105,70535.8828125,1.8203870058059692,303.81158447265625,23.478469848632812,-155.46008716709565,-356.5566143719756,0.44562628865242004,0.002211399
14,1,-1.2454880936557229,46.80646510685458,1.1610499620437622,1.8933188915252686,77.5884017944336,368.649658203125,0.2591264247894287,4.700161457061768,92626.3828125,1.9276598691940308,367.96014404296875,20.907909393310547,367.7799251484083,-76.39866006461311,0.26198020577430725,0.0015628873
14,1,-1.446461993108347,46.34970994955359,1.1700809001922607,1.8887109756469727,313.70843505859375,185.54574584960938,0.25120118260383606,2.6730546951293945,88369.3359375,1.9521510601043701,417.1624450683594,14.922455787658691,186.55227706473877,-315.9097273500865,0.25236305594444275,0.0019817501
14,1,-1.2834735762119678,32.04438486456449,1.1237874031066895,1.835438847541809,321.8708801269531,196.88302612304688,0.3338640630245209,3.1993367671966553,94832.40625,1.9171737432479858,507.4046936035156,26.4167423248291,197.06565352123877,-322.2586258854643,0.33857816457748413,0.672052
14,1,-1.270312964965134,41.5338612496883,1.1958972215652466,1.8627148866653442,-399.6120910644531,14.857696533203125,0.2884991466999054,3.7925095558166504,73664.0859375,1.863897442817688,361.7333679199219,19.412137985229492,12.496012858737995,403.95193666225293,0.29195037484169006,0.009277235
14,1,-0.9674558084580428,43.75407048586664,1.12461519241333,1.826365351676941,-96.38323974609375,-324.15032958984375,0.21576091647148132,1.7187355756759644,92245.390625,1.898796558380127,410.91168212890625,44.28857421875,-323.8827499519416,94.60711222988212,0.21622253954410553,0.003775236
14,1,-0.7976325823587066,44.88412031297319,1.0908076763153076,1.82318115234375,113.86380004882812,360.84747314453125,0.23322360217571259,0.399143785238266,74399.5234375,1.8572404384613037,350.77471923828125,55.8978271484375,360.0339544850347,-113.05295309985898,0.23420698940753937,0.004549099
14,1,-1.2257435179004685,45.365418302051495,1.1862850189208984,1.7981131076812744,335.64154052734375,252.2929229736328,0.29272016882896423,3.8021717071533203,73664.0859375,1.833249807357788,311.369873046875,18.51529884338379,255.6833951142109,-334.07482657594795,0.29195037484169006,0.00086474913
14,1,-0.8464140077484099,49.74978509324612,1.1788095235824585,1.804281234741211,-215.45489501953125,-259.79022216796875,0.30635249614715576,5.427993297576904,77282.078125,1.8632158041000366,326.63787841796875,46.52127456665039,-261.25747590164485,216.3402389759996,0.30417367815971375,0.000198639
14,1,-1.2133171405290506,40.20417576587337,1.067826271057129,1.8973040580749512,319.675048828125,-16.708236694335938,0.34592917561531067,3.2592215538024902,98163.890625,1.921061635017395,431.72808837890625,26.41748809814453,-12.84663072289568,-318.43092337030345,0.34990936517715454,0.15806758
14,1,-1.1306870658179782,45.624267566618364,1.1974676847457886,1.8962323665618896,362.2525634765625,18.62805938720703,0.26430830359458923,0.7375383377075195,93311.125,1.9127062559127808,373.8018798828125,27.666412353515625,16.688203489177017,-362.2952081865339,0.2655949294567108,0.0031690537
14,1,-1.3107398684411593,44.0854693102279,1.1898895502090454,1.7980871200561523,191.26052856445312,-335.99554443359375,0.40693196654319763,1.459792971611023,77030.4921875,1.9150367975234985,403.1058044433594,19.709562301635742,-336.3467273535094,-196.0471077984143,0.40224528312683105,0.0043316362
14,1,-1.1600784256879346,43.3217565195783,1.1222885847091675,1.8520187139511108,-226.5536651611328,-301.9996032714844,0.1984630674123764,4.24945068359375,80817.140625,1.8536542654037476,356.84783935546875,24.68328094482422,-301.64848964259505,227.6396542219238,0.1963011473417282,0.004072179
14,1,-1.311631540335351,44.780782199367486,1.084514856338501,1.8640201091766357,357.3246765136719,28.299715042114258,0.31799185276031494,5.540576934814453,97644.296875,1.9759808778762817,458.0232849121094,22.348793029785156,25.46417823870734,-353.6498207131018,0.3219444751739502,0.007646402
14,1,-0.9622656084899218,41.222506378937176,1.0738635063171387,1.8049705028533936,-98.80299377441406,345.9727478027344,0.3766099214553833,4.604770660400391,81477.015625,1.8737684488296509,369.69482421875,40.32521438598633,343.05349756828184,102.24084114709851,0.37421756982803345,0.033507515
14,1,-0.6831340907167504,40.211180858535016,1.1003245115280151,1.8221956491470337,289.7611083984375,-188.36068725585938,0.32314932346343994,1.9977670907974243,86888.2890625,1.8607535362243652,359.9320373535156,74.65962982177734,-188.29917523776058,-291.2276397832954,0.32401373982429504,0.04791612
14,1,-1.0048362921183935,43.88536781831637,1.1619473695755005,1.870635986328125,-328.8008117675781,-29.04697608947754,0.32186880707740784,5.547197341918945,97644.296875,1.944449782371521,465.4328918457031,46.02775955200195,-32.8597499270727,332.0205769470453,0.3219444751739502,0.0053866315
14,1,-1.3636719773155308,35.480417776442,1.1503067016601562,1.902336597442627,-388.32586669921875,71.22390747070312,0.45941460132598877,3.0384507179260254,85369.59375,2.0072290897369385,596.9737548828125,25.8393497467041,74.54099858675964,388.55733342788784,0.46239784359931946,0.590989
14,1,-1.4102090069802773,48.01710979866971,1.198958158493042,1.8852709531784058,-122.09113311767578,367.36572265625,0.27605581283569336,3.9602410793304443,76073.1796875,1.9026696681976318,374.54010009765625,14.564189910888672,367.8947871571999,123.36488459920535,0.2769763767719269,0.00074233377
14,1,-1.0887998980278526,38.16655923806451,1.1073901653289795,1.8009363412857056,-136.96725463867188,-316.6059875488281,0.3020504117012024,0.151563823223114,87418.328125,1.8529291152954102,355.2181091308594,28.9530086517334,-320.66775979802054,137.2551281565443,0.30260169506073,0.09529191
14,1,-1.0878214654221547,44.79100762206272,1.1174126863479614,1.9214422702789307,69.87394714355469,340.7987976074219,0.17553384602069855,1.15544855594635,99850.1875,1.9103384017944336,381.96026611328125,31.202926635742188,340.256336972913,-70.90973712959956,0.1738576591014862,0.007462045
14,1,-1.464231952436481,26.796832446430596,1.154767632484436,1.9089019298553467,-321.26470947265625,-84.24293518066406,0.43423745036125183,2.3265795707702637,84903.546875,2.017835855484009,754.8176879882812,25.918415069580078,-82.40077273724852,321.1793083820992,0.4359232187271118,0.9019026
14,1,-1.616235675025373,42.07911573114271,1.1747283935546875,1.8416138887405396,202.8371124267578,357.4843444824219,0.28032785654067993,3.356661558151245,72443.3984375,1.8452675342559814,328.3297119140625,7.944545269012451,356.7984752148433,-201.88738976811212,0.27979135513305664,0.006870675
14,1,-1.2530173881185376,32.33450485892264,1.0531086921691895,1.8326739072799683,97.40763092041016,-367.3503723144531,0.19116829335689545,2.52335786819458,95453.3359375,1.8665821552276611,471.302001953125,26.319658279418945,-365.40059227511125,-96.95976818822655,0.1934526264667511,0.6301863
14,1,-1.2047996170375652,45.42829993063759,1.144677758216858,1.9292449951171875,356.5692443847656,169.9364013671875,0.4142880439758301,1.5721704959869385,97337.8046875,2.0225090980529785,513.0767211914062,32.017051696777344,168.21569406300824,-360.53398481714004,0.4161241054534912,0.02139443
14,1,-1.1831103977459283,44.81597196242817,1.1897850036621094,1.8339064121246338,10.877506256103516,349.8651428222656,0.3811137080192566,2.3617196083068848,95523.3984375,1.9350124597549438,451.0762634277344,29.58953285217285,352.0128152694488,-13.111537163824602,0.380007803440094,0.0037292943
14,1,-1.0118047262029224,41.10734936023387,1.138170599937439,1.8593990802764893,69.65863037109375,-336.79132080078125,0.20129360258579254,4.70476770401001,90896.296875,1.8450696468353271,331.73199462890625,32.28355026245117,-336.461974386916,-65.95108879597504,0.20274876058101654,0.009938432
14,1,-1.206008640340103,48.1112287334497,1.1772640943527222,1.8579442501068115,340.8664855957031,-69.5986557006836,0.37821829319000244,2.3600854873657227,95523.3984375,1.923291563987732,389.23150634765625,24.22130584716797,-69.49986004314454,-341.5194790577853,0.380007803440094,0.0015546165
14,1,-0.865839344031131,45.05335005728206,1.1746864318847656,1.8883856534957886,123.71769714355469,345.66064453125,0.20127065479755402,4.688431262969971,90896.296875,1.8861110210418701,380.5459899902344,51.82830047607422,345.71028129788897,-123.0570784443711,0.20274876058101654,0.0017032634
14,1,-0.4147261073614622,44.9198269404829,1.1851788759231567,1.804598331451416,-247.27603149414062,251.8606719970703,0.5227651000022888,3.306708335876465,89273.828125,1.9059557914733887,377.20587158203125,145.1616973876953,257.65229869294933,249.87824441035343,0.5234329104423523,0.005987301
14,1,-1.1286722008352497,48.63551463817744,1.1815707683563232,1.8468936681747437,-356.91912841796875,124.00320434570312,0.3134818375110626,2.8860371112823486,72568.0234375,1.9031795263290405,343.8320617675781,25.566570281982422,125.32864181194283,356.69627478522534,0.3136877715587616,0.00066165486
14,1,-1.566543451354934,28.624765863605447,1.1355901956558228,1.8003721237182617,390.8329162597656,-142.58428955078125,0.4473288059234619,2.709596633911133,89829.3046875,1.820884346961975,463.9510803222656,12.587088584899902,-138.87215190377324,-391.01292738640683,0.44646814465522766,0.85348386
14,1,-0.9506414599963374,39.08407525766371,1.0589123964309692,1.8017687797546387,112.52843475341797,338.1907653808594,0.25556355714797974,3.075451374053955,74459.84375,1.8098993301391602,344.1554260253906,38.55778121948242,338.82823435415685,-111.80637192182103,0.25294554233551025,0.054366775
14,1,-1.2054464572193075,47.02181227267249,1.1893677711486816,1.8203967809677124,-335.6681823730469,-114.6171875,0.4223419427871704,3.461608409881592,96979.4375,1.9446741342544556,405.334228515625,25.256031036376953,-111.9795150178177,338.47988120371355,0.4213460385799408,0.0014891331
14,1,-1.3236361567454444,46.36605585563133,1.143346905708313,1.8632473945617676,58.94070816040039,-360.7314147949219,0.3832085430622101,3.716083288192749,97122.9921875,1.9953231811523438,451.92236328125,21.449918746948242,-356.74715226616553,-56.553133237452066,0.3853321075439453,0.004010823
14,1,-0.9694231436108887,32.995453053827674,1.184855580329895,1.8322231769561768,26.204233169555664,-402.9280700683594,0.3128918707370758,6.0685038566589355,89529.21875,1.8833353519439697,525.484375,56.381404876708984,-406.3490755712837,-24.719900591922414,0.3145666718482971,0.3302062
14,1,-1.0479955009274997,44.49859034793249,1.1697428226470947,1.9265375137329102,54.59724426269531,-345.6224670410156,0.41094982624053955,1.0996944904327393,93877.0703125,1.9863650798797607,494.7149353027344,44.29539108276367,-347.5229236744657,-55.91437504005656,0.40872690081596375,0.02479797
14,1,-1.227956299141172,42.457593333724226,1.1575744152069092,1.863004207611084,-326.3866882324219,-73.63488006591797,0.3781820833683014,1.0280333757400513,95900.2265625,1.912147879600525,401.51348876953125,23.754287719726562,-75.33211931671151,324.5077890936232,0.37726977467536926,0.025506452
14,1,-0.9382880939168601,48.93223221826657,1.174194574356079,1.8033413887023926,-37.779991149902344,-413.3746643066406,0.40127032995224,1.6335591077804565,78601.9140625,1.8645522594451904,330.3637390136719,38.080543518066406,-412.2938827058501,28.60316906494242,0.4012572765350342,0.00080444076
14,1,-1.302160863907332,48.39481141587264,1.152771234512329,1.898281455039978,-92.82679748535156,-397.72723388671875,0.4660896360874176,5.329298496246338,93300.8125,2.0132102966308594,468.84124755859375,23.381000518798828,-399.83661847956665,97.01697627076013,0.46823862195014954,0.0035634283
14,1,-1.5474652834049774,31.754866684749814,1.1907529830932617,1.913415551185608,-154.67703247070312,-364.3441467285156,0.3673419654369354,6.206367015838623,98775.1875,1.9884611368179321,687.2861328125,19.483638763427734,-368.17117067623343,155.37060716387498,0.3698212802410126,0.6972179
14,1,-1.4693136243257505,45.2053808367515,1.182652235031128,1.808316707611084,243.1921844482422,-285.6748352050781,0.30229002237319946,5.140630722045898,86340.421875,1.8470745086669922,354.0462951660156,12.01552677154541,-288.14710787213545,-242.08934992243059,0.3047487437725067,0.0009881777
14,1,-1.2731509189157733,43.194389081248076,1.1022192239761353,1.8173540830612183,-201.21163940429688,367.2725524902344,0.40078142285346985,5.435815334320068,78218.671875,1.9108428955078125,386.64569091796875,20.61389923095703,361.8666899201892,206.32334244218353,0.39778363704681396,0.012457218
14,1,-1.1508554821081494,36.68947509490172,1.1616414785385132,1.8217741250991821,348.1918640136719,166.85009765625,0.40652742981910706,6.074036598205566,73917.796875,1.8403019905090332,395.2578125,27.926944732666016,168.5715630820074,-350.63670016760534,0.4156019389629364,0.13863204
14,1,-1.1467992414523085,48.094285984656516,1.1968899965286255,1.8204476833343506,410.23211669921875,-33.293819427490234,0.3916243314743042,4.1145429611206055,97547.578125,1.8674192428588867,318.365966796875,22.70520782470703,-31.69080204293244,-407.3114136067711,0.3919929563999176,0.00069697056
14,1,-1.2347113483485492,36.92356159229854,1.1459453105926514,1.903283715248108,-10.180398941040039,-331.38592529296875,0.249716117978096,5.7806878089904785,80374.40625,1.9309961795806885,503.8446350097656,29.348358154296875,-333.7915884895234,11.379068861610623,0.2512718141078949,0.14789598
14,1,-1.1889651260864258,40.651719156427184,1.0505566596984863,1.8029329776763916,284.48956298828125,-262.4304504394531,0.26726996898651123,6.1675124168396,79762.4921875,1.81659996509552,328.99517822265625,21.29228973388672,-264.52046615594446,-284.89980684453906,0.2654595375061035,0.021267937
14,1,-1.209331425914757,46.56603625425071,1.0971323251724243,1.8321759700775146,-189.68992614746094,354.5750732421875,0.2939974069595337,4.823971748352051,94412.671875,1.9130833148956299,383.5844421386719,23.687963485717773,355.0668237759588,194.8186281657051,0.29133161902427673,0.00195474
14,1,-0.48451095153927065,40.59510486653317,1.1741430759429932,1.8238600492477417,272.07891845703125,-205.70437622070312,0.2496359944343567,5.783725261688232,80374.40625,1.8607203960418701,392.0701904296875,128.4850311279297,-209.14588673946025,-270.51381207690923,0.2512718141078949,0.0062832474
14,1,-0.5805585399996912,45.100997999238615,1.1278184652328491,1.87125825881958,-331.6944274902344,-236.4053497314453,0.2761462330818176,0.7651718854904175,78884.484375,1.8677221536636353,355.5115966796875,93.3887939453125,-238.99787245813695,331.5108356464925,0.27842631936073303,0.0064828927
14,1,-0.9984988229484268,46.074310939684125,1.184677004814148,1.8664970397949219,-147.11415100097656,-360.0550537109375,0.1825847327709198,4.5378570556640625,82669.1328125,1.8890591859817505,349.94940185546875,35.11601257324219,-360.6810099025484,151.1424192346246,0.18261253833770752,0.00069397304
14,1,-1.2730789541983998,47.68056202384858,1.1898384094238281,1.8029329776763916,67.5633773803711,339.53753662109375,0.2673990726470947,6.176409721374512,79762.4921875,1.8166528940200806,303.7506408691406,16.197036743164062,337.14314459788045,-68.16888375785982,0.2654595375061035,0.00024630284
14,1,-1.3355987120837265,40.397376709005236,1.0357294082641602,1.8055652379989624,18.626712799072266,-377.7391662597656,0.23686611652374268,4.2566633224487305,89829.4765625,1.8127731084823608,328.5202941894531,15.16912841796875,-378.2368463711951,-16.192246170692666,0.2369850128889084,0.029851364
14,1,-1.428741888755993,40.584954738856304,1.1502991914749146,1.8066439628601074,-89.89749908447266,-374.3640441894531,0.24903802573680878,6.201595783233643,81948.7578125,1.8752764463424683,408.2889709472656,15.213281631469727,-377.5886304871172,89.88432832782692,0.24963173270225525,0.006226979
14,1,-1.2258030173530043,40.53570869892294,1.0711966753005981,1.830215334892273,-185.73443603515625,-274.40234375,0.39240726828575134,3.2761354446411133,95657.53125,1.9380422830581665,431.41961669921875,25.650461196899414,-273.5405316544318,188.0547807424583,0.3994137644767761,0.08342012
14,1,-1.1855530126362537,46.849095661337095,1.1810542345046997,1.804281234741211,303.3913269042969,244.66688537597656,0.3056737184524536,0.6012371778488159,84254.0703125,1.8641746044158936,325.66717529296875,21.24315071105957,240.61786427956062,-305.26655778838864,0.3018913269042969,0.0010128678
14,1,-0.9127780201299017,42.01141366589613,1.1006970405578613,1.914840817451477,-410.44873046875,-71.65006256103516,0.3140263855457306,0.7347275018692017,99931.921875,1.9867966175079346,460.1479797363281,56.249507904052734,-75.4965123439391,407.62000541491244,0.3135213851928711,0.071454495
14,1,-1.085056827926193,44.16741692508989,1.1980122327804565,1.8054887056350708,237.39613342285156,330.23583984375,0.2443639189004898,2.5596580505371094,78126.421875,1.8248279094696045,329.5106506347656,27.090126037597656,330.0034535036938,-237.68320437167534,0.24155764281749725,0.0011363882
14,1,-1.159124431326369,35.58182960995669,0.9203912019729614,1.8585182428359985,-341.3771057128906,67.15023040771484,0.23722365498542786,3.2192113399505615,96477.5,1.8462945222854614,393.189453125,27.256860733032227,67.87819498461796,339.66551622466875,0.23879678547382355,0.6577608
14,1,-1.3168855609498888,38.74209826984629,1.1857134103775024,1.8439198732376099,102.62684631347656,-361.3897399902344,0.41052091121673584,0.09037880599498749,97441.3203125,1.8885273933410645,439.33331298828125,21.179052352905273,-365.1141999579939,-101.8375593328175,0.4062389135360718,0.1100798
14,1,-1.2104610828789253,34.54307802034125,1.0847280025482178,1.8320049047470093,350.7098693847656,-177.54100036621094,0.21133467555046082,0.716288149356842,90267.8359375,1.922202706336975,486.1948547363281,29.94662094116211,-179.21432735629207,-351.303107194665,0.21242655813694,0.3812477
14,1,-0.8194734150464706,34.46022070089344,1.0886964797973633,1.8195775747299194,59.38214874267578,400.07696533203125,0.28283271193504333,3.195472478866577,92760.78125,1.8371174335479736,378.6215515136719,57.37611770629883,403.59578855292517,-58.157391041751126,0.28405168652534485,0.39081612
14,1,-1.2878409213252344,36.276071697803104,1.1488703489303589,1.8434429168701172,11.876143455505371,349.0887145996094,0.2385725975036621,3.2329628467559814,96477.5,1.870822548866272,406.3055114746094,20.941593170166016,351.0063299707286,-9.757212602419104,0.23879678547382355,0.118082605
14,1,-0.8011701107632958,41.02776889832329,1.1565415859222412,1.8251547813415527,-80.00411987304688,326.4973449707031,0.4568376839160919,0.1842648983001709,89307.6171875,1.9473553895950317,458.4000549316406,72.4559326171875,319.7028633119903,77.40447387908455,0.4593391716480255,0.056855466
14,1,-1.312256665668005,45.544655699518806,1.132308840751648,1.8157330751419067,368.90185546875,-29.61527442932129,0.39679354429244995,1.1346471309661865,69604.9140625,1.8658417463302612,356.27142333984375,17.358884811401367,-29.37946308651785,-368.71839838664494,0.3932194113731384,0.005414804
14,1,-1.3043153568032366,44.049539104430586,1.1159164905548096,1.8206638097763062,-35.513580322265625,-330.8877868652344,0.4745660126209259,1.8126014471054077,73206.4921875,1.9686990976333618,447.8819885253906,22.225231170654297,-327.2405283052693,30.759589578552028,0.4615022838115692,0.019763615
14,1,-1.0335752114655692,41.08808217743283,1.1212618350982666,1.8812483549118042,-259.2454528808594,196.2173309326172,0.41236016154289246,0.025601806119084358,91742.296875,1.9709392786026,489.0023498535156,45.262107849121094,192.0790361090405,258.1371809644241,0.4136560261249542,0.114348605
14,1,-0.9460668034082443,47.17902459157266,1.171209692955017,1.82468581199646,407.3170166015625,-89.8966064453125,0.395233690738678,0.47282278537750244,89665.71875,1.9260658025741577,396.983154296875,44.94737243652344,-93.63089288297562,-406.4869902904749,0.3937361538410187,0.0023243742
14,1,-1.2828075099878038,41.18721476942798,1.1875051259994507,1.8029881715774536,262.59716796875,-259.6056823730469,0.40299826860427856,4.654634952545166,97391.609375,1.9648733139038086,490.3605651855469,25.56856346130371,-260.09072009986085,-258.1715212078322,0.40047645568847656,0.010996077
14,1,-1.2252990806670225,39.368362048613506,1.1690043210983276,1.9202041625976562,-250.09671020507812,-309.7245178222656,0.22927963733673096,1.7194463014602661,98745.71875,1.9667407274246216,514.6229248046875,30.632936477661133,-308.59911975113704,247.09835569656167,0.2248770296573639,0.06518064
14,1,-1.2080491608900716,44.85619275727114,1.1450954675674438,1.8826236724853516,220.16390991210938,-337.012939453125,0.41185739636421204,2.5616800785064697,86418.078125,1.9473397731781006,408.8201904296875,25.321035385131836,-331.66211329212837,-220.45543150051367,0.41297775506973267,0.013327342
14,1,-1.1228146420698457,43.53960376754053,1.062596082687378,1.8754042387008667,-360.68328857421875,136.86874389648438,0.2607872784137726,1.7151507139205933,81464.4453125,1.8654639720916748,355.24578857421875,26.773963928222656,138.43622112985793,363.8476952852308,0.26482710242271423,0.021069385
14,1,-1.2073066140932407,42.075009622345895,1.1925110816955566,1.8496466875076294,-290.9740905761719,218.92970275878906,0.49572181701660156,1.4306381940841675,98360.5234375,1.9661656618118286,457.5968017578125,28.39061737060547,217.52947265678736,286.09687059238723,0.500541627407074,0.03662452
14,1,-1.030746639566072,43.6527984177084,1.153775691986084,1.798034429550171,245.3784942626953,285.00030517578125,0.4168192148208618,4.733149528503418,97369.9453125,1.8879826068878174,376.0909118652344,35.038455963134766,279.7790504551024,-241.28461608846226,0.41148641705513,0.005366759
14,1,-1.275133008855737,40.78328835540844,1.1435717344284058,1.85890793800354,-313.1517028808594,-124.8396987915039,0.34103772044181824,0.020043933764100075,92527.734375,1.9310091733932495,408.8774108886719,21.699918746948242,-134.69548954402495,311.20664379642466,0.3374611735343933,0.053148393
14,1,-1.3624701998374982,43.90586451480375,1.1236486434936523,1.8203275203704834,-338.2288818359375,-174.34999084472656,0.41962021589279175,2.722109079360962,64726.0859375,1.9445340633392334,406.55377197265625,17.64596176147461,-168.3407850700726,341.50857034551376,0.4144049882888794,0.011837321
14,1,-1.6457685696234965,38.22714250647433,1.196101188659668,1.826481580734253,-207.76087951660156,-269.6200866699219,0.42385852336883545,4.371486663818359,94318.6171875,1.9504237174987793,507.6927490234375,11.477005958557129,-268.78869065255304,213.17376975919368,0.4252098798751831,0.0691042
14,1,-1.0187582140402052,40.43654362963508,1.1551740169525146,1.8150752782821655,65.88096618652344,-323.80767822265625,0.39691978693008423,5.615213871002197,83370.796875,1.889851689338684,429.58740234375,41.14265060424805,-327.89320750314835,-63.229288273224526,0.39604711532592773,0.023048522
14,1,-0.9290788390761655,46.35534424406114,1.165504813194275,1.8883856534957886,384.0238342285156,-159.48472595214844,0.19715476036071777,4.52353048324585,98540.90625,1.8916583061218262,358.9449157714844,42.26179504394531,-158.4600342460395,-380.28447052688966,0.19704440236091614,0.0011206538
14,1,-1.5101149994773102,38.77483329431364,1.0583902597427368,1.804782509803772,-188.52545166015625,-282.51788330078125,0.3552314341068268,2.562187433242798,85432.015625,1.927579641342163,432.9247131347656,13.37501049041748,-281.9264974078873,186.05313262424832,0.3572300672531128,0.13099298
14,1,-1.0738220656294517,49.0439221101773,1.1806596517562866,1.8559601306915283,-363.4403991699219,91.36275482177734,0.3984678387641907,0.6231539845466614,88066.3671875,1.9342886209487915,375.11083984375,31.64726448059082,89.62980704972433,360.66853487564407,0.39949721097946167,0.0015455909
14,1,-0.9399261818075847,45.56793379282804,1.1836941242218018,1.8416138887405396,301.25396728515625,283.72772216796875,0.2783040702342987,3.8801963329315186,79915.765625,1.8491443395614624,321.744140625,36.947349548339844,283.5727423647644,-299.17271447913384,0.2788379490375519,0.0012942792
14,1,-1.261057051339618,39.63328042265015,1.1544160842895508,1.9341752529144287,323.81787109375,62.76698684692383,0.2867726981639862,4.872787952423096,99419.578125,1.9914546012878418,524.4447631835938,28.750221252441406,61.09569798193,-322.33143373254666,0.28629568219184875,0.081000164
14,1,-1.1152834921710901,46.482458259854724,1.1778411865234375,1.8400225639343262,-338.45465087890625,184.91259765625,0.18230846524238586,3.809231758117676,77559.046875,1.917116403579712,390.14801025390625,29.918819427490234,185.05499278513733,339.7852530901362,0.1797654926776886,0.0005042143
14,1,-1.4720167777121542,38.51701283137812,1.099450707435608,1.8176813125610352,192.36672973632812,313.9740295410156,0.35011765360832214,2.5607452392578125,85432.015625,1.9699434041976929,441.411376953125,14.88757038116455,316.530609962717,-195.60284956885528,0.3572300672531128,0.11112863
14,1,-1.0184426347395368,48.076075126922134,1.1709061861038208,1.8173540830612183,-283.0852966308594,287.5456237792969,0.3984944224357605,0.6238012909889221,88066.3671875,1.9042601585388184,353.8265075683594,33.91145706176758,285.283320125681,282.8757051273785,0.39949721097946167,0.0015267645
14,1,-0.8558725022192883,41.472960105793256,1.148550033569336,1.8049705028533936,329.737548828125,79.49560546875,0.375572144985199,0.4769177734851837,77215.7265625,1.88128662109375,387.10003662109375,53.94483947753906,74.39791649111557,-332.4596395362672,0.37684115767478943,0.022071732
14,1,-1.2086273727023968,43.77988150176969,1.036857008934021,1.8160048723220825,-268.7535095214844,185.177734375,0.17589721083641052,4.936068534851074,77014.5234375,1.8049148321151733,311.98809814453125,19.297826766967773,183.86825513088598,268.99809758507774,0.1716582179069519,0.004211087
14,1,-1.4683892781945633,43.76180179881435,1.06155526638031,1.8064543008804321,132.31629943847656,-388.0616760253906,0.5039680600166321,0.9466520547866821,76540.6640625,1.9657561779022217,456.59283447265625,15.528768539428711,-389.07772507599395,-134.43747257607205,0.5055376887321472,0.044057373
14,1,-1.1294662000513793,42.60048998500559,1.0405499935150146,1.8370648622512817,-315.762451171875,-191.5457305908203,0.20872774720191956,5.367391586303711,89524.4296875,1.9096320867538452,356.5791320800781,26.465986251831055,-193.71819808894693,317.68125240521397,0.20866629481315613,0.010916343
14,1,-1.3932856871076598,43.66348524418777,0.9612786769866943,1.810567855834961,120.9948501586914,358.82501220703125,0.4106290638446808,2.7832374572753906,74260.890625,1.840535283088684,348.91180419921875,14.1067476272583,359.7840964610606,-123.60601790193321,0.4075382947921753,0.058498856
14,1,-1.0166292336472145,39.01855516650402,1.01993989944458,1.8021397590637207,-49.587833404541016,-415.90478515625,0.473016619682312,0.2589898109436035,91169.5234375,1.9722486734390259,509.3748474121094,49.02384567260742,-420.31543149410095,48.35329080785249,0.474190890789032,0.33157098
14,1,-0.6359856946284904,36.42691771702946,1.1631252765655518,1.8032366037368774,3.214623212814331,354.3785095214844,0.31384021043777466,2.1178319454193115,89598.6796875,1.8462706804275513,411.3326416015625,95.10580444335938,354.4707218834569,-2.07931492695262,0.3132108151912689,0.106655106
14,1,-1.2524052953506901,38.04786539436126,1.0633436441421509,1.8334009647369385,268.2914123535156,-294.8338317871094,0.23107115924358368,2.4955270290374756,73989.953125,1.861860990524292,389.02691650390625,21.755664825439453,-293.42832418669394,-269.2168322416404,0.23190194368362427,0.11368482
14,1,-1.0040136899635934,33.02095257116276,1.1250962018966675,1.8196907043457031,352.0245056152344,181.34716796875,0.20524035394191742,5.80220890045166,98632.78125,1.9197680950164795,492.8397521972656,48.83049774169922,176.95234187176007,-349.528861948882,0.20770986378192902,0.2861035
14,1,-0.9895143330811439,47.134319746535915,1.1315176486968994,1.8127740621566772,-275.61474609375,-167.4521484375,0.42334437370300293,3.8262040615081787,89444.546875,1.9062962532043457,373.8873291015625,38.302337646484375,-167.12218126435613,278.7240048326638,0.4246537685394287,0.0022908496
14,1,-1.1341355415770635,45.48699193229466,1.1887023448944092,1.8320049047470093,-244.44117736816406,-224.7275848388672,0.20888687670230865,5.368452548980713,89524.4296875,1.9210096597671509,413.7264404296875,30.37919807434082,-226.04119309361766,248.65273959141106,0.20866629481315613,0.0005752482
14,1,-1.3778353242788077,40.24540289694034,1.0839629173278809,1.8217741250991821,104.2911605834961,354.7978210449219,0.4042408764362335,2.7980337142944336,74260.890625,1.8408691883087158,341.03924560546875,14.287820816040039,359.90171512439133,-103.64110663318792,0.4075382947921753,0.08570506
14,1,-1.0559672481303068,41.70680875545816,1.1920576095581055,1.8122267723083496,239.0902557373047,233.9607696533203,0.47363343834877014,0.26312223076820374,91169.5234375,1.962206244468689,479.59210205078125,42.16030502319336,229.4119766682924,-238.98355678587538,0.474190890789032,0.027249066
14,1,-1.7139216062601574,39.76791999966755,1.1835368871688843,1.8263169527053833,88.24079895019531,360.2431335449219,0.2719128727912903,6.08964204788208,65242.48828125,1.8900731801986694,423.82440185546875,8.189531326293945,356.4922797803206,-88.03365859985966,0.2723163366317749,0.009899028
14,1,-1.2615495437460809,39.471502166527586,1.0695372819900513,1.8243541717529297,-131.94912719726562,-311.4662170410156,0.3932160437107086,6.239035606384277,83617.9453125,1.9625897407531738,477.9456787109375,26.171422958374023,-315.1233219081943,131.7381507468306,0.39427393674850464,0.09254515
14,1,-0.9067670278367361,34.16358261661847,0.9861020445823669,1.8734465837478638,-269.126953125,-216.18533325195312,0.22909647226333618,2.5022778511047363,73989.953125,1.8683966398239136,449.1647644042969,55.67213439941406,-215.098358145814,270.6188919744684,0.23190194368362427,0.701895
14,1,-1.0592969317359997,44.00734179798103,1.1760053634643555,1.8597229719161987,249.4574432373047,325.614013671875,0.20884093642234802,5.800438404083252,98632.78125,1.9727730751037598,437.26300048828125,38.1456184387207,322.82458294714263,-247.0318303356037,0.20770986378192902,0.001627738
14,1,-1.01882754482221,46.403373179104314,1.172057867050171,1.8067691326141357,-72.16091918945312,-373.70269775390625,0.4676175117492676,6.215185642242432,84277.4609375,1.9383831024169922,391.84210205078125,37.521690368652344,-381.38439497362333,69.96389691603477,0.4658593535423279,0.0018797708
14,1,-1.2444894183990478,46.967668680092466,1.1698462963104248,1.822571039199829,346.75836181640625,-206.70834350585938,0.2851155698299408,5.417998790740967,84063.4375,1.8453141450881958,325.8184814453125,18.55598258972168,-208.8216777686757,-343.8505761965761,0.2852400243282318,0.00060400803
14,1,-0.8790282740419454,35.507866687146766,1.0802680253982544,1.8971153497695923,295.6748352050781,259.0060729980469,0.23390841484069824,3.933337688446045,91219.7734375,1.9277788400650024,474.85882568359375,62.738704681396484,261.2884683644612,-292.65588496823545,0.23611703515052795,0.41393176
14,1,-0.8964424311758787,42.263582572482576,1.053076982498169,1.8178348541259766,-316.2693176269531,-267.97418212890625,0.37475311756134033,2.1339316368103027,97861.96875,1.8654959201812744,332.9428405761719,42.259681701660156,-267.1195508197892,313.477085786524,0.378618061542511,0.040448055
14,1,-1.315063404537526,49.72509312654427,1.1744098663330078,1.8254104852676392,245.3572540283203,251.35519409179688,0.28381216526031494,2.6740434169769287,77631.421875,1.8609497547149658,336.2220153808594,16.276464462280273,253.5517970657032,-247.38270717724652,0.27711009979248047,0.00032891432
14,1,-1.2258018148146612,42.726327951570454,1.1642265319824219,1.8359274864196777,91.49012756347656,323.82305908203125,0.27274060249328613,5.602380752563477,93342.046875,1.928024172782898,419.3884582519531,24.935203552246094,320.9752207296599,-90.03855617364259,0.2704761326313019,0.003805991
14,1,-1.4516366104305978,42.08733638825696,1.151763677597046,1.8734197616577148,-329.6458435058594,-29.739704132080078,0.17587055265903473,4.932278156280518,71851.5,1.8406791687011719,361.2966003417969,12.77096939086914,-32.92661974362344,332.09346577168424,0.17457927763462067,0.0052386057
14,1,-1.3626228468873232,45.574871919961616,1.1735626459121704,1.8098424673080444,-34.70812225341797,-330.4727783203125,0.35619601607322693,0.11561940610408783,76170.71875,1.9057486057281494,372.4419860839844,16.159692764282227,-335.10481369391596,32.650427010464135,0.3541782796382904,0.002880277
14,1,-1.0535067778938052,34.89499644819013,1.1674612760543823,1.8482097387313843,287.7498474121094,278.30023193359375,0.26955968141555786,5.1004509925842285,80210.9765625,1.8332412242889404,421.63726806640625,37.27614974975586,276.5709527700942,-283.50657953052075,0.2695694863796234,0.19022726
14,1,-1.0390906027022766,44.17535550170428,1.1915936470031738,1.7981035709381104,347.7431335449219,-216.9191436767578,0.4197241961956024,2.1524739265441895,84978.0234375,1.8819100856781006,350.7120056152344,32.05226135253906,-217.55901919615275,-354.62696394181825,0.41504234075546265,0.004035727
14,1,-1.5214002766212604,35.642277301287905,1.1373060941696167,1.8153356313705444,224.85618591308594,353.4440002441406,0.5052381157875061,5.705686569213867,78864.5859375,1.860105276107788,396.1046447753906,11.923562049865723,348.61329839693434,-222.5150640380788,0.5055664777755737,0.3809502
14,1,-1.2857103955500104,40.084386850778934,1.0724029541015625,1.820702314376831,55.533355712890625,-388.7535400390625,0.36619463562965393,4.812055587768555,81108.96875,1.8528892993927002,371.94842529296875,19.265047073364258,-389.68412059751967,-54.98903468983765,0.3685605227947235,0.064382724
14,1,-1.380694223395262,32.61501102607825,1.1107147932052612,1.8713467121124268,218.86219787597656,303.76312255859375,0.21718670427799225,1.1208285093307495,88927.1953125,1.9037892818450928,484.2463684082031,20.15440559387207,301.0409664660906,-220.89771604154018,0.21418628096580505,0.63371605
14,1,-0.90280159131566,46.70827804224239,1.1657391786575317,1.8272372484207153,274.6189270019531,-272.6300048828125,0.27945616841316223,6.080589771270752,94851.765625,1.878150224685669,374.06231689453125,46.78874969482422,-273.53165590183147,-274.6949708787177,0.2785467207431793,0.000659241
14,1,-1.5989510879968494,37.365372618194776,0.9963148832321167,1.8203092813491821,-346.26409912109375,57.691810607910156,0.21664080023765564,1.1443170309066772,88927.1953125,1.8534724712371826,366.5781555175781,9.230193138122559,56.889742684113344,344.4947453484016,0.21418628096580505,0.24764176
14,1,-1.1764126587097192,38.01582469354913,1.1212726831436157,1.8197898864746094,-379.53631591796875,155.71376037597656,0.3901953101158142,2.438629627227783,85837.2890625,1.8828580379486084,426.3892822265625,28.404823303222656,158.1875387051805,378.89252137638215,0.3917110860347748,0.14763445
14,1,-1.020251671071647,46.018836959711145,1.1235089302062988,1.8136402368545532,95.29955291748047,-325.67236328125,0.2507142126560211,2.2556426525115967,99007.7265625,1.8566009998321533,339.7375183105469,32.425785064697266,-324.456450559755,-97.77984798581635,0.2477598786354065,0.0015227696
14,1,-1.5652501607301281,41.529886038509375,1.1101008653640747,1.846742033958435,-296.061767578125,211.70977783203125,0.45424896478652954,5.00309944152832,88050.140625,1.995073914527893,497.5709228515625,13.539468765258789,207.4957603062771,301.3524039276288,0.4505182206630707,0.053951286
14,1,-1.2727336264913398,39.515040436161875,1.1696447134017944,1.9015976190567017,-360.0987548828125,145.49717712402344,0.2063813954591751,2.1413838863372803,96984.3125,1.9888923168182373,526.4490966796875,28.094493865966797,145.58929422670482,357.98948007496614,0.20301353931427002,0.038469333
14,1,-1.3819599744041928,41.8990004244962,1.07679283618927,1.9110878705978394,297.8931884765625,-184.11972045898438,0.4682352840900421,2.1941795349121094,93385.03125,2.0329880714416504,543.7473754882812,22.56499671936035,-180.77488744790062,-300.6700647167332,0.46873828768730164,0.18019487
14,1,-1.1325038396345026,47.65761889710909,1.1832420825958252,1.826525092124939,145.01748657226562,-300.94537353515625,0.4743092954158783,1.691437005996704,98548.09375,1.9318337440490723,385.55670166015625,28.41730499267578,-299.0656875092916,-151.50352494321638,0.4736455976963043,0.002424723
14,1,-1.2058096680652788,33.05664255815479,1.1045200824737549,1.8558660745620728,-273.4417419433594,-223.37855529785156,0.4752488136291504,1.7660728693008423,96089.5234375,1.9880280494689941,614.8930053710938,38.2814826965332,-222.86057048597146,270.3629235666965,0.47676777839660645,0.781621
14,1,-1.31017453336482,38.58802212014764,1.188628911972046,1.829425573348999,270.4628601074219,-192.55555725097656,0.22393426299095154,1.6112362146377563,92359.8828125,1.8773707151412964,426.61114501953125,20.886014938354492,-194.186686850004,-271.1348041031317,0.22362180054187775,0.021981014
14,1,-0.9289675445360971,45.65868048611093,1.1229060888290405,1.805741548538208,310.6362609863281,-234.6459197998047,0.3356655538082123,6.2032470703125,99756.828125,1.8495181798934937,354.4169616699219,41.73937225341797,-237.0679455440313,-309.78825625474326,0.33952969312667847,0.001721036
14,1,-1.3872303640712547,42.6504669702829,1.1823655366897583,1.8801865577697754,-2.7758989334106445,-363.2894287109375,0.504356861114502,0.7866149544715881,92668.5625,1.9467278718948364,470.030029296875,19.27050018310547,-367.36618131600295,-1.3382584160567816,0.5016927719116211,0.05212353
14,1,-1.0284695872712182,35.39236661318364,1.093371033668518,1.8525753021240234,-179.23826599121094,-358.7742614746094,0.2676692306995392,2.6103479862213135,79133.265625,1.8488943576812744,417.676025390625,39.1172981262207,-358.03608258839813,179.02589958527236,0.27309414744377136,0.35839948
14,1,-0.908119707400142,45.4753626702323,1.1076418161392212,1.8638664484024048,-319.2297668457031,-186.78457641601562,0.32764536142349243,4.206328392028809,83245.28125,1.9298505783081055,380.37213134765625,46.998939514160156,-185.84561207997635,322.38468303905535,0.3281269967556,0.005526803
14,1,-1.1107122772912108,31.887094046061364,1.1947262287139893,1.8244867324829102,335.344970703125,-211.11863708496094,0.3105640709400177,1.3593950271606445,94949.1953125,1.86237370967865,523.0680541992188,40.53636932373047,-212.33953598335498,-340.6821733213121,0.309673547744751,0.5333083
14,1,-0.6145841814910092,32.72023425436068,0.8998247385025024,2.0259933471679688,-312.981689453125,259.8868713378906,0.3179161250591278,2.4934632778167725,777851.0625,2.1640968322753906,830.289794921875,201.67185974121094,261.6354990216083,310.9215025463953,0.3200484812259674,0.9121548
14,1,-0.7246131528000621,27.630926548189507,0.8301868438720703,1.8082455396652222,377.19195556640625,158.9144744873047,0.4462713301181793,2.5547053813934326,726384.3125,1.934902310371399,542.0377197265625,102.1917724609375,163.41771277519746,-380.57742872403486,0.4436696469783783,0.92724365
